1,1,0
2,0,0
3,0,0
4,2,0
5,0,0
6,2,0
7,1,0
8,3,0
9,5,0
10,2,1
11,4,0
12,2,0
13,3,0
14,7,1
15,7,0
16,2,0
17,5,0
18,9,1
19,8,0
20,15,1
21,21,2
22,21,0
23,22,2
24,29,2
25,33,3
26,41,4
27,45,3
28,37,3
29,50,7
30,76,6
31,103,4
32,133,4
33,197,9
34,242,7
35,290,9
36,374,10
37,387,16
38,468,22
39,588,22
40,722,33
41,822,46
42,1066,53
43,1249,57
44,1586,77
45,1922,90
46,2260,100
47,2548,136
48,3272,161
49,3908,211
50,4734,225
51,5624,258
52,6676,344
53,8069,371
54,9843,478
55,11628,604
56,13705,698
57,16347,801
58,19420,1024
59,23146,1234
60,27641,1453
61,32906,1703
62,39681,2104
63,46541,2501
64,52072,2786
65,51129,3008
66,43057,2769
67,32048,2282
68,21248,1777
69,13129,1310
70,7349,941
71,3823,573
72,1965,362
73,926,205
74,435,115
75,187,83
76,106,41
77,28,15
78,18,7
79,5,5
80,3,4
81,0,1
82,1,0
83,0,0
84,0,0
85,0,0
86,0,0
87,0,0
88,0,0
89,0,0
90,0,0
91,0,0
