1,1,0
2,0,0
3,0,0
4,0,0
5,0,0
6,1,0
7,0,0
8,1,0
9,1,0
10,2,0
11,1,0
12,1,0
13,3,0
14,0,0
15,0,0
16,1,0
17,0,0
18,0,0
19,1,0
20,1,1
21,0,0
22,1,0
23,0,0
24,0,0
25,8,0
26,11,0
27,10,0
28,5,0
29,16,0
30,24,1
31,36,1
32,40,1
33,53,3
34,64,2
35,69,2
36,115,0
37,190,2
38,201,4
39,255,11
40,302,14
41,340,18
42,373,15
43,484,25
44,603,38
45,725,35
46,781,49
47,1054,56
48,1316,72
49,1535,83
50,1793,88
51,2247,125
52,2662,137
53,3222,169
54,3779,187
55,4635,227
56,5398,294
57,6385,356
58,7755,414
59,9271,478
60,10983,534
61,13587,730
62,16047,881
63,19333,979
64,22981,1140
65,27359,1434
66,32770,1695
67,39374,1957
68,46273,2430
69,51907,2827
70,51918,2942
71,44141,2834
72,33735,2423
73,22357,1892
74,13612,1329
75,7955,917
76,4210,559
77,2051,379
78,1025,215
79,510,119
80,221,89
81,105,46
82,50,17
83,30,10
84,10,8
85,1,2
86,4,0
87,0,0
88,0,0
89,0,0
90,1,0
91,0,0
