1,1,0
2,0,0
3,2,0
4,1,0
5,3,0
6,2,0
7,9,0
8,5,0
9,5,0
10,5,1
11,9,1
12,12,0
13,11,1
14,32,1
15,28,0
16,38,1
17,47,2
18,52,1
19,69,2
20,99,2
21,102,1
22,121,6
23,162,10
24,152,12
25,222,11
26,265,17
27,267,12
28,309,20
29,418,24
30,460,27
31,522,39
32,631,28
33,785,44
34,998,34
35,1247,53
36,1427,59
37,1685,102
38,1977,122
39,2428,116
40,2894,153
41,3486,160
42,4166,225
43,4918,233
44,6109,296
45,7334,380
46,8715,406
47,10527,531
48,12601,577
49,14646,787
50,17738,911
51,21383,1086
52,24948,1317
53,30324,1625
54,36042,1857
55,43393,2191
56,50101,2646
57,52660,2756
58,48651,2884
59,38158,2620
60,26719,2129
61,17102,1531
62,9963,1056
63,5574,695
64,2738,416
65,1383,276
66,680,174
67,283,81
68,139,55
69,52,20
70,24,13
71,9,7
72,3,5
73,2,4
74,3,1
75,0,1
76,0,0
77,0,0
78,0,0
79,0,0
80,0,0
81,0,0
82,0,0
83,0,0
84,0,0
85,0,0
86,0,0
87,0,0
88,0,0
89,0,0
90,0,0
91,0,0
