1,1,0
2,0,0
3,0,0
4,0,0
5,1,0
6,0,0
7,1,0
8,1,0
9,4,0
10,2,0
11,1,0
12,4,0
13,6,0
14,3,0
15,3,0
16,9,0
17,11,0
18,20,0
19,19,1
20,16,0
21,16,5
22,23,0
23,22,0
24,30,1
25,14,3
26,28,2
27,32,2
28,36,3
29,42,5
30,55,1
31,46,5
32,82,3
33,121,3
34,127,6
35,147,9
36,160,14
37,152,17
38,212,18
39,225,12
40,263,21
41,330,11
42,432,36
43,470,26
44,576,32
45,693,35
46,807,50
47,948,52
48,1142,58
49,1318,67
50,1610,86
51,1930,111
52,2416,101
53,2864,150
54,3448,164
55,3907,211
56,4880,246
57,5805,303
58,7010,361
59,8321,415
60,9894,500
61,11823,597
62,14266,742
63,17077,882
64,20217,1071
65,24409,1206
66,28861,1539
67,34718,1767
68,41302,2168
69,48864,2511
70,52697,2867
71,49319,2979
72,40232,2691
73,28770,2189
74,18556,1699
75,10898,1185
76,6059,776
77,3135,500
78,1565,297
79,796,166
80,353,105
81,154,45
82,64,32
83,26,20
84,16,7
85,5,1
86,2,1
87,0,0
88,0,0
89,0,0
90,0,1
91,0,0
