1,1,0
2,0,0
3,0,0
4,3,0
5,2,0
6,2,1
7,3,0
8,4,0
9,4,0
10,5,0
11,13,0
12,5,1
13,8,0
14,11,0
15,8,0
16,17,0
17,20,1
18,21,1
19,27,1
20,23,1
21,36,3
22,31,3
23,38,6
24,51,1
25,57,6
26,81,4
27,76,8
28,72,5
29,89,2
30,120,14
31,130,7
32,159,16
33,181,17
34,239,12
35,259,17
36,354,21
37,438,17
38,570,18
39,685,28
40,887,33
41,977,28
42,1239,55
43,1437,62
44,1790,93
45,2015,111
46,2592,144
47,2880,119
48,3514,202
49,4222,213
50,5131,271
51,6004,336
52,7288,402
53,8673,434
54,10409,539
55,12501,679
56,15136,721
57,17824,940
58,21742,1083
59,25670,1341
60,30814,1612
61,36634,1927
62,43807,2348
63,50965,2628
64,52602,2922
65,47771,2798
66,37421,2581
67,25802,1999
68,16184,1498
69,9531,1067
70,5165,670
71,2677,435
72,1260,291
73,627,135
74,309,84
75,111,46
76,52,31
77,23,14
78,5,7
79,2,3
80,4,3
81,1,1
82,0,0
83,0,0
84,0,0
85,0,0
86,0,0
87,0,0
88,0,0
89,0,0
90,0,0
91,0,0
