1,1,0
2,0,0
3,1,0
4,4,0
5,3,0
6,5,0
7,7,1
8,10,0
9,13,0
10,33,0
11,34,1
12,41,0
13,49,1
14,50,3
15,86,0
16,104,4
17,101,5
18,123,5
19,124,9
20,166,8
21,206,13
22,203,6
23,245,10
24,314,14
25,392,24
26,494,25
27,596,32
28,679,34
29,778,49
30,934,48
31,1197,63
32,1460,78
33,1696,112
34,2092,120
35,2415,107
36,2910,148
37,3469,179
38,4068,227
39,5106,268
40,6040,305
41,7133,389
42,8430,428
43,10066,535
44,12112,644
45,14289,782
46,17401,890
47,20680,1092
48,24681,1290
49,29639,1510
50,35382,1813
51,41665,2253
52,48788,2630
53,51669,2812
54,48635,2836
55,38997,2649
56,27510,2150
57,17636,1605
58,10666,1114
59,5748,672
60,3023,474
61,1477,249
62,676,155
63,317,95
64,147,55
65,55,30
66,25,14
67,16,6
68,2,0
69,2,3
70,0,2
71,0,0
72,0,0
73,0,0
74,0,1
75,0,0
76,0,0
77,0,0
78,0,0
79,0,0
80,0,0
81,0,0
82,0,0
83,0,0
84,0,0
85,0,0
86,0,0
87,0,0
88,0,0
89,0,0
90,0,0
91,0,0
