1,1,0
2,0,0
3,0,0
4,1,0
5,1,0
6,5,0
7,3,0
8,3,1
9,5,0
10,4,0
11,4,0
12,7,0
13,3,1
14,5,1
15,7,0
16,18,0
17,17,0
18,15,0
19,24,0
20,23,1
21,32,4
22,38,4
23,50,3
24,65,3
25,83,3
26,75,2
27,84,4
28,110,7
29,133,9
30,173,10
31,206,10
32,250,13
33,331,13
34,411,26
35,559,23
36,623,28
37,739,42
38,973,44
39,1064,65
40,1242,67
41,1637,85
42,1907,104
43,2180,93
44,2711,146
45,3091,163
46,3622,193
47,4244,243
48,5091,300
49,5874,345
50,7325,389
51,8685,448
52,10433,536
53,12633,619
54,14758,725
55,17802,890
56,21372,1104
57,25251,1301
58,30026,1605
59,36235,1901
60,43642,2302
61,49881,2659
62,51944,2806
63,47076,2745
64,37094,2478
65,25569,2016
66,16341,1484
67,9424,1050
68,5059,661
69,2600,423
70,1301,255
71,615,143
72,272,94
73,135,52
74,50,27
75,28,10
76,4,3
77,3,2
78,0,2
79,0,0
80,0,0
81,0,0
82,0,0
83,0,0
84,0,0
85,0,0
86,0,0
87,0,0
88,0,0
89,0,0
90,0,0
91,0,0
