1,1,0
2,0,0
3,0,0
4,1,0
5,3,0
6,3,0
7,4,0
8,8,0
9,3,0
10,9,0
11,18,1
12,14,1
13,11,0
14,11,2
15,10,2
16,14,0
17,16,1
18,17,0
19,28,3
20,23,2
21,43,1
22,40,2
23,58,1
24,65,2
25,68,3
26,76,5
27,93,4
28,117,7
29,159,6
30,198,13
31,267,9
32,330,12
33,398,15
34,435,25
35,507,19
36,612,22
37,738,34
38,960,46
39,1047,70
40,1297,62
41,1608,87
42,1934,108
43,2233,118
44,2764,126
45,3248,185
46,3881,181
47,4614,221
48,5410,281
49,6437,342
50,8085,398
51,9463,478
52,11929,600
53,13800,687
54,16397,834
55,19678,1000
56,23496,1152
57,28108,1524
58,33460,1677
59,40181,2094
60,47699,2481
61,53129,2847
62,52550,2916
63,44226,2752
64,32761,2334
65,22069,1823
66,13613,1304
67,7679,909
68,4069,607
69,2015,359
70,976,208
71,440,126
72,221,60
73,98,33
74,40,19
75,14,8
76,9,3
77,1,1
78,0,2
79,1,1
80,1,1
81,0,0
82,0,0
83,0,0
84,0,0
85,0,0
86,0,0
87,0,0
88,0,0
89,0,0
90,0,0
91,0,0
