1,1,0
2,0,0
3,0,0
4,2,0
5,3,0
6,0,1
7,3,0
8,4,0
9,4,0
10,1,0
11,5,0
12,12,0
13,10,1
14,29,1
15,18,0
16,30,0
17,42,2
18,51,2
19,78,3
20,76,4
21,87,0
22,129,5
23,125,4
24,140,4
25,188,12
26,199,12
27,242,13
28,271,12
29,317,20
30,370,23
31,425,20
32,550,32
33,700,35
34,852,35
35,1007,43
36,1154,56
37,1436,53
38,1788,79
39,2138,110
40,2544,138
41,3126,145
42,3490,185
43,4361,223
44,5264,234
45,6280,319
46,7718,395
47,9069,471
48,11151,542
49,13070,659
50,15839,777
51,19117,953
52,23098,1193
53,27826,1271
54,32810,1756
55,39148,2017
56,46752,2435
57,52799,2812
58,52376,2930
59,45527,2697
60,33946,2467
61,22851,1944
62,13977,1434
63,7986,956
64,4234,614
65,2149,375
66,1100,233
67,463,121
68,206,68
69,86,40
70,40,28
71,18,8
72,9,3
73,4,2
74,2,1
75,0,0
76,2,0
77,1,0
78,0,0
79,0,0
80,0,0
81,0,0
82,0,0
83,0,0
84,0,0
85,0,0
86,0,0
87,0,0
88,0,0
89,0,0
90,0,0
91,0,0
