1,1,0
2,0,0
3,0,0
4,0,0
5,1,0
6,1,0
7,1,0
8,3,0
9,0,0
10,4,0
11,1,0
12,0,0
13,3,0
14,1,0
15,1,1
16,2,0
17,2,0
18,2,1
19,5,0
20,1,0
21,10,0
22,3,0
23,5,0
24,5,1
25,7,0
26,14,1
27,20,0
28,22,0
29,24,0
30,20,1
31,33,3
32,39,0
33,47,0
34,75,3
35,60,3
36,85,2
37,116,5
38,120,6
39,137,10
40,200,8
41,227,10
42,254,12
43,311,14
44,400,19
45,473,21
46,502,31
47,642,30
48,675,35
49,870,44
50,975,57
51,1229,56
52,1557,77
53,1824,106
54,2201,117
55,2645,133
56,3273,156
57,3932,186
58,4646,219
59,5514,269
60,6733,321
61,7837,448
62,9423,474
63,11274,554
64,13527,720
65,15963,818
66,19119,974
67,23044,1189
68,27289,1457
69,32652,1678
70,39063,1978
71,46079,2406
72,51151,2802
73,50707,2884
74,43255,2707
75,32238,2339
76,21252,1775
77,12990,1354
78,7294,914
79,4028,596
80,1952,355
81,944,218
82,423,119
83,208,66
84,86,46
85,43,12
86,23,11
87,7,3
88,1,5
89,2,1
90,2,3
91,0,0
