1,1,0
2,0,0
3,0,0
4,0,0
5,0,0
6,6,0
7,5,0
8,5,0
9,8,0
10,2,0
11,3,0
12,5,0
13,3,0
14,5,0
15,9,2
16,7,3
17,9,0
18,10,0
19,18,0
20,22,0
21,28,1
22,42,1
23,49,1
24,66,0
25,76,3
26,85,3
27,93,5
28,134,7
29,107,4
30,142,6
31,183,13
32,180,10
33,237,12
34,327,14
35,384,16
36,502,18
37,545,19
38,657,29
39,800,31
40,1002,48
41,1170,73
42,1419,62
43,1711,74
44,1986,105
45,2234,104
46,2713,149
47,3171,167
48,3840,184
49,4533,243
50,5366,291
51,6448,375
52,7895,405
53,9367,494
54,11415,575
55,13568,757
56,16256,792
57,19857,1028
58,23221,1181
59,27940,1477
60,33581,1728
61,40458,2078
62,48012,2435
63,52808,2827
64,50624,2927
65,42923,2774
66,31379,2224
67,20802,1800
68,12503,1226
69,6995,819
70,3781,561
71,1894,325
72,920,208
73,413,118
74,184,63
75,81,34
76,47,19
77,13,8
78,6,5
79,1,4
80,0,0
81,0,1
82,0,0
83,0,0
84,0,0
85,0,0
86,0,0
87,0,0
88,0,0
89,0,0
90,0,0
91,0,0
92,0,0
93,0,0
94,0,0
95,0,0
96,0,0
97,0,0
98,0,0
99,0,0
100,0,0
101,0,0
102,0,0
103,0,0
104,0,0
105,0,0
106,0,0
107,0,0
108,0,0
109,0,0
110,0,0
111,0,0
112,0,0
113,0,0
114,0,0
115,0,0
116,0,0
117,0,0
118,0,0
119,0,0
120,0,0
121,0,0
122,0,0
123,0,0
124,0,0
125,0,0
126,0,0
127,0,0
128,0,0
129,0,0
130,0,0
131,0,0
132,0,0
