1,1,0
2,0,0
3,0,0
4,1,0
5,0,0
6,1,0
7,0,0
8,0,0
9,0,0
10,0,0
11,1,0
12,1,0
13,0,0
14,2,0
15,1,0
16,2,0
17,3,1
18,1,0
19,0,2
20,1,0
21,0,0
22,0,0
23,0,0
24,0,0
25,5,0
26,2,0
27,0,0
28,0,2
29,3,0
30,1,0
31,1,0
32,5,0
33,19,0
34,16,0
35,13,0
36,16,0
37,37,0
38,25,0
39,61,2
40,62,2
41,77,4
42,67,4
43,86,2
44,90,7
45,128,6
46,152,10
47,179,6
48,178,15
49,241,16
50,315,14
51,423,10
52,445,29
53,564,24
54,630,33
55,782,39
56,919,49
57,1108,55
58,1337,64
59,1488,69
60,1783,102
61,2054,140
62,2562,133
63,2932,158
64,3478,194
65,4251,230
66,5052,253
67,5861,330
68,7083,382
69,8398,459
70,9960,554
71,12052,618
72,14353,715
73,17270,855
74,20601,1141
75,24673,1257
76,29591,1561
77,35316,1882
78,42148,2236
79,49620,2531
80,53727,2768
81,49615,2982
82,39686,2548
83,28078,2131
84,18016,1600
85,10586,1068
86,5768,806
87,3011,480
88,1455,278
89,735,162
90,332,84
91,155,59
92,58,22
93,44,11
94,14,8
95,3,4
96,2,3
97,0,0
98,0,1
99,0,1
100,0,0
101,0,0
102,0,0
103,0,0
104,0,0
105,0,0
106,0,0
107,0,0
108,0,0
109,0,0
110,0,0
111,0,0
112,0,0
113,0,0
114,0,0
115,0,0
116,0,0
117,0,0
118,0,0
119,0,0
120,0,0
121,0,0
122,0,0
123,0,0
124,0,0
125,0,0
126,0,0
127,0,0
128,0,0
129,0,0
130,0,0
131,0,0
132,0,0
