1,1,0
2,0,0
3,0,0
4,1,0
5,0,0
6,1,0
7,2,0
8,1,0
9,1,0
10,1,0
11,0,1
12,1,0
13,0,0
14,0,0
15,0,0
16,0,0
17,0,0
18,1,1
19,1,0
20,0,0
21,0,0
22,0,0
23,1,0
24,0,0
25,1,0
26,0,0
27,1,0
28,2,0
29,5,0
30,6,0
31,1,0
32,5,0
33,8,1
34,7,0
35,11,0
36,4,3
37,10,1
38,12,1
39,24,1
40,21,0
41,24,2
42,21,1
43,34,0
44,41,3
45,42,6
46,48,1
47,43,2
48,64,7
49,73,1
50,86,12
51,95,7
52,127,10
53,119,5
54,163,8
55,186,11
56,212,15
57,301,12
58,273,12
59,353,15
60,411,20
61,430,29
62,524,37
63,732,42
64,853,37
65,995,60
66,1105,63
67,1411,61
68,1628,86
69,2026,114
70,2334,134
71,2805,115
72,3208,166
73,4026,204
74,4717,270
75,5675,317
76,6667,324
77,8136,434
78,9542,478
79,11569,611
80,13490,696
81,16406,868
82,19441,991
83,22898,1232
84,27426,1416
85,32701,1827
86,39206,2104
87,46482,2473
88,51122,2779
89,49777,2762
90,41564,2752
91,30637,2148
92,20338,1720
93,12332,1261
94,6881,855
95,3625,532
96,1791,327
97,847,175
98,400,96
99,167,65
100,83,26
101,39,15
102,17,14
103,12,2
104,3,2
105,0,1
106,0,1
107,0,0
108,0,0
109,0,0
110,0,0
111,0,0
112,0,0
113,0,0
114,0,0
115,0,0
116,0,0
117,0,0
118,0,0
119,0,0
120,0,0
121,0,0
122,0,0
123,0,0
124,0,0
125,0,0
126,0,0
127,0,0
128,0,0
129,0,0
130,0,0
131,0,0
132,0,0
