1,1,0
2,0,0
3,1,0
4,1,0
5,2,0
6,1,0
7,4,0
8,1,0
9,3,0
10,0,0
11,2,0
12,3,0
13,2,0
14,4,0
15,1,2
16,4,0
17,3,0
18,2,0
19,3,0
20,8,2
21,5,0
22,3,1
23,7,0
24,7,1
25,3,0
26,5,5
27,1,1
28,5,1
29,2,0
30,1,1
31,2,0
32,3,0
33,0,0
34,2,0
35,4,1
36,9,0
37,4,0
38,10,0
39,12,0
40,17,2
41,11,0
42,9,1
43,18,1
44,19,4
45,21,2
46,28,2
47,27,7
48,41,1
49,46,2
50,60,0
51,64,0
52,80,2
53,96,8
54,115,6
55,152,9
56,165,4
57,209,9
58,236,16
59,277,13
60,337,13
61,432,31
62,471,27
63,620,27
64,763,39
65,902,32
66,1128,40
67,1243,67
68,1412,72
69,1659,93
70,2036,111
71,2391,140
72,2906,150
73,3472,174
74,4148,199
75,5075,263
76,6067,295
77,7207,384
78,8540,422
79,10363,567
80,12473,647
81,15258,772
82,17955,906
83,21623,1116
84,25689,1299
85,30501,1598
86,36655,1831
87,43247,2227
88,49793,2614
89,52124,2877
90,46805,2908
91,37017,2544
92,25475,2030
93,16196,1455
94,9441,1027
95,5220,731
96,2652,401
97,1368,263
98,620,142
99,263,93
100,122,40
101,53,33
102,28,15
103,8,5
104,7,3
105,2,1
106,0,1
107,1,1
108,0,0
109,0,0
110,0,0
111,0,0
112,0,0
113,0,0
114,0,0
115,0,0
116,0,0
117,0,0
118,0,0
119,0,0
120,0,0
121,0,0
122,0,0
123,0,0
124,0,0
125,0,0
126,0,0
127,0,0
128,0,0
129,0,0
130,0,0
131,0,0
132,0,0
