1,1,0
2,0,0
3,0,0
4,0,0
5,1,0
6,0,0
7,0,0
8,1,0
9,1,0
10,0,0
11,1,0
12,3,0
13,2,0
14,2,0
15,7,0
16,7,0
17,13,0
18,14,0
19,17,0
20,23,0
21,53,0
22,60,2
23,83,1
24,86,2
25,108,0
26,120,5
27,143,7
28,161,9
29,197,8
30,214,12
31,272,16
32,312,14
33,406,26
34,457,21
35,509,24
36,681,23
37,869,27
38,1033,41
39,1202,56
40,1393,86
41,1709,98
42,2070,98
43,2628,94
44,3090,164
45,3603,170
46,4385,211
47,5034,254
48,6042,319
49,7303,396
50,8662,470
51,10361,538
52,12381,655
53,15017,805
54,18017,933
55,21502,1115
56,25677,1358
57,30784,1557
58,36629,1903
59,44103,2243
60,50733,2764
61,52559,2825
62,47403,2916
63,37269,2546
64,25395,2059
65,16217,1539
66,9366,1094
67,5070,655
68,2641,451
69,1301,240
70,658,140
71,259,72
72,134,30
73,45,31
74,21,12
75,10,10
76,3,5
77,1,3
78,0,0
79,1,1
80,0,0
81,0,0
82,0,0
83,0,0
84,0,0
85,0,0
86,0,0
87,0,0
88,0,0
89,0,0
90,0,0
91,0,0
92,0,0
93,0,0
94,0,0
95,0,0
96,0,0
97,0,0
98,0,0
99,0,0
100,0,0
101,0,0
102,0,0
103,0,0
104,0,0
105,0,0
106,0,0
107,0,0
108,0,0
109,0,0
110,0,0
111,0,0
112,0,0
113,0,0
114,0,0
115,0,0
116,0,0
117,0,0
118,0,0
119,0,0
120,0,0
121,0,0
122,0,0
123,0,0
124,0,0
125,0,0
126,0,0
127,0,0
128,0,0
129,0,0
130,0,0
131,0,0
132,0,0
