1,1,0
2,0,0
3,0,0
4,6,0
5,10,0
6,10,0
7,17,0
8,18,1
9,32,1
10,33,0
11,41,3
12,48,3
13,59,4
14,49,1
15,87,1
16,103,8
17,101,7
18,143,6
19,159,9
20,187,12
21,244,14
22,282,15
23,296,18
24,386,21
25,489,26
26,556,26
27,641,35
28,770,49
29,1062,48
30,1236,58
31,1448,67
32,1763,92
33,2087,108
34,2546,106
35,3007,152
36,3453,194
37,4090,223
38,4929,250
39,6102,312
40,7247,365
41,8739,397
42,10356,496
43,12345,622
44,14841,702
45,17605,928
46,21154,1050
47,25716,1299
48,30955,1574
49,36626,1838
50,44182,2183
51,51559,2641
52,54079,2936
53,49175,2949
54,39102,2636
55,27444,2076
56,17304,1591
57,10096,1134
58,5613,747
59,2933,469
60,1469,271
61,715,152
62,313,72
63,125,56
64,74,26
65,31,19
66,8,9
67,7,6
68,0,1
69,0,0
70,0,0
71,0,1
72,0,1
73,0,0
74,0,0
75,0,0
76,0,0
77,0,0
78,0,0
79,0,0
80,0,0
81,0,0
82,0,0
83,0,0
84,0,0
85,0,0
86,0,0
87,0,0
88,0,0
89,0,0
90,0,0
91,0,0
92,0,0
93,0,0
94,0,0
95,0,0
96,0,0
97,0,0
98,0,0
99,0,0
100,0,0
101,0,0
102,0,0
103,0,0
104,0,0
105,0,0
106,0,0
107,0,0
108,0,0
109,0,0
110,0,0
111,0,0
112,0,0
113,0,0
114,0,0
115,0,0
116,0,0
117,0,0
118,0,0
119,0,0
120,0,0
121,0,0
122,0,0
123,0,0
124,0,0
125,0,0
126,0,0
127,0,0
128,0,0
129,0,0
130,0,0
131,0,0
132,0,0
