1,1,0
2,0,0
3,0,0
4,1,0
5,3,0
6,4,0
7,1,0
8,1,0
9,0,0
10,1,0
11,5,1
12,3,0
13,7,0
14,6,0
15,22,0
16,26,0
17,34,0
18,39,0
19,42,1
20,62,2
21,91,1
22,106,2
23,137,2
24,146,7
25,195,13
26,215,7
27,221,15
28,328,18
29,415,23
30,449,28
31,519,35
32,648,39
33,799,45
34,961,41
35,1179,51
36,1368,69
37,1628,84
38,1944,91
39,2261,114
40,2679,130
41,3415,178
42,4083,210
43,4846,255
44,5614,287
45,6911,353
46,8221,410
47,9775,507
48,11719,680
49,14176,722
50,16978,825
51,19961,1051
52,23976,1227
53,28653,1466
54,34179,1740
55,40955,2099
56,48005,2569
57,52115,2915
58,49871,2857
59,41347,2584
60,29890,2235
61,19483,1824
62,11656,1158
63,6597,830
64,3425,543
65,1718,309
66,812,174
67,395,112
68,173,53
69,60,36
70,34,13
71,15,11
72,4,4
73,2,0
74,0,2
75,1,0
76,0,1
77,0,0
78,1,0
79,0,0
80,0,0
81,0,0
82,0,0
83,0,0
84,0,0
85,0,0
86,0,0
87,0,0
88,0,0
89,0,0
90,0,0
91,0,0
92,0,0
93,0,0
94,0,0
95,0,0
96,0,0
97,0,0
98,0,0
99,0,0
100,0,0
101,0,0
102,0,0
103,0,0
104,0,0
105,0,0
106,0,0
107,0,0
108,0,0
109,0,0
110,0,0
111,0,0
112,0,0
113,0,0
114,0,0
115,0,0
116,0,0
117,0,0
118,0,0
119,0,0
120,0,0
121,0,0
122,0,0
123,0,0
124,0,0
125,0,0
126,0,0
127,0,0
128,0,0
129,0,0
130,0,0
131,0,0
132,0,0
