1,1,0
2,0,0
3,0,0
4,0,0
5,1,0
6,1,0
7,0,0
8,0,0
9,1,0
10,1,1
11,1,0
12,4,0
13,2,1
14,6,0
15,4,0
16,12,0
17,13,0
18,12,1
19,9,1
20,9,0
21,22,0
22,18,1
23,20,4
24,18,0
25,27,1
26,35,3
27,43,3
28,54,1
29,60,3
30,52,5
31,100,7
32,125,5
33,140,6
34,180,6
35,197,11
36,225,12
37,312,20
38,362,11
39,434,21
40,525,22
41,565,34
42,739,42
43,904,41
44,1027,53
45,1229,66
46,1466,78
47,1775,102
48,2120,112
49,2465,121
50,3027,154
51,3589,192
52,4279,212
53,5184,227
54,6413,329
55,7696,384
56,9164,475
57,11119,547
58,13033,675
59,15357,799
60,18367,986
61,22034,1158
62,26426,1266
63,31386,1694
64,37800,2016
65,44502,2376
66,50555,2730
67,51160,2922
68,44856,2778
69,34036,2338
70,23165,1909
71,14335,1351
72,8266,960
73,4326,622
74,2258,345
75,1101,216
76,520,123
77,230,76
78,97,49
79,40,16
80,15,11
81,10,7
82,2,3
83,2,0
84,0,1
85,1,0
86,0,2
87,0,0
88,0,0
89,0,0
90,0,0
91,0,0
92,0,0
93,0,0
94,0,0
95,0,0
96,0,0
97,0,0
98,0,0
99,0,0
100,0,0
101,0,0
102,0,0
103,0,0
104,0,0
105,0,0
106,0,0
107,0,0
108,0,0
109,0,0
110,0,0
111,0,0
112,0,0
113,0,0
114,0,0
115,0,0
116,0,0
117,0,0
118,0,0
119,0,0
120,0,0
121,0,0
122,0,0
123,0,0
124,0,0
125,0,0
126,0,0
127,0,0
128,0,0
129,0,0
130,0,0
131,0,0
132,0,0
