1,1,0
2,0,0
3,0,0
4,0,0
5,1,0
6,0,0
7,1,0
8,1,0
9,1,0
10,1,0
11,2,0
12,1,0
13,0,0
14,3,0
15,4,0
16,4,0
17,5,1
18,4,0
19,6,0
20,4,0
21,9,1
22,3,0
23,6,3
24,4,1
25,6,0
26,2,1
27,9,0
28,9,0
29,10,1
30,9,0
31,14,2
32,21,2
33,17,0
34,29,2
35,45,0
36,70,4
37,79,1
38,90,5
39,119,4
40,159,5
41,153,7
42,196,6
43,251,13
44,262,17
45,339,16
46,342,17
47,465,27
48,521,34
49,627,42
50,810,32
51,989,50
52,1176,58
53,1280,66
54,1672,73
55,1855,106
56,2300,127
57,2824,145
58,3349,168
59,3894,215
60,4769,230
61,5876,301
62,7107,326
63,8371,426
64,9763,486
65,11717,562
66,14164,677
67,17134,883
68,20396,979
69,24397,1287
70,28788,1506
71,34391,1786
72,41302,2119
73,48340,2489
74,52599,2858
75,50408,2985
76,41651,2719
77,30050,2236
78,19702,1725
79,11690,1189
80,6523,842
81,3467,554
82,1712,311
83,890,196
84,393,111
85,166,60
86,64,27
87,39,18
88,16,8
89,4,5
90,3,2
91,2,2
92,0,0
93,0,0
94,0,1
95,0,0
96,0,0
97,0,0
98,0,0
99,0,0
100,0,0
101,0,0
102,0,0
103,0,0
104,0,0
105,0,0
106,0,0
107,0,0
108,0,0
109,0,0
110,0,0
111,0,0
112,0,0
113,0,0
114,0,0
115,0,0
116,0,0
117,0,0
118,0,0
119,0,0
120,0,0
121,0,0
122,0,0
123,0,0
124,0,0
125,0,0
126,0,0
127,0,0
128,0,0
129,0,0
130,0,0
131,0,0
132,0,0
