1,1,0
2,0,0
3,0,0
4,0,0
5,1,0
6,2,0
7,2,0
8,1,0
9,1,0
10,1,0
11,7,0
12,7,1
13,12,0
14,16,0
15,26,0
16,16,0
17,18,3
18,19,2
19,32,2
20,44,3
21,43,3
22,48,3
23,59,3
24,81,3
25,98,8
26,129,5
27,144,6
28,178,10
29,209,9
30,308,11
31,335,12
32,430,24
33,540,13
34,682,29
35,675,35
36,824,54
37,1021,47
38,1169,73
39,1433,79
40,1663,98
41,1989,123
42,2386,138
43,2856,150
44,3488,152
45,4047,232
46,5034,242
47,5976,307
48,6938,341
49,8271,463
50,9800,502
51,12066,634
52,14222,775
53,16846,948
54,20152,1037
55,24284,1316
56,28840,1545
57,34773,1780
58,41325,2116
59,48142,2508
60,52483,2870
61,49239,2937
62,40335,2702
63,28836,2110
64,18956,1624
65,11060,1154
66,6381,824
67,3421,525
68,1564,263
69,739,161
70,366,106
71,171,67
72,63,24
73,40,10
74,14,9
75,6,3
76,1,4
77,0,1
78,1,0
79,0,1
80,0,0
81,0,0
82,0,0
83,0,0
84,0,0
85,0,0
86,0,0
87,0,0
88,0,0
89,0,0
90,0,0
91,0,0
92,0,0
93,0,0
94,0,0
95,0,0
96,0,0
97,0,0
98,0,0
99,0,0
100,0,0
101,0,0
102,0,0
103,0,0
104,0,0
105,0,0
106,0,0
107,0,0
108,0,0
109,0,0
110,0,0
111,0,0
112,0,0
113,0,0
114,0,0
115,0,0
116,0,0
117,0,0
118,0,0
119,0,0
120,0,0
121,0,0
122,0,0
123,0,0
124,0,0
125,0,0
126,0,0
127,0,0
128,0,0
129,0,0
130,0,0
131,0,0
132,0,0
