1,1,0
2,0,0
3,0,0
4,3,0
5,7,0
6,8,0
7,10,0
8,10,0
9,14,0
10,12,0
11,22,0
12,24,3
13,31,0
14,22,1
15,27,1
16,35,3
17,42,1
18,48,2
19,58,4
20,65,5
21,82,3
22,76,4
23,93,6
24,126,8
25,135,7
26,189,8
27,227,11
28,269,13
29,314,22
30,408,16
31,499,23
32,615,20
33,686,36
34,802,45
35,954,62
36,1163,47
37,1394,74
38,1728,97
39,2108,99
40,2414,124
41,2980,154
42,3647,159
43,4442,203
44,5190,272
45,6171,327
46,7324,405
47,8741,460
48,10549,571
49,12561,633
50,15053,760
51,18095,960
52,21389,1005
53,25501,1312
54,30718,1536
55,36554,1887
56,43072,2301
57,49588,2684
58,52240,2956
59,46575,2788
60,36460,2589
61,25115,1990
62,15832,1512
63,9079,1072
64,4981,659
65,2544,445
66,1319,260
67,592,154
68,306,71
69,121,45
70,46,31
71,22,14
72,10,13
73,4,5
74,1,1
75,1,1
76,1,0
77,1,0
78,0,0
79,0,0
80,0,0
81,0,0
82,0,0
83,0,0
84,0,0
85,0,0
86,0,0
87,0,0
88,0,0
89,0,0
90,0,0
91,0,0
92,0,0
93,0,0
94,0,0
95,0,0
96,0,0
97,0,0
98,0,0
99,0,0
100,0,0
101,0,0
102,0,0
103,0,0
104,0,0
105,0,0
106,0,0
107,0,0
108,0,0
109,0,0
110,0,0
111,0,0
112,0,0
113,0,0
114,0,0
115,0,0
116,0,0
117,0,0
118,0,0
119,0,0
120,0,0
121,0,0
122,0,0
123,0,0
124,0,0
125,0,0
126,0,0
127,0,0
128,0,0
129,0,0
130,0,0
131,0,0
132,0,0
