1,1,0
2,0,0
3,0,0
4,3,0
5,0,0
6,1,0
7,2,0
8,2,0
9,1,0
10,2,0
11,1,0
12,2,1
13,1,0
14,8,0
15,2,0
16,6,0
17,4,1
18,4,2
19,12,1
20,14,1
21,7,0
22,5,1
23,3,1
24,7,2
25,4,3
26,10,1
27,10,2
28,18,0
29,18,2
30,12,2
31,14,1
32,20,1
33,20,4
34,17,1
35,31,5
36,32,1
37,51,6
38,49,4
39,61,5
40,87,1
41,110,4
42,103,6
43,145,6
44,173,8
45,269,9
46,238,9
47,336,12
48,420,15
49,451,26
50,528,37
51,685,39
52,784,42
53,920,39
54,1080,62
55,1270,64
56,1595,73
57,1958,93
58,2291,122
59,2854,139
60,3428,177
61,4204,207
62,5026,263
63,6219,292
64,7345,384
65,8825,476
66,10482,515
67,12509,625
68,14943,733
69,17609,891
70,21147,1089
71,25394,1335
72,30186,1551
73,36066,1916
74,43503,2241
75,50296,2515
76,52723,2881
77,47993,2831
78,38108,2616
79,26828,2131
80,16960,1615
81,10004,1089
82,5197,707
83,2722,417
84,1430,276
85,610,148
86,295,88
87,144,53
88,54,36
89,20,14
90,8,17
91,2,1
92,1,0
93,0,0
94,1,0
95,0,0
96,0,0
97,0,0
98,0,0
99,0,0
100,0,0
101,0,0
102,0,0
103,0,0
104,0,0
105,0,0
106,0,0
107,0,0
108,0,0
109,0,0
110,0,0
111,0,0
112,0,0
113,0,0
114,0,0
115,0,0
116,0,0
117,0,0
118,0,0
119,0,0
120,0,0
121,0,0
122,0,0
123,0,0
124,0,0
125,0,0
126,0,0
127,0,0
128,0,0
129,0,0
130,0,0
131,0,0
132,0,0
