1,1,0
2,0,0
3,0,0
4,0,0
5,0,0
6,1,0
7,0,0
8,2,0
9,0,0
10,5,0
11,2,0
12,3,0
13,2,0
14,1,0
15,4,1
16,6,1
17,8,0
18,18,0
19,31,0
20,34,0
21,25,0
22,25,0
23,30,1
24,28,1
25,37,2
26,54,2
27,56,4
28,98,3
29,97,5
30,120,4
31,161,2
32,216,9
33,251,6
34,311,14
35,392,14
36,456,18
37,563,26
38,696,27
39,855,49
40,1008,45
41,1108,47
42,1329,67
43,1658,86
44,1937,96
45,2403,115
46,2836,153
47,3353,153
48,4112,195
49,5066,253
50,6065,276
51,7171,350
52,8701,409
53,10400,553
54,12323,624
55,14883,727
56,17674,944
57,21286,1106
58,25112,1287
59,30206,1624
60,36155,1820
61,42998,2269
62,50405,2585
63,52711,2971
64,48000,2725
65,37820,2645
66,26714,2016
67,16862,1565
68,9960,1102
69,5459,751
70,2800,426
71,1392,285
72,657,161
73,331,94
74,143,42
75,71,23
76,20,13
77,8,7
78,5,2
79,1,1
80,0,2
81,1,2
82,0,0
83,0,0
84,0,0
85,0,0
86,0,0
87,0,0
88,0,0
89,0,0
90,0,0
91,0,0
92,0,0
93,0,0
94,0,0
95,0,0
96,0,0
97,0,0
98,0,0
99,0,0
100,0,0
101,0,0
102,0,0
103,0,0
104,0,0
105,0,0
106,0,0
107,0,0
108,0,0
109,0,0
110,0,0
111,0,0
112,0,0
113,0,0
114,0,0
115,0,0
116,0,0
117,0,0
118,0,0
119,0,0
120,0,0
121,0,0
122,0,0
123,0,0
124,0,0
125,0,0
126,0,0
127,0,0
128,0,0
129,0,0
130,0,0
131,0,0
132,0,0
