1,1,0
2,0,0
3,0,0
4,1,0
5,0,0
6,1,1
7,1,0
8,3,0
9,0,0
10,5,0
11,3,0
12,1,0
13,4,1
14,4,0
15,5,1
16,5,0
17,4,0
18,4,0
19,3,0
20,3,1
21,6,0
22,11,0
23,14,1
24,20,1
25,21,0
26,31,0
27,30,2
28,36,2
29,39,2
30,52,6
31,80,2
32,91,5
33,131,6
34,171,4
35,175,4
36,239,9
37,250,12
38,315,17
39,391,13
40,422,18
41,534,36
42,577,33
43,676,47
44,936,52
45,1053,49
46,1253,73
47,1442,83
48,1702,107
49,2018,131
50,2369,128
51,2814,160
52,3421,192
53,3928,218
54,4884,273
55,5876,303
56,7058,354
57,8313,438
58,9915,537
59,11820,572
60,14147,714
61,16735,911
62,19871,1048
63,24096,1252
64,28556,1516
65,34319,1784
66,41184,2104
67,48287,2603
68,52453,2827
69,48866,2866
70,39737,2645
71,28375,2146
72,18680,1615
73,11027,1141
74,6184,811
75,3203,512
76,1601,303
77,807,166
78,309,94
79,129,53
80,66,24
81,21,16
82,12,9
83,2,5
84,2,1
85,1,2
86,0,0
87,0,0
88,0,0
89,0,0
90,0,0
91,0,0
92,0,0
93,0,0
94,0,0
95,0,0
96,0,0
97,0,0
98,0,0
99,0,0
100,0,0
101,0,0
102,0,0
103,0,0
104,0,0
105,0,0
106,0,0
107,0,0
108,0,0
109,0,0
110,0,0
111,0,0
112,0,0
113,0,0
114,0,0
115,0,0
116,0,0
117,0,0
118,0,0
119,0,0
120,0,0
121,0,0
122,0,0
123,0,0
124,0,0
125,0,0
126,0,0
127,0,0
128,0,0
129,0,0
130,0,0
131,0,0
132,0,0
