1,1,0
2,0,0
3,1,0
4,0,0
5,4,0
6,3,0
7,5,2
8,3,0
9,4,0
10,2,0
11,3,0
12,0,0
13,1,0
14,0,0
15,1,2
16,0,0
17,1,1
18,0,0
19,0,0
20,4,0
21,11,0
22,21,0
23,15,0
24,21,0
25,28,3
26,27,0
27,24,0
28,23,3
29,43,1
30,42,6
31,55,4
32,52,2
33,53,4
34,96,0
35,128,2
36,152,7
37,180,4
38,215,9
39,282,6
40,353,5
41,405,20
42,481,18
43,572,24
44,696,43
45,890,45
46,1065,54
47,1277,76
48,1474,78
49,1620,80
50,1916,117
51,2373,98
52,2773,151
53,3363,191
54,4022,233
55,5071,236
56,6049,281
57,7188,345
58,8588,433
59,10142,523
60,11976,621
61,14609,794
62,17436,877
63,20672,1085
64,25045,1334
65,29837,1575
66,35680,1781
67,42332,2123
68,50041,2590
69,53259,2886
70,50009,2893
71,40002,2627
72,28468,2135
73,18387,1706
74,10638,1160
75,6001,757
76,3118,435
77,1573,274
78,729,189
79,306,105
80,138,52
81,62,23
82,20,19
83,16,10
84,3,5
85,3,7
86,1,1
87,0,0
88,0,0
89,0,0
90,0,0
91,0,1
92,0,0
93,0,0
94,0,0
95,0,0
96,0,0
97,0,0
98,0,0
99,0,0
100,0,0
101,0,0
102,0,0
103,0,0
104,0,0
105,0,0
106,0,0
107,0,0
108,0,0
109,0,0
110,0,0
111,0,0
112,0,0
113,0,0
114,0,0
115,0,0
116,0,0
117,0,0
118,0,0
119,0,0
120,0,0
121,0,0
122,0,0
123,0,0
124,0,0
125,0,0
126,0,0
127,0,0
128,0,0
129,0,0
130,0,0
131,0,0
132,0,0
