1,1,0
2,0,0
3,1,0
4,1,0
5,1,0
6,2,0
7,5,0
8,7,0
9,3,0
10,9,0
11,5,3
12,9,1
13,8,0
14,6,2
15,12,0
16,12,1
17,25,2
18,21,0
19,23,0
20,32,3
21,42,1
22,31,5
23,38,2
24,40,3
25,44,3
26,40,4
27,52,3
28,39,3
29,51,7
30,53,2
31,64,3
32,72,5
33,63,7
34,90,6
35,99,6
36,105,13
37,159,5
38,167,10
39,182,8
40,256,16
41,318,18
42,335,20
43,439,15
44,559,25
45,599,31
46,712,38
47,882,46
48,998,57
49,1299,67
50,1618,72
51,1838,86
52,2314,108
53,2551,135
54,3034,176
55,3585,207
56,4621,235
57,5508,305
58,6566,354
59,7866,401
60,9257,457
61,11239,576
62,13298,723
63,15988,814
64,19019,1016
65,22677,1151
66,27318,1470
67,32718,1689
68,39198,2019
69,46313,2465
70,51211,2783
71,49959,2882
72,43124,2759
73,31879,2295
74,21453,1763
75,12893,1257
76,7137,862
77,3871,527
78,1990,355
79,996,197
80,433,137
81,196,87
82,82,35
83,43,19
84,17,5
85,14,8
86,5,3
87,0,3
88,0,2
89,0,2
90,0,0
91,0,0
92,0,0
93,0,0
94,0,0
95,0,0
96,0,0
97,0,0
98,0,0
99,0,0
100,0,0
101,0,0
102,0,0
103,0,0
104,0,0
105,0,0
106,0,0
107,0,0
108,0,0
109,0,0
110,0,0
111,0,0
112,0,0
113,0,0
114,0,0
115,0,0
116,0,0
117,0,0
118,0,0
119,0,0
120,0,0
121,0,0
122,0,0
123,0,0
124,0,0
125,0,0
126,0,0
127,0,0
128,0,0
129,0,0
130,0,0
131,0,0
132,0,0
