1,1,0
2,0,0
3,0,0
4,0,0
5,3,0
6,1,0
7,1,0
8,3,0
9,6,1
10,3,1
11,5,0
12,4,0
13,3,0
14,4,0
15,10,0
16,12,0
17,17,0
18,15,1
19,27,0
20,25,0
21,32,1
22,50,1
23,45,1
24,60,3
25,63,2
26,81,2
27,82,4
28,106,7
29,101,5
30,115,10
31,136,2
32,174,10
33,209,11
34,232,14
35,327,20
36,360,20
37,431,31
38,495,29
39,585,30
40,720,43
41,904,43
42,1058,46
43,1263,67
44,1451,72
45,1743,84
46,1994,110
47,2531,146
48,3014,128
49,3662,200
50,4178,193
51,5209,269
52,6219,331
53,7575,358
54,9166,438
55,10685,574
56,12783,629
57,15489,792
58,18495,912
59,22045,1137
60,26428,1340
61,31460,1629
62,37691,1982
63,44755,2336
64,51579,2749
65,53128,2863
66,46919,2794
67,36008,2539
68,24699,1991
69,15349,1435
70,8978,1005
71,4890,620
72,2526,404
73,1207,242
74,579,126
75,280,78
76,114,51
77,39,16
78,22,7
79,10,5
80,4,6
81,1,0
82,0,1
83,0,0
84,0,0
85,0,0
86,0,0
87,0,0
88,0,0
89,0,0
90,0,0
91,0,0
92,0,0
93,0,0
94,0,0
95,0,0
96,0,0
97,0,0
98,0,0
99,0,0
100,0,0
101,0,0
102,0,0
103,0,0
104,0,0
105,0,0
106,0,0
107,0,0
108,0,0
109,0,0
110,0,0
111,0,0
112,0,0
113,0,0
114,0,0
115,0,0
116,0,0
117,0,0
118,0,0
119,0,0
120,0,0
121,0,0
122,0,0
123,0,0
124,0,0
125,0,0
126,0,0
127,0,0
128,0,0
129,0,0
130,0,0
131,0,0
