1,1,0
2,0,0
3,0,0
4,2,0
5,4,0
6,2,0
7,3,0
8,1,0
9,1,0
10,3,0
11,3,0
12,3,0
13,4,0
14,2,0
15,5,0
16,6,1
17,8,2
18,9,1
19,4,0
20,22,2
21,29,2
22,38,1
23,46,0
24,40,2
25,74,2
26,78,3
27,106,4
28,161,5
29,214,5
30,225,11
31,294,8
32,324,11
33,349,16
34,445,22
35,486,33
36,636,41
37,745,48
38,822,50
39,999,55
40,1247,64
41,1424,78
42,1789,74
43,2001,116
44,2386,158
45,2799,165
46,3408,203
47,3987,220
48,4704,273
49,5684,302
50,6946,358
51,8107,434
52,9511,517
53,11513,598
54,13865,673
55,16574,885
56,19656,1017
57,23614,1264
58,28758,1483
59,34249,1742
60,40768,2102
61,48274,2403
62,52664,2800
63,50076,2840
64,41362,2580
65,29842,2262
66,19667,1704
67,11670,1262
68,6621,778
69,3461,524
70,1755,290
71,848,181
72,400,122
73,196,52
74,74,27
75,27,17
76,17,13
77,6,2
78,2,3
79,1,3
80,1,0
81,1,0
82,0,0
83,0,0
84,0,0
85,0,0
86,0,0
87,0,0
88,0,0
89,0,0
90,0,0
91,0,0
92,0,0
93,0,0
94,0,0
95,0,0
96,0,0
97,0,0
98,0,0
99,0,0
100,0,0
101,0,0
102,0,0
103,0,0
104,0,0
105,0,0
106,0,0
107,0,0
108,0,0
109,0,0
110,0,0
111,0,0
112,0,0
113,0,0
114,0,0
115,0,0
116,0,0
117,0,0
118,0,0
119,0,0
120,0,0
121,0,0
122,0,0
123,0,0
124,0,0
125,0,0
126,0,0
127,0,0
128,0,0
129,0,0
130,0,0
131,0,0
