1,1,0
2,0,0
3,0,0
4,2,0
5,4,0
6,3,0
7,3,0
8,6,0
9,1,1
10,0,1
11,1,0
12,3,0
13,1,0
14,3,2
15,1,0
16,6,0
17,16,0
18,19,0
19,11,0
20,12,0
21,17,0
22,29,0
23,27,2
24,34,0
25,40,3
26,39,2
27,49,2
28,67,2
29,71,3
30,96,9
31,101,5
32,120,9
33,146,3
34,171,4
35,209,7
36,229,14
37,279,14
38,307,31
39,352,18
40,417,22
41,483,32
42,581,32
43,714,43
44,819,56
45,895,55
46,1067,59
47,1335,75
48,1573,97
49,1940,96
50,2358,139
51,2785,162
52,3410,173
53,4097,214
54,4950,223
55,5856,259
56,7080,369
57,8195,417
58,9698,507
59,11864,622
60,14117,726
61,16712,858
62,20018,992
63,23799,1246
64,28859,1455
65,34086,1763
66,41372,2081
67,48515,2498
68,53225,2772
69,50596,2896
70,41460,2655
71,30325,2292
72,19647,1695
73,11733,1214
74,6659,805
75,3401,564
76,1756,307
77,849,185
78,415,116
79,188,64
80,67,36
81,31,14
82,12,12
83,7,7
84,0,2
85,0,1
86,0,1
87,0,0
88,0,0
89,0,0
90,0,0
91,0,0
92,0,0
93,0,0
94,0,0
95,0,0
96,0,0
97,0,0
98,0,0
99,0,0
100,0,0
101,0,0
102,0,0
103,0,0
104,0,0
105,0,0
106,0,0
107,0,0
108,0,0
109,0,0
110,0,0
111,0,0
112,0,0
113,0,0
114,0,0
115,0,0
116,0,0
117,0,0
118,0,0
119,0,0
120,0,0
121,0,0
122,0,0
123,0,0
124,0,0
125,0,0
126,0,0
127,0,0
128,0,0
129,0,0
130,0,0
131,0,0
