1,1,0
2,0,0
3,0,0
4,0,0
5,0,0
6,0,0
7,0,0
8,1,0
9,0,0
10,0,0
11,0,0
12,1,0
13,3,0
14,1,0
15,1,0
16,3,0
17,7,0
18,1,0
19,3,0
20,7,1
21,3,1
22,4,1
23,9,1
24,10,0
25,14,1
26,10,2
27,15,1
28,13,0
29,23,0
30,27,1
31,29,0
32,36,3
33,30,1
34,47,3
35,77,1
36,83,5
37,104,4
38,118,7
39,175,8
40,202,9
41,203,7
42,264,3
43,305,13
44,316,13
45,469,25
46,555,24
47,732,41
48,813,34
49,1020,45
50,1191,48
51,1522,72
52,1718,76
53,2017,104
54,2517,109
55,2980,173
56,3627,181
57,4317,246
58,5192,257
59,6202,321
60,7453,413
61,8749,467
62,10282,500
63,12388,672
64,14839,795
65,17586,888
66,21409,1095
67,25517,1306
68,30855,1589
69,37006,1852
70,43824,2227
71,51070,2622
72,52626,2886
73,47211,2876
74,36936,2511
75,25703,2029
76,16033,1482
77,9344,1047
78,5133,714
79,2630,437
80,1306,246
81,594,151
82,266,80
83,117,48
84,53,23
85,26,10
86,15,17
87,4,3
88,1,2
89,0,0
90,0,0
91,0,0
92,0,0
93,0,0
94,0,0
95,0,0
96,0,0
97,0,0
98,0,0
99,0,0
100,0,0
101,0,0
102,0,0
103,0,0
104,0,0
105,0,0
106,0,0
107,0,0
108,0,0
109,0,0
110,0,0
111,0,0
112,0,0
113,0,0
114,0,0
115,0,0
116,0,0
117,0,0
118,0,0
119,0,0
120,0,0
121,0,0
122,0,0
123,0,0
124,0,0
125,0,0
126,0,0
127,0,0
128,0,0
129,0,0
130,0,0
131,0,0
