1,1,0
2,0,0
3,1,0
4,2,0
5,7,1
6,7,0
7,9,1
8,15,0
9,24,1
10,16,0
11,26,1
12,20,3
13,30,1
14,28,4
15,39,1
16,35,3
17,40,5
18,51,0
19,54,1
20,43,2
21,61,6
22,72,3
23,86,6
24,103,5
25,126,9
26,201,15
27,229,9
28,250,12
29,338,6
30,435,13
31,467,17
32,606,33
33,725,42
34,799,40
35,985,51
36,1136,56
37,1442,72
38,1669,90
39,1992,106
40,2290,137
41,2838,155
42,3316,179
43,4062,208
44,4718,239
45,5951,302
46,6932,354
47,8376,452
48,10091,526
49,12173,601
50,14417,753
51,17246,854
52,20651,1070
53,24631,1260
54,29779,1468
55,35558,1858
56,42206,2136
57,50030,2524
58,53960,2910
59,50740,2885
60,41412,2736
61,29894,2229
62,19048,1683
63,11313,1159
64,6285,770
65,3283,480
66,1667,297
67,750,209
68,346,104
69,151,56
70,67,36
71,29,19
72,15,7
73,4,5
74,5,1
75,0,1
76,0,3
77,0,0
78,0,0
79,0,0
80,0,0
81,0,0
82,0,0
83,0,0
84,0,0
85,0,0
86,0,0
87,0,0
88,0,0
89,0,0
90,0,0
91,0,0
92,0,0
93,0,0
94,0,0
95,0,0
96,0,0
97,0,0
98,0,0
99,0,0
100,0,0
101,0,0
102,0,0
103,0,0
104,0,0
105,0,0
106,0,0
107,0,0
108,0,0
109,0,0
110,0,0
111,0,0
112,0,0
113,0,0
114,0,0
115,0,0
116,0,0
117,0,0
118,0,0
119,0,0
120,0,0
121,0,0
122,0,0
123,0,0
124,0,0
125,0,0
126,0,0
127,0,0
128,0,0
129,0,0
130,0,0
131,0,0
