1,1,0
2,0,0
3,0,0
4,0,0
5,1,0
6,0,0
7,4,0
8,2,0
9,1,0
10,6,0
11,3,0
12,3,0
13,4,0
14,21,2
15,23,2
16,44,1
17,40,0
18,45,1
19,64,3
20,56,1
21,59,4
22,58,11
23,66,8
24,83,5
25,98,7
26,98,6
27,140,12
28,160,5
29,215,13
30,281,13
31,334,21
32,388,23
33,454,20
34,596,28
35,718,34
36,846,46
37,1102,50
38,1332,62
39,1522,65
40,1800,98
41,2163,97
42,2599,135
43,3056,154
44,3642,190
45,4454,220
46,5340,244
47,6411,326
48,7776,395
49,9506,438
50,11403,546
51,13766,673
52,16798,825
53,20286,973
54,24202,1199
55,28494,1413
56,34211,1742
57,41157,2151
58,48774,2479
59,53880,2829
60,51610,2928
61,42708,2755
62,31770,2377
63,20922,1777
64,12730,1318
65,6941,875
66,3814,552
67,1852,330
68,910,200
69,448,114
70,193,76
71,91,34
72,33,11
73,18,9
74,6,4
75,5,1
76,0,0
77,0,0
78,0,2
79,0,0
80,0,0
81,0,0
82,0,0
83,0,0
84,0,0
85,0,0
86,0,0
87,0,0
88,0,0
89,0,0
90,0,0
91,0,0
92,0,0
93,0,0
94,0,0
95,0,0
96,0,0
97,0,0
98,0,0
99,0,0
100,0,0
101,0,0
102,0,0
103,0,0
104,0,0
105,0,0
106,0,0
107,0,0
108,0,0
109,0,0
110,0,0
111,0,0
112,0,0
113,0,0
114,0,0
115,0,0
116,0,0
117,0,0
118,0,0
119,0,0
120,0,0
121,0,0
122,0,0
123,0,0
124,0,0
125,0,0
126,0,0
127,0,0
128,0,0
129,0,0
130,0,0
131,0,0
