1,1,0
2,0,0
3,0,0
4,0,0
5,0,0
6,1,0
7,1,0
8,8,0
9,13,0
10,24,0
11,18,0
12,22,1
13,32,0
14,36,2
15,39,3
16,53,1
17,57,1
18,67,2
19,77,6
20,77,5
21,109,4
22,101,9
23,111,7
24,154,9
25,163,10
26,169,16
27,195,14
28,238,12
29,311,17
30,384,23
31,444,23
32,543,20
33,639,33
34,825,36
35,1034,62
36,1179,56
37,1467,70
38,1671,96
39,2043,100
40,2437,104
41,2962,147
42,3503,175
43,4152,206
44,5002,252
45,6132,296
46,7112,352
47,8791,464
48,10346,528
49,12591,643
50,15192,797
51,17886,893
52,21493,1110
53,25698,1293
54,30906,1610
55,36766,1900
56,44204,2382
57,50587,2598
58,52428,2836
59,47810,2818
60,37352,2526
61,25633,2050
62,16321,1499
63,9496,1121
64,5082,674
65,2671,422
66,1324,265
67,607,126
68,302,81
69,105,48
70,63,28
71,28,13
72,9,5
73,4,3
74,4,3
75,0,1
76,0,0
77,0,0
78,0,0
79,0,0
80,0,0
81,0,0
82,0,0
83,0,0
84,0,0
85,0,0
86,0,0
87,0,0
88,0,0
89,0,0
90,0,0
91,0,0
92,0,0
93,0,0
94,0,0
95,0,0
96,0,0
97,0,0
98,0,0
99,0,0
100,0,0
101,0,0
102,0,0
103,0,0
104,0,0
105,0,0
106,0,0
107,0,0
108,0,0
109,0,0
110,0,0
111,0,0
112,0,0
113,0,0
114,0,0
115,0,0
116,0,0
117,0,0
118,0,0
119,0,0
120,0,0
121,0,0
122,0,0
123,0,0
124,0,0
125,0,0
126,0,0
127,0,0
128,0,0
129,0,0
130,0,0
131,0,0
