1,1,0
2,1,0
3,0,0
4,4,0
5,10,0
6,10,0
7,18,0
8,24,0
9,11,1
10,25,1
11,28,1
12,21,1
13,47,4
14,56,1
15,68,4
16,77,2
17,103,9
18,107,3
19,142,10
20,195,10
21,215,5
22,227,16
23,284,16
24,372,16
25,420,23
26,473,34
27,547,34
28,673,41
29,755,33
30,889,50
31,1100,50
32,1346,58
33,1549,84
34,1958,103
35,2271,132
36,2730,155
37,3420,174
38,3966,189
39,4763,223
40,5632,312
41,6824,347
42,8082,434
43,9673,442
44,11436,605
45,13671,689
46,16307,865
47,19783,1028
48,23611,1196
49,28452,1471
50,34065,1781
51,40629,2102
52,48094,2523
53,53287,2757
54,50206,2946
55,41575,2697
56,30000,2239
57,19758,1688
58,11581,1161
59,6550,787
60,3313,565
61,1669,302
62,831,197
63,423,110
64,190,68
65,81,30
66,39,16
67,11,12
68,2,5
69,4,2
70,0,0
71,0,1
72,0,0
73,0,1
74,0,0
75,0,0
76,0,0
77,0,0
78,0,0
79,0,0
80,0,0
81,0,0
82,0,0
83,0,0
84,0,0
85,0,0
86,0,0
87,0,0
88,0,0
89,0,0
90,0,0
91,0,0
92,0,0
93,0,0
94,0,0
95,0,0
96,0,0
97,0,0
98,0,0
99,0,0
100,0,0
101,0,0
102,0,0
103,0,0
104,0,0
105,0,0
106,0,0
107,0,0
108,0,0
109,0,0
110,0,0
111,0,0
112,0,0
113,0,0
114,0,0
115,0,0
116,0,0
117,0,0
118,0,0
119,0,0
120,0,0
121,0,0
122,0,0
123,0,0
124,0,0
125,0,0
126,0,0
127,0,0
128,0,0
129,0,0
130,0,0
131,0,0
