1,1,0
2,0,0
3,2,0
4,1,0
5,1,0
6,2,0
7,3,0
8,2,0
9,5,0
10,8,0
11,9,0
12,7,0
13,9,1
14,9,2
15,6,0
16,13,2
17,12,0
18,21,1
19,28,1
20,31,2
21,37,2
22,34,2
23,31,7
24,56,4
25,58,7
26,68,5
27,79,3
28,104,6
29,105,5
30,137,5
31,173,15
32,206,11
33,258,13
34,264,13
35,352,20
36,434,23
37,476,19
38,595,36
39,628,36
40,795,55
41,982,50
42,1115,63
43,1318,68
44,1586,89
45,1955,109
46,2176,132
47,2654,137
48,3148,182
49,3757,225
50,4471,248
51,5289,275
52,6391,354
53,7610,384
54,9196,473
55,11186,562
56,13459,710
57,16035,803
58,19581,997
59,23094,1110
60,27725,1429
61,33294,1612
62,40019,2115
63,47538,2296
64,52629,2754
65,52312,2868
66,43919,2787
67,32838,2309
68,21970,1842
69,13153,1302
70,7506,937
71,4023,592
72,2038,362
73,998,215
74,460,112
75,216,63
76,101,28
77,32,17
78,18,8
79,3,8
80,3,2
81,2,0
82,2,1
83,0,0
84,1,0
85,0,0
86,0,0
87,0,0
88,0,0
89,0,0
90,0,0
91,0,0
92,0,0
93,0,0
94,0,0
95,0,0
96,0,0
97,0,0
98,0,0
99,0,0
100,0,0
101,0,0
102,0,0
103,0,0
104,0,0
105,0,0
106,0,0
107,0,0
108,0,0
109,0,0
110,0,0
111,0,0
112,0,0
113,0,0
114,0,0
115,0,0
116,0,0
117,0,0
118,0,0
119,0,0
120,0,0
121,0,0
122,0,0
123,0,0
124,0,0
125,0,0
126,0,0
127,0,0
128,0,0
129,0,0
130,0,0
131,0,0
132,0,0
133,0,0
