1,1,0
2,0,0
3,1,1
4,4,0
5,4,0
6,18,0
7,21,0
8,15,0
9,31,0
10,27,2
11,38,0
12,33,3
13,53,2
14,63,3
15,80,4
16,107,4
17,105,2
18,174,10
19,211,4
20,205,12
21,252,15
22,332,14
23,339,15
24,455,13
25,607,34
26,647,34
27,709,35
28,820,50
29,1024,64
30,1208,73
31,1507,86
32,1790,97
33,2163,105
34,2533,114
35,3001,146
36,3597,189
37,4323,223
38,5041,295
39,5972,327
40,7004,384
41,8507,476
42,9928,562
43,11922,582
44,14218,742
45,17096,898
46,20274,1021
47,24449,1216
48,28745,1556
49,34319,1816
50,40819,2146
51,48367,2577
52,52480,2831
53,49544,2878
54,40070,2580
55,28931,2245
56,18752,1641
57,10985,1114
58,6183,773
59,3257,471
60,1695,309
61,784,167
62,366,108
63,167,57
64,57,23
65,32,18
66,15,7
67,6,2
68,2,3
69,0,2
70,1,1
71,0,0
72,0,1
73,0,0
74,0,0
75,0,0
76,0,0
77,0,0
78,0,0
79,0,0
80,0,0
81,0,0
82,0,0
83,0,0
84,0,0
85,0,0
86,0,0
87,0,0
88,0,0
89,0,0
90,0,0
91,0,0
92,0,0
93,0,0
94,0,0
95,0,0
96,0,0
97,0,0
98,0,0
99,0,0
100,0,0
101,0,0
102,0,0
103,0,0
104,0,0
105,0,0
106,0,0
107,0,0
108,0,0
109,0,0
110,0,0
111,0,0
112,0,0
113,0,0
114,0,0
115,0,0
116,0,0
117,0,0
118,0,0
119,0,0
120,0,0
121,0,0
122,0,0
123,0,0
124,0,0
125,0,0
126,0,0
127,0,0
128,0,0
129,0,0
130,0,0
131,0,0
132,0,0
133,0,0
