1,1,0
2,0,0
3,0,0
4,1,0
5,0,0
6,1,0
7,1,0
8,5,0
9,1,0
10,1,0
11,4,0
12,3,0
13,1,0
14,8,1
15,13,1
16,8,0
17,17,0
18,14,2
19,12,1
20,19,1
21,22,1
22,20,0
23,32,2
24,42,1
25,40,4
26,66,3
27,62,3
28,63,3
29,86,3
30,110,5
31,110,3
32,162,7
33,160,12
34,172,11
35,222,12
36,252,15
37,305,12
38,333,17
39,471,27
40,588,21
41,689,32
42,823,35
43,1008,57
44,1198,58
45,1478,61
46,1783,82
47,2090,88
48,2452,123
49,3110,160
50,3624,176
51,4315,221
52,4873,253
53,5949,310
54,7087,370
55,8424,423
56,10356,546
57,12585,608
58,14717,759
59,17480,869
60,21050,1077
61,25276,1323
62,30051,1541
63,36487,1830
64,42762,2246
65,50037,2609
66,52429,3050
67,47926,2906
68,38216,2590
69,26834,2034
70,17050,1542
71,9953,1081
72,5380,714
73,2906,459
74,1436,289
75,613,157
76,305,86
77,145,42
78,56,27
79,24,14
80,10,6
81,3,6
82,2,0
83,1,0
84,2,0
85,0,1
86,0,0
87,0,0
88,0,0
89,0,0
90,0,0
91,0,0
92,0,0
93,0,0
94,0,0
95,0,0
96,0,0
97,0,0
98,0,0
99,0,0
100,0,0
101,0,0
102,0,0
103,0,0
104,0,0
105,0,0
106,0,0
107,0,0
108,0,0
109,0,0
110,0,0
111,0,0
112,0,0
113,0,0
114,0,0
115,0,0
116,0,0
117,0,0
118,0,0
119,0,0
120,0,0
121,0,0
122,0,0
123,0,0
124,0,0
125,0,0
126,0,0
127,0,0
128,0,0
129,0,0
130,0,0
131,0,0
132,0,0
133,0,0
