1,1,0
2,0,0
3,0,0
4,3,0
5,3,0
6,7,0
7,4,0
8,6,0
9,8,0
10,4,1
11,13,0
12,18,2
13,26,1
14,19,2
15,21,1
16,26,2
17,24,1
18,42,0
19,33,2
20,29,4
21,45,3
22,54,5
23,77,6
24,84,3
25,89,1
26,94,3
27,111,8
28,139,13
29,147,9
30,185,10
31,243,16
32,266,9
33,289,21
34,323,23
35,378,31
36,479,19
37,542,29
38,634,47
39,739,43
40,939,52
41,1105,64
42,1317,77
43,1621,88
44,1920,103
45,2462,124
46,2826,143
47,3629,170
48,4198,193
49,5089,269
50,6083,280
51,7207,366
52,8687,440
53,10402,580
54,12211,634
55,14969,745
56,17923,923
57,21392,1092
58,25421,1321
59,30384,1540
60,36574,1890
61,43735,2304
62,50393,2619
63,52419,2910
64,46997,2848
65,37000,2535
66,25926,2007
67,16060,1458
68,9304,1010
69,5112,657
70,2609,441
71,1250,255
72,601,140
73,285,92
74,116,47
75,58,22
76,19,10
77,10,10
78,5,6
79,1,0
80,0,0
81,0,0
82,0,1
83,0,1
84,0,0
85,0,0
86,0,0
87,0,0
88,0,0
89,0,0
90,0,0
91,0,0
92,0,0
93,0,0
94,0,0
95,0,0
96,0,0
97,0,0
98,0,0
99,0,0
100,0,0
101,0,0
102,0,0
103,0,0
104,0,0
105,0,0
106,0,0
107,0,0
108,0,0
109,0,0
110,0,0
111,0,0
112,0,0
113,0,0
114,0,0
115,0,0
116,0,0
117,0,0
118,0,0
119,0,0
120,0,0
121,0,0
122,0,0
123,0,0
124,0,0
125,0,0
126,0,0
127,0,0
128,0,0
129,0,0
130,0,0
131,0,0
132,0,0
133,0,0
