1,1,0
2,0,0
3,1,0
4,0,0
5,3,0
6,5,0
7,0,0
8,3,0
9,6,1
10,6,0
11,12,0
12,7,0
13,10,0
14,11,0
15,9,1
16,12,0
17,8,4
18,14,0
19,11,2
20,11,1
21,13,1
22,14,3
23,6,2
24,4,0
25,8,1
26,18,0
27,11,2
28,19,2
29,29,1
30,50,0
31,40,4
32,57,6
33,38,3
34,58,4
35,76,4
36,114,6
37,123,3
38,151,11
39,186,9
40,222,7
41,260,17
42,294,18
43,337,14
44,395,23
45,434,28
46,567,29
47,709,36
48,726,57
49,919,51
50,1090,42
51,1216,68
52,1565,76
53,1814,110
54,2169,100
55,2585,126
56,3119,179
57,3839,191
58,4514,244
59,5201,287
60,6361,312
61,7406,423
62,8724,464
63,10416,553
64,12419,682
65,14512,784
66,17600,940
67,21009,1116
68,24999,1235
69,29689,1596
70,35355,1859
71,42165,2235
72,49243,2624
73,52379,2844
74,47980,2824
75,38128,2560
76,26694,2140
77,16801,1489
78,9937,1021
79,5501,698
80,2828,415
81,1383,232
82,639,155
83,323,79
84,149,49
85,66,33
86,32,19
87,15,5
88,5,6
89,3,3
90,0,0
91,0,0
92,0,0
93,0,0
94,0,0
95,0,0
96,0,0
97,0,0
98,0,0
99,0,0
100,0,0
101,0,0
102,0,0
103,0,0
104,0,0
105,0,0
106,0,0
107,0,0
108,0,0
109,0,0
110,0,0
111,0,0
112,0,0
113,0,0
114,0,0
115,0,0
116,0,0
117,0,0
118,0,0
119,0,0
120,0,0
121,0,0
122,0,0
123,0,0
124,0,0
125,0,0
126,0,0
127,0,0
128,0,0
129,0,0
130,0,0
131,0,0
132,0,0
133,0,0
