1,1,0
2,0,0
3,0,0
4,5,0
5,4,0
6,4,0
7,8,0
8,15,0
9,12,1
10,19,2
11,30,1
12,28,1
13,29,1
14,34,2
15,48,3
16,72,5
17,70,2
18,65,5
19,108,2
20,113,9
21,174,5
22,194,13
23,237,8
24,310,13
25,331,14
26,352,27
27,433,28
28,548,36
29,636,34
30,719,46
31,933,47
32,1159,58
33,1328,72
34,1502,71
35,1928,86
36,2338,117
37,2735,130
38,3180,171
39,3978,192
40,4677,212
41,5526,257
42,6556,342
43,7945,411
44,9568,456
45,11210,641
46,13315,689
47,15972,801
48,19169,1026
49,23381,1186
50,27870,1437
51,32781,1749
52,39130,2099
53,46439,2505
54,51869,2701
55,50874,2892
56,43035,2738
57,31988,2364
58,21428,1911
59,12760,1334
60,7280,884
61,3811,597
62,1996,327
63,983,217
64,432,110
65,221,51
66,91,38
67,41,26
68,9,10
69,6,3
70,1,6
71,2,1
72,0,1
73,1,0
74,0,0
75,0,0
76,0,0
77,0,0
78,0,0
79,0,0
80,0,0
81,0,0
82,0,0
83,0,0
84,0,0
85,0,0
86,0,0
87,0,0
88,0,0
89,0,0
90,0,0
91,0,0
92,0,0
93,0,0
94,0,0
95,0,0
96,0,0
97,0,0
98,0,0
99,0,0
100,0,0
101,0,0
102,0,0
103,0,0
104,0,0
105,0,0
106,0,0
107,0,0
108,0,0
109,0,0
110,0,0
111,0,0
112,0,0
113,0,0
114,0,0
115,0,0
116,0,0
117,0,0
118,0,0
119,0,0
120,0,0
121,0,0
122,0,0
123,0,0
124,0,0
125,0,0
126,0,0
127,0,0
128,0,0
129,0,0
130,0,0
131,0,0
132,0,0
133,0,0
