1,1,0
2,0,0
3,2,0
4,0,0
5,2,0
6,1,0
7,2,1
8,2,0
9,6,0
10,2,0
11,1,0
12,0,0
13,0,0
14,1,0
15,2,2
16,10,1
17,10,0
18,5,0
19,5,0
20,16,0
21,7,1
22,6,0
23,8,0
24,12,0
25,8,1
26,17,0
27,11,0
28,13,0
29,11,4
30,19,1
31,13,3
32,8,1
33,12,2
34,18,2
35,20,0
36,26,1
37,25,1
38,38,2
39,30,1
40,43,2
41,47,2
42,76,2
43,58,6
44,89,5
45,92,3
46,120,7
47,141,8
48,182,15
49,226,13
50,238,14
51,264,15
52,363,19
53,441,22
54,521,30
55,599,23
56,771,32
57,894,61
58,1029,54
59,1098,65
60,1362,84
61,1589,92
62,1943,106
63,2184,140
64,2636,135
65,3106,178
66,3869,202
67,4634,221
68,5449,264
69,6508,343
70,7896,406
71,9538,509
72,11338,602
73,14031,712
74,16564,820
75,19581,988
76,23370,1212
77,27907,1547
78,33063,1717
79,39580,2097
80,47176,2485
81,52290,2763
82,50015,2824
83,42089,2632
84,30753,2335
85,20276,1849
86,12260,1298
87,6822,858
88,3647,507
89,1877,370
90,864,175
91,386,95
92,187,51
93,72,28
94,32,19
95,9,4
96,13,6
97,1,3
98,0,4
99,0,0
100,0,0
101,0,0
102,0,0
103,0,0
104,0,0
105,0,0
106,0,0
107,0,0
108,0,0
109,0,0
110,0,0
111,0,0
112,0,0
113,0,0
114,0,0
115,0,0
116,0,0
117,0,0
118,0,0
119,0,0
120,0,0
121,0,0
122,0,0
123,0,0
124,0,0
125,0,0
126,0,0
127,0,0
128,0,0
129,0,0
130,0,0
131,0,0
132,0,0
133,0,0
