1,1,0
2,0,0
3,0,0
4,0,0
5,1,0
6,1,0
7,0,0
8,1,0
9,0,0
10,2,0
11,1,0
12,3,0
13,1,0
14,1,0
15,0,0
16,0,1
17,1,0
18,0,0
19,1,0
20,4,0
21,0,0
22,1,0
23,4,0
24,2,0
25,6,0
26,5,0
27,1,0
28,6,0
29,7,1
30,6,1
31,1,0
32,2,0
33,0,0
34,0,1
35,2,0
36,3,1
37,0,0
38,1,0
39,4,0
40,9,0
41,6,0
42,9,0
43,11,1
44,11,0
45,11,0
46,20,1
47,18,0
48,40,1
49,49,2
50,71,2
51,78,3
52,102,4
53,99,3
54,118,6
55,137,8
56,180,3
57,208,9
58,207,12
59,259,21
60,330,27
61,386,24
62,455,22
63,636,27
64,804,31
65,984,43
66,1018,54
67,1294,54
68,1470,65
69,1783,86
70,2156,102
71,2450,122
72,2987,168
73,3628,183
74,4328,225
75,5060,268
76,5930,324
77,7190,373
78,8528,472
79,10139,597
80,12188,600
81,14613,749
82,17436,835
83,20895,1054
84,25105,1201
85,30012,1515
86,35630,1874
87,42339,2276
88,49693,2594
89,53012,2889
90,48733,2828
91,39574,2552
92,28001,2146
93,17981,1671
94,10610,1196
95,5864,777
96,3052,460
97,1453,278
98,713,186
99,320,91
100,149,47
101,73,22
102,26,26
103,15,10
104,2,6
105,1,3
106,0,1
107,0,0
108,1,0
109,0,0
110,0,0
111,0,0
112,0,0
113,0,0
114,0,0
115,0,0
116,0,0
117,0,0
118,0,0
119,0,0
120,0,0
121,0,0
122,0,0
123,0,0
124,0,0
125,0,0
126,0,0
127,0,0
128,0,0
129,0,0
130,0,0
131,0,0
132,0,0
133,0,0
