1,1,0
2,0,0
3,0,0
4,1,0
5,2,0
6,6,0
7,6,0
8,6,0
9,8,1
10,2,0
11,7,1
12,6,0
13,1,2
14,1,0
15,2,2
16,12,1
17,7,0
18,7,0
19,23,1
20,29,2
21,33,1
22,30,0
23,25,3
24,31,4
25,39,4
26,51,2
27,52,3
28,65,3
29,89,1
30,82,4
31,100,5
32,112,4
33,131,7
34,160,8
35,179,9
36,226,18
37,277,19
38,315,17
39,375,15
40,409,17
41,532,27
42,629,38
43,710,45
44,818,48
45,1054,70
46,1324,72
47,1560,72
48,1862,66
49,2079,116
50,2599,144
51,3235,140
52,3660,198
53,4395,220
54,5264,265
55,6252,325
56,7687,377
57,9265,490
58,10971,541
59,13083,650
60,16088,777
61,19075,916
62,22542,1172
63,26707,1373
64,32330,1686
65,39243,2010
66,46129,2337
67,52436,2782
68,51805,2949
69,44123,2713
70,33529,2347
71,22603,1869
72,13957,1354
73,8072,959
74,4190,594
75,2111,364
76,1094,223
77,472,149
78,225,66
79,110,36
80,40,14
81,27,7
82,8,7
83,2,5
84,1,1
85,1,1
86,0,1
87,0,0
88,0,0
89,0,0
90,0,0
91,0,0
92,0,0
93,0,0
94,0,0
95,0,0
96,0,0
97,0,0
98,0,0
99,0,0
100,0,0
101,0,0
102,0,0
103,0,0
104,0,0
105,0,0
106,0,0
107,0,0
108,0,0
109,0,0
110,0,0
111,0,0
112,0,0
113,0,0
114,0,0
115,0,0
116,0,0
117,0,0
118,0,0
119,0,0
120,0,0
121,0,0
122,0,0
123,0,0
124,0,0
125,0,0
126,0,0
127,0,0
128,0,0
129,0,0
130,0,0
131,0,0
132,0,0
133,0,0
