1,1,0
2,0,0
3,1,0
4,0,0
5,0,0
6,0,0
7,3,1
8,1,0
9,0,0
10,10,0
11,8,1
12,7,0
13,3,1
14,11,1
15,13,1
16,13,1
17,21,1
18,15,1
19,12,3
20,12,0
21,17,0
22,11,1
23,13,1
24,17,2
25,14,1
26,16,5
27,11,2
28,21,3
29,19,4
30,13,3
31,16,1
32,18,1
33,23,2
34,15,1
35,27,0
36,22,4
37,31,1
38,42,5
39,36,4
40,49,5
41,64,1
42,68,6
43,65,6
44,93,2
45,116,3
46,131,8
47,150,7
48,178,9
49,241,20
50,252,8
51,290,14
52,349,23
53,390,16
54,492,24
55,609,36
56,740,41
57,850,42
58,1094,36
59,1183,60
60,1449,70
61,1746,89
62,2186,127
63,2640,135
64,3134,160
65,3719,184
66,4375,242
67,5373,262
68,6256,291
69,7404,390
70,8766,453
71,10537,581
72,12082,680
73,14570,765
74,17373,898
75,20936,1044
76,24938,1300
77,29974,1571
78,35951,1922
79,42715,2180
80,50279,2681
81,52918,2788
82,48675,2804
83,37891,2497
84,26741,2082
85,17102,1570
86,10051,1016
87,5400,713
88,2726,433
89,1352,262
90,685,149
91,326,98
92,110,42
93,75,32
94,23,21
95,15,4
96,3,3
97,3,2
98,0,0
99,1,0
100,0,0
101,0,0
102,0,0
103,0,0
104,0,0
105,0,0
106,0,0
107,0,0
108,0,0
109,0,0
110,0,0
111,0,0
112,0,0
113,0,0
114,0,0
115,0,0
116,0,0
117,0,0
118,0,0
119,0,0
120,0,0
121,0,0
122,0,0
123,0,0
124,0,0
125,0,0
126,0,0
127,0,0
128,0,0
129,0,0
130,0,0
131,0,0
132,0,0
133,0,0
