1,1,0
2,0,0
3,0,0
4,1,0
5,0,0
6,6,0
7,12,0
8,16,0
9,21,0
10,19,0
11,24,0
12,39,1
13,53,0
14,72,1
15,82,2
16,82,3
17,136,5
18,130,4
19,168,7
20,168,8
21,226,12
22,254,12
23,323,19
24,381,15
25,479,27
26,543,36
27,700,35
28,735,33
29,927,59
30,1093,50
31,1343,88
32,1508,79
33,1804,95
34,2078,127
35,2460,127
36,2885,156
37,3392,191
38,4033,232
39,4833,279
40,5826,321
41,6733,346
42,8314,427
43,9923,514
44,11555,665
45,13890,705
46,16478,892
47,19728,1025
48,23459,1236
49,28184,1479
50,33831,1800
51,40790,2120
52,47779,2473
53,52559,2739
54,50393,2864
55,41337,2612
56,30417,2188
57,19839,1695
58,11974,1261
59,6693,832
60,3491,469
61,1829,311
62,870,177
63,406,93
64,191,48
65,75,25
66,28,23
67,8,6
68,3,5
69,1,4
70,2,2
71,0,0
72,0,0
73,0,0
74,0,1
75,0,1
76,0,0
77,0,0
78,0,0
79,0,0
80,0,0
81,0,0
82,0,0
83,0,0
84,0,0
85,0,0
86,0,0
87,0,0
88,0,0
89,0,0
90,0,0
91,0,0
92,0,0
93,0,0
94,0,0
95,0,0
96,0,0
97,0,0
98,0,0
99,0,0
100,0,0
101,0,0
102,0,0
103,0,0
104,0,0
105,0,0
106,0,0
107,0,0
108,0,0
109,0,0
110,0,0
111,0,0
112,0,0
113,0,0
114,0,0
115,0,0
116,0,0
117,0,0
118,0,0
119,0,0
120,0,0
121,0,0
122,0,0
123,0,0
124,0,0
125,0,0
126,0,0
127,0,0
128,0,0
129,0,0
130,0,0
131,0,0
132,0,0
133,0,0
