1,1,0
2,0,0
3,0,0
4,2,0
5,2,0
6,0,0
7,4,0
8,0,0
9,4,0
10,3,0
11,4,1
12,6,0
13,8,0
14,4,1
15,11,1
16,6,1
17,8,2
18,13,1
19,22,0
20,28,1
21,36,1
22,34,0
23,56,2
24,57,2
25,68,5
26,74,4
27,96,2
28,135,3
29,176,6
30,223,15
31,216,13
32,269,12
33,296,13
34,346,23
35,405,26
36,460,29
37,542,25
38,647,32
39,788,61
40,905,66
41,1102,59
42,1324,61
43,1600,90
44,1956,104
45,2304,111
46,2820,140
47,3336,191
48,4022,193
49,5089,233
50,5856,294
51,6980,361
52,8347,457
53,9970,524
54,11730,658
55,14378,731
56,17076,907
57,20561,1035
58,24320,1260
59,29075,1504
60,34829,1804
61,41823,2102
62,49245,2551
63,53055,2987
64,50092,2822
65,40842,2642
66,29371,2176
67,19024,1622
68,11411,1214
69,6163,783
70,3308,522
71,1630,320
72,810,165
73,338,103
74,164,50
75,88,22
76,36,18
77,11,6
78,3,3
79,1,2
80,0,1
81,1,1
82,0,0
83,0,0
84,0,0
85,0,0
86,0,0
87,0,0
88,0,0
89,0,0
90,0,0
91,0,0
92,0,0
93,0,0
94,0,0
95,0,0
96,0,0
97,0,0
98,0,0
99,0,0
100,0,0
101,0,0
102,0,0
103,0,0
104,0,0
105,0,0
106,0,0
107,0,0
108,0,0
109,0,0
110,0,0
111,0,0
112,0,0
113,0,0
114,0,0
115,0,0
116,0,0
117,0,0
118,0,0
119,0,0
120,0,0
121,0,0
122,0,0
123,0,0
124,0,0
125,0,0
126,0,0
127,0,0
128,0,0
129,0,0
130,0,0
131,0,0
132,0,0
133,0,0
134,0,0
135,0,0
136,0,0
137,0,0
138,0,0
139,0,0
