1,1,0
2,0,0
3,1,0
4,1,0
5,2,0
6,3,0
7,0,0
8,4,0
9,4,1
10,6,0
11,9,0
12,9,0
13,18,1
14,13,1
15,10,0
16,19,2
17,16,1
18,24,1
19,24,1
20,26,1
21,16,5
22,24,0
23,38,4
24,39,0
25,51,3
26,64,8
27,58,4
28,62,4
29,85,7
30,93,5
31,126,4
32,155,9
33,214,9
34,247,12
35,300,16
36,371,20
37,395,21
38,501,34
39,586,31
40,750,45
41,814,57
42,947,49
43,1080,68
44,1478,82
45,1752,83
46,2051,101
47,2379,133
48,2834,155
49,3379,171
50,4072,240
51,4793,257
52,5948,271
53,7084,357
54,8326,421
55,10162,525
56,12125,620
57,14486,761
58,17210,940
59,20732,1099
60,24785,1222
61,29695,1527
62,35179,1894
63,41993,2180
64,49320,2605
65,52674,2928
66,49177,2894
67,39477,2618
68,27834,2187
69,18071,1606
70,10662,1066
71,5860,756
72,3092,477
73,1500,253
74,749,167
75,354,108
76,163,48
77,58,33
78,26,19
79,11,5
80,4,4
81,2,4
82,0,0
83,0,0
84,0,0
85,0,1
86,0,1
87,0,1
88,0,0
89,0,0
90,0,0
91,0,0
92,0,0
93,0,0
94,0,0
95,0,0
96,0,0
97,0,0
98,0,0
99,0,0
100,0,0
101,0,0
102,0,0
103,0,0
104,0,0
105,0,0
106,0,0
107,0,0
108,0,0
109,0,0
110,0,0
111,0,0
112,0,0
113,0,0
114,0,0
115,0,0
116,0,0
117,0,0
118,0,0
119,0,0
120,0,0
121,0,0
122,0,0
123,0,0
124,0,0
125,0,0
126,0,0
127,0,0
128,0,0
129,0,0
130,0,0
131,0,0
132,0,0
133,0,0
134,0,0
135,0,0
136,0,0
137,0,0
138,0,0
139,0,0
