1,1,0
2,0,0
3,0,0
4,0,0
5,0,0
6,1,0
7,0,0
8,0,0
9,2,0
10,0,0
11,3,0
12,0,1
13,1,0
14,0,0
15,0,0
16,0,0
17,0,0
18,1,0
19,0,0
20,0,0
21,1,0
22,0,0
23,0,1
24,1,0
25,3,0
26,4,0
27,1,0
28,6,0
29,4,0
30,7,0
31,7,1
32,7,0
33,8,0
34,16,0
35,13,1
36,18,1
37,11,2
38,18,1
39,23,1
40,21,3
41,20,2
42,31,1
43,43,5
44,45,3
45,72,3
46,69,3
47,108,2
48,101,5
49,151,7
50,143,9
51,155,12
52,201,15
53,231,18
54,335,17
55,395,15
56,490,20
57,578,24
58,633,32
59,801,45
60,980,53
61,1256,61
62,1516,72
63,1761,79
64,2123,93
65,2581,137
66,3007,122
67,3655,176
68,4276,221
69,5322,248
70,6245,332
71,7498,390
72,8985,465
73,10907,574
74,13127,623
75,15784,765
76,18980,988
77,22680,1087
78,27311,1333
79,32447,1707
80,38731,1937
81,46669,2329
82,53466,2793
83,53584,2887
84,47370,2794
85,35340,2423
86,24446,2006
87,14810,1426
88,8654,1010
89,4635,682
90,2315,366
91,1143,243
92,542,126
93,248,72
94,110,39
95,51,26
96,28,11
97,5,5
98,4,1
99,0,2
100,1,1
101,0,0
102,0,0
103,0,0
104,0,0
105,0,0
106,0,0
107,0,0
108,0,0
109,0,0
110,0,0
111,0,0
112,0,0
113,0,0
114,0,0
115,0,0
116,0,0
117,0,0
118,0,0
119,0,0
120,0,0
121,0,0
122,0,0
123,0,0
124,0,0
125,0,0
126,0,0
127,0,0
128,0,0
129,0,0
130,0,0
131,0,0
132,0,0
133,0,0
134,0,0
135,0,0
136,0,0
137,0,0
138,0,0
139,0,0
