1,1,0
2,0,0
3,0,0
4,0,0
5,0,0
6,0,0
7,1,0
8,1,0
9,1,0
10,0,0
11,4,0
12,1,0
13,2,0
14,0,0
15,5,0
16,1,0
17,2,0
18,1,0
19,4,0
20,3,0
21,4,0
22,3,0
23,4,1
24,2,0
25,1,1
26,1,1
27,5,2
28,5,0
29,2,1
30,3,0
31,3,0
32,6,1
33,7,1
34,2,1
35,7,0
36,5,1
37,14,0
38,9,1
39,19,0
40,16,0
41,23,0
42,33,0
43,26,0
44,28,1
45,37,4
46,48,1
47,49,6
48,67,4
49,71,3
50,87,9
51,101,3
52,154,5
53,178,10
54,227,10
55,248,12
56,300,9
57,344,13
58,431,24
59,464,20
60,633,30
61,720,42
62,927,32
63,1039,35
64,1224,66
65,1489,73
66,1854,92
67,2171,109
68,2780,112
69,3330,165
70,4052,204
71,4888,218
72,5742,277
73,7012,333
74,8466,447
75,10067,525
76,12285,610
77,14536,700
78,17153,897
79,20745,1092
80,24556,1248
81,29270,1504
82,35019,1820
83,41638,2157
84,49237,2615
85,53577,2966
86,49722,2885
87,40953,2673
88,29394,2214
89,18872,1630
90,11423,1212
91,6310,783
92,3190,526
93,1610,296
94,751,179
95,391,112
96,161,56
97,85,22
98,29,17
99,16,11
100,3,5
101,1,2
102,1,0
103,0,0
104,0,0
105,0,0
106,0,1
107,0,0
108,0,0
109,1,0
110,0,0
111,0,0
112,0,0
113,0,0
114,0,0
115,0,0
116,0,0
117,0,0
118,0,0
119,0,0
120,0,0
121,0,0
122,0,0
123,0,0
124,0,0
125,0,0
126,0,0
127,0,0
128,0,0
129,0,0
130,0,0
131,0,0
132,0,0
133,0,0
134,0,0
135,0,0
136,0,0
137,0,0
138,0,0
139,0,0
