1,1,0
2,0,0
3,0,0
4,1,0
5,1,0
6,7,0
7,4,0
8,11,0
9,9,0
10,14,1
11,23,1
12,29,1
13,29,0
14,49,1
15,50,2
16,56,1
17,73,4
18,97,3
19,112,6
20,143,10
21,174,8
22,207,12
23,253,13
24,296,6
25,330,10
26,431,20
27,491,25
28,603,30
29,701,37
30,842,35
31,1038,62
32,1245,52
33,1506,74
34,1710,96
35,2053,124
36,2354,112
37,2876,139
38,3313,217
39,4059,226
40,4871,258
41,5783,280
42,6859,376
43,8321,451
44,10042,487
45,11663,608
46,13918,712
47,16750,884
48,19710,988
49,23657,1228
50,28127,1522
51,33417,1723
52,40628,2065
53,47637,2419
54,52854,2838
55,50682,2857
56,43122,2700
57,31453,2276
58,20864,1701
59,12495,1239
60,6951,871
61,3687,513
62,1849,328
63,905,215
64,397,111
65,193,50
66,82,41
67,45,14
68,20,8
69,2,7
70,3,1
71,1,3
72,2,0
73,0,0
74,0,0
75,0,0
76,0,0
77,0,0
78,0,0
79,0,0
80,0,0
81,0,0
82,0,0
83,0,0
84,0,0
85,0,0
86,0,0
87,0,0
88,0,0
89,0,0
90,0,0
91,0,0
92,0,0
93,0,0
94,0,0
95,0,0
96,0,0
97,0,0
98,0,0
99,0,0
100,0,0
101,0,0
102,0,0
103,0,0
104,0,0
105,0,0
106,0,0
107,0,0
108,0,0
109,0,0
110,0,0
111,0,0
112,0,0
113,0,0
114,0,0
115,0,0
116,0,0
117,0,0
118,0,0
119,0,0
120,0,0
121,0,0
122,0,0
123,0,0
124,0,0
125,0,0
126,0,0
127,0,0
128,0,0
129,0,0
130,0,0
131,0,0
132,0,0
133,0,0
134,0,0
135,0,0
136,0,0
137,0,0
138,0,0
139,0,0
