1,1,0
2,0,0
3,0,0
4,1,0
5,0,0
6,3,0
7,0,0
8,1,0
9,5,0
10,2,1
11,4,0
12,3,0
13,8,0
14,13,0
15,9,1
16,12,1
17,12,1
18,18,1
19,33,0
20,37,2
21,44,2
22,56,5
23,58,1
24,64,2
25,53,2
26,91,4
27,92,7
28,109,7
29,118,4
30,134,10
31,154,11
32,182,12
33,184,18
34,258,20
35,275,22
36,301,19
37,388,24
38,411,26
39,481,36
40,586,39
41,680,49
42,834,44
43,969,54
44,1090,62
45,1446,66
46,1806,87
47,2109,106
48,2514,125
49,2910,147
50,3401,185
51,4053,208
52,4985,273
53,5734,301
54,6849,387
55,8365,452
56,9917,484
57,12043,623
58,14097,699
59,16854,880
60,19912,1059
61,23823,1273
62,28819,1541
63,34436,1793
64,41152,2080
65,48395,2591
66,52134,2799
67,49085,2910
68,39952,2586
69,29170,2220
70,18429,1587
71,11065,1214
72,6141,767
73,3224,472
74,1593,263
75,719,181
76,349,110
77,140,44
78,54,29
79,26,15
80,13,11
81,8,3
82,3,3
83,0,0
84,0,1
85,0,0
86,0,0
87,0,0
88,0,0
89,0,0
90,0,0
91,0,0
92,0,0
93,0,0
94,0,0
95,0,0
96,0,0
97,0,0
98,0,0
99,0,0
100,0,0
101,0,0
102,0,0
103,0,0
104,0,0
105,0,0
106,0,0
107,0,0
108,0,0
109,0,0
110,0,0
111,0,0
112,0,0
113,0,0
114,0,0
115,0,0
116,0,0
117,0,0
118,0,0
119,0,0
120,0,0
121,0,0
122,0,0
123,0,0
124,0,0
125,0,0
126,0,0
127,0,0
128,0,0
129,0,0
130,0,0
131,0,0
132,0,0
133,0,0
134,0,0
135,0,0
136,0,0
137,0,0
138,0,0
139,0,0
