1,1,0
2,0,0
3,0,0
4,0,0
5,0,0
6,1,0
7,1,0
8,1,0
9,1,0
10,2,1
11,3,0
12,1,0
13,6,0
14,8,0
15,10,0
16,19,0
17,22,0
18,25,0
19,24,3
20,46,1
21,44,4
22,54,1
23,69,1
24,60,6
25,67,5
26,89,7
27,111,6
28,142,9
29,153,4
30,198,15
31,221,10
32,265,15
33,340,21
34,426,19
35,557,29
36,628,37
37,772,45
38,860,49
39,1048,43
40,1200,58
41,1426,75
42,1730,106
43,2136,121
44,2450,129
45,3065,159
46,3584,177
47,4166,222
48,4965,252
49,6226,317
50,7330,401
51,8553,493
52,10230,539
53,12409,643
54,14711,783
55,17650,916
56,21173,1046
57,25108,1372
58,30173,1568
59,36089,1850
60,42791,2213
61,49907,2554
62,52564,2980
63,48317,2931
64,38525,2566
65,26509,2081
66,16889,1498
67,9895,1054
68,5507,720
69,2793,465
70,1408,275
71,699,150
72,298,96
73,156,42
74,50,25
75,26,19
76,13,6
77,3,3
78,0,1
79,3,1
80,1,0
81,1,0
82,0,0
83,0,0
84,0,0
85,0,0
86,0,0
87,0,0
88,0,0
89,0,0
90,0,0
91,0,0
92,0,0
93,0,0
94,0,0
95,0,0
96,0,0
97,0,0
98,0,0
99,0,0
100,0,0
101,0,0
102,0,0
103,0,0
104,0,0
105,0,0
106,0,0
107,0,0
108,0,0
109,0,0
110,0,0
111,0,0
112,0,0
113,0,0
114,0,0
115,0,0
116,0,0
117,0,0
118,0,0
119,0,0
120,0,0
121,0,0
122,0,0
123,0,0
124,0,0
125,0,0
126,0,0
127,0,0
128,0,0
129,0,0
130,0,0
131,0,0
132,0,0
133,0,0
134,0,0
135,0,0
136,0,0
137,0,0
138,0,0
139,0,0
