1,1,0
2,0,0
3,0,0
4,0,0
5,1,0
6,0,0
7,1,0
8,3,0
9,4,0
10,0,0
11,3,0
12,3,0
13,4,0
14,6,2
15,6,0
16,10,0
17,6,0
18,5,1
19,9,0
20,5,0
21,6,1
22,11,1
23,4,1
24,7,1
25,11,0
26,6,3
27,10,0
28,11,1
29,11,2
30,10,1
31,22,2
32,27,2
33,35,2
34,36,3
35,47,1
36,41,3
37,58,2
38,57,2
39,81,2
40,104,2
41,96,5
42,120,3
43,154,11
44,199,8
45,226,11
46,299,13
47,352,16
48,435,16
49,536,23
50,631,38
51,749,31
52,916,41
53,1052,50
54,1294,71
55,1631,89
56,1925,98
57,2266,125
58,2868,127
59,3172,184
60,3915,201
61,4752,263
62,5615,266
63,6908,329
64,8241,429
65,9744,512
66,11910,599
67,14111,731
68,17012,839
69,19921,974
70,23785,1283
71,28557,1476
72,34264,1791
73,41006,2174
74,48094,2492
75,53334,2835
76,50578,2887
77,41969,2644
78,30607,2218
79,20016,1756
80,12002,1194
81,6580,770
82,3577,531
83,1765,299
84,850,170
85,362,119
86,181,64
87,68,39
88,32,28
89,11,9
90,2,3
91,2,1
92,0,0
93,1,1
94,0,1
95,0,0
96,0,0
97,0,0
98,0,0
99,0,0
100,0,0
101,0,0
102,0,0
103,0,0
104,0,0
105,0,0
106,0,0
107,0,0
108,0,0
109,0,0
110,0,0
111,0,0
112,0,0
113,0,0
114,0,0
115,0,0
116,0,0
117,0,0
118,0,0
119,0,0
120,0,0
121,0,0
122,0,0
123,0,0
124,0,0
125,0,0
126,0,0
127,0,0
128,0,0
129,0,0
130,0,0
131,0,0
132,0,0
133,0,0
134,0,0
135,0,0
136,0,0
137,0,0
138,0,0
139,0,0
