1,1,0
2,0,0
3,1,0
4,1,0
5,11,0
6,11,0
7,7,1
8,14,0
9,6,0
10,6,0
11,5,1
12,11,2
13,15,1
14,10,3
15,13,0
16,18,2
17,10,6
18,21,2
19,19,3
20,25,2
21,27,4
22,36,1
23,46,1
24,55,7
25,83,3
26,86,1
27,85,0
28,122,6
29,128,16
30,144,13
31,182,9
32,196,14
33,285,15
34,302,14
35,390,18
36,473,26
37,539,27
38,660,36
39,804,27
40,977,36
41,1101,61
42,1320,97
43,1538,80
44,1904,106
45,2356,108
46,2747,145
47,3303,207
48,4055,183
49,4792,229
50,5657,282
51,6900,338
52,8268,434
53,10087,517
54,11820,572
55,13960,770
56,16571,854
57,20077,1028
58,24216,1327
59,28428,1448
60,34660,1727
61,40681,2199
62,48098,2517
63,52562,2807
64,50238,2913
65,41712,2681
66,30354,2207
67,19979,1809
68,11791,1191
69,6654,795
70,3616,504
71,1712,282
72,849,189
73,340,124
74,194,53
75,83,37
76,29,19
77,18,10
78,8,2
79,3,1
80,0,2
81,1,0
82,0,1
83,0,0
84,0,0
85,0,0
86,0,0
87,0,0
88,0,0
89,0,0
90,0,0
91,0,0
92,0,0
93,0,0
94,0,0
95,0,0
96,0,0
97,0,0
98,0,0
99,0,0
100,0,0
101,0,0
102,0,0
103,0,0
104,0,0
105,0,0
106,0,0
107,0,0
108,0,0
109,0,0
110,0,0
111,0,0
112,0,0
113,0,0
114,0,0
115,0,0
116,0,0
117,0,0
118,0,0
119,0,0
120,0,0
121,0,0
122,0,0
123,0,0
124,0,0
125,0,0
126,0,0
127,0,0
128,0,0
129,0,0
130,0,0
131,0,0
132,0,0
133,0,0
134,0,0
135,0,0
136,0,0
137,0,0
138,0,0
139,0,0
