1,1,0
2,0,0
3,1,0
4,0,0
5,3,0
6,6,0
7,6,0
8,2,1
9,2,0
10,4,0
11,4,0
12,2,1
13,6,0
14,7,1
15,2,0
16,6,0
17,8,0
18,12,1
19,15,1
20,15,1
21,18,0
22,8,0
23,10,0
24,13,1
25,11,2
26,14,3
27,17,1
28,19,1
29,26,1
30,42,1
31,26,2
32,34,6
33,42,3
34,49,4
35,50,2
36,50,4
37,71,5
38,85,7
39,108,5
40,115,9
41,127,5
42,141,5
43,162,6
44,161,12
45,216,13
46,246,13
47,300,22
48,312,20
49,385,24
50,448,33
51,495,27
52,658,45
53,801,36
54,897,55
55,1082,56
56,1300,63
57,1594,81
58,1930,114
59,2270,103
60,2608,145
61,3156,158
62,3728,186
63,4239,249
64,5156,282
65,6337,332
66,7434,368
67,8959,463
68,10825,517
69,12977,677
70,15086,793
71,18305,952
72,21914,1093
73,26401,1376
74,31796,1630
75,37396,1972
76,44527,2207
77,50474,2715
78,51395,2951
79,44785,2796
80,34641,2373
81,22948,1947
82,14279,1365
83,8310,921
84,4438,586
85,2284,357
86,1095,241
87,522,133
88,245,65
89,89,39
90,54,23
91,12,7
92,3,6
93,5,3
94,1,1
95,0,0
96,0,0
97,1,0
98,0,0
99,0,0
100,0,0
101,0,0
102,0,0
103,0,0
104,0,0
105,0,0
106,0,0
107,0,0
108,0,0
109,0,0
110,0,0
111,0,0
112,0,0
113,0,0
114,0,0
115,0,0
116,0,0
117,0,0
118,0,0
119,0,0
120,0,0
121,0,0
122,0,0
123,0,0
124,0,0
125,0,0
126,0,0
127,0,0
128,0,0
129,0,0
130,0,0
131,0,0
132,0,0
133,0,0
134,0,0
135,0,0
136,0,0
137,0,0
138,0,0
139,0,0
