1,1,0
2,0,0
3,0,0
4,0,0
5,4,0
6,6,0
7,6,0
8,5,0
9,10,0
10,15,0
11,18,0
12,23,2
13,15,1
14,26,2
15,30,0
16,26,2
17,39,0
18,59,4
19,59,2
20,62,4
21,109,4
22,112,7
23,133,4
24,146,7
25,161,14
26,185,9
27,220,10
28,287,19
29,343,19
30,414,18
31,465,24
32,555,30
33,663,54
34,743,40
35,904,51
36,971,64
37,1201,78
38,1513,79
39,1748,97
40,2025,112
41,2531,137
42,3029,175
43,3574,195
44,4195,216
45,5112,276
46,6146,329
47,7359,384
48,8863,437
49,10840,566
50,12871,671
51,15321,772
52,18251,909
53,22180,1137
54,26317,1351
55,31546,1641
56,37299,1909
57,44575,2347
58,50859,2657
59,52842,2865
60,46744,2906
61,36036,2441
62,24715,2011
63,15709,1480
64,8792,979
65,4880,669
66,2420,388
67,1243,254
68,575,157
69,228,91
70,112,30
71,39,19
72,30,8
73,9,9
74,7,3
75,2,1
76,0,0
77,0,1
78,0,0
79,0,0
80,0,0
81,0,0
82,0,0
83,0,0
84,0,0
85,0,0
86,0,0
87,0,0
88,0,0
89,0,0
90,0,0
91,0,0
92,0,0
93,0,0
94,0,0
95,0,0
96,0,0
97,0,0
98,0,0
99,0,0
100,0,0
101,0,0
102,0,0
103,0,0
104,0,0
105,0,0
106,0,0
107,0,0
108,0,0
109,0,0
110,0,0
111,0,0
112,0,0
113,0,0
114,0,0
115,0,0
116,0,0
117,0,0
118,0,0
119,0,0
120,0,0
121,0,0
122,0,0
123,0,0
124,0,0
125,0,0
126,0,0
127,0,0
128,0,0
129,0,0
130,0,0
131,0,0
132,0,0
133,0,0
134,0,0
135,0,0
136,0,0
137,0,0
138,0,0
139,0,0
