1,1,0
2,0,0
3,0,0
4,0,0
5,0,0
6,0,0
7,1,1
8,0,0
9,1,0
10,0,0
11,2,0
12,1,0
13,1,0
14,2,0
15,0,0
16,0,0
17,1,1
18,1,0
19,0,0
20,2,1
21,1,1
22,2,0
23,2,0
24,1,0
25,2,0
26,3,0
27,6,0
28,5,0
29,11,0
30,3,0
31,8,0
32,3,1
33,2,1
34,5,0
35,7,2
36,7,0
37,8,0
38,18,2
39,13,0
40,12,1
41,15,1
42,18,2
43,28,0
44,46,0
45,39,4
46,56,1
47,71,4
48,67,4
49,78,3
50,125,5
51,133,5
52,177,10
53,217,6
54,240,10
55,314,11
56,379,16
57,446,32
58,512,26
59,587,31
60,677,39
61,831,43
62,968,52
63,1166,62
64,1338,59
65,1597,71
66,1962,101
67,2343,120
68,2724,138
69,3263,169
70,4009,234
71,4702,235
72,5575,282
73,6490,365
74,7695,434
75,9351,496
76,11286,599
77,13293,716
78,16000,861
79,19046,1004
80,23031,1181
81,27141,1403
82,32502,1682
83,38907,1972
84,46777,2409
85,55357,2829
86,62576,3350
87,62331,3581
88,54281,3333
89,40311,2870
