1,1,0
2,0,0
3,0,0
4,0,0
5,1,0
6,3,0
7,1,0
8,0,0
9,3,0
10,1,0
11,0,0
12,4,0
13,8,1
14,6,0
15,12,0
16,4,0
17,9,1
18,15,2
19,13,1
20,15,1
21,16,3
22,19,0
23,26,0
24,38,1
25,55,3
26,59,1
27,68,3
28,74,7
29,75,5
30,98,10
31,128,11
32,128,5
33,134,10
34,182,13
35,205,10
36,224,15
37,314,18
38,333,26
39,424,23
40,521,27
41,596,27
42,791,45
43,897,35
44,1038,52
45,1209,62
46,1451,57
47,1731,95
48,2110,103
49,2431,123
50,2899,163
51,3553,188
52,4357,226
53,5165,242
54,6158,340
55,7233,352
56,8931,463
57,10416,571
58,12565,664
59,14875,718
60,17797,914
61,21404,1110
62,25554,1324
63,30765,1495
64,36881,1839
65,43984,2285
66,50769,2655
67,52715,2980
68,47662,2807
69,37656,2524
70,25937,2005
71,16391,1510
72,9421,1060
73,5155,686
74,2716,409
75,1297,241
76,627,160
77,285,80
78,129,55
79,52,34
80,20,13
81,14,12
82,0,2
83,5,1
84,1,3
85,0,1
86,0,0
87,0,0
88,0,0
89,0,0
