1,1,0
2,0,0
3,0,0
4,0,0
5,2,0
6,0,0
7,5,0
8,1,0
9,2,0
10,9,0
11,8,1
12,15,0
13,18,0
14,18,0
15,19,0
16,17,0
17,27,1
18,32,3
19,48,3
20,40,1
21,55,1
22,63,5
23,93,5
24,129,5
25,145,5
26,147,6
27,168,5
28,208,9
29,261,15
30,317,11
31,364,19
32,397,17
33,504,29
34,627,35
35,768,29
36,849,55
37,1162,38
38,1209,75
39,1447,73
40,1753,86
41,2150,115
42,2529,122
43,3008,142
44,3572,194
45,4269,227
46,4876,250
47,5963,310
48,7205,387
49,8661,466
50,10311,539
51,12091,636
52,14660,774
53,17685,910
54,21030,1126
55,25036,1348
56,29882,1562
57,35691,1816
58,42896,2164
59,49996,2530
60,53088,2813
61,48026,2833
62,38483,2575
63,26971,2172
64,17101,1568
65,9898,1029
66,5580,701
67,2818,441
68,1351,251
69,683,161
70,312,89
71,141,41
72,55,25
73,25,12
74,12,6
75,2,3
76,1,3
77,0,3
78,0,0
79,0,0
80,0,0
81,0,0
82,0,0
83,0,0
84,0,0
85,0,0
86,0,0
87,0,0
88,0,0
89,0,0
