1,1,0
2,0,0
3,0,0
4,4,0
5,6,0
6,9,0
7,10,0
8,3,0
9,7,1
10,12,0
11,14,0
12,12,1
13,7,0
14,8,0
15,8,3
16,7,2
17,11,4
18,10,0
19,21,3
20,24,3
21,38,0
22,35,2
23,54,2
24,76,5
25,86,4
26,82,3
27,93,5
28,119,5
29,141,6
30,177,15
31,208,14
32,280,13
33,361,18
34,374,18
35,444,18
36,482,22
37,535,33
38,703,42
39,802,48
40,1001,51
41,1224,60
42,1484,79
43,1813,94
44,2148,100
45,2711,137
46,3103,149
47,3691,173
48,4479,230
49,5332,266
50,6410,323
51,7627,394
52,9211,457
53,11061,601
54,13098,646
55,15400,784
56,18673,937
57,22444,1144
58,26709,1397
59,31774,1663
60,37932,1902
61,44995,2272
62,51275,2717
63,51922,2927
64,45450,2842
65,34449,2424
66,23078,1890
67,14341,1391
68,8089,928
69,4429,668
70,2242,392
71,1126,225
72,504,126
73,245,75
74,93,54
75,40,24
76,14,11
77,7,10
78,2,6
79,0,0
80,0,0
81,0,0
82,0,0
83,0,0
84,0,0
85,0,0
86,0,0
87,0,0
88,0,0
89,0,0
