1,1,0
2,0,0
3,1,0
4,2,0
5,6,0
6,10,0
7,19,0
8,16,0
9,27,0
10,29,0
11,35,2
12,37,1
13,62,2
14,57,5
15,90,2
16,86,4
17,134,6
18,151,5
19,212,8
20,227,11
21,302,12
22,364,22
23,434,23
24,521,31
25,555,30
26,762,44
27,849,52
28,1023,42
29,1246,61
30,1459,74
31,1694,73
32,1974,108
33,2448,124
34,2806,161
35,3354,195
36,3962,204
37,4604,278
38,5484,294
39,6647,339
40,7913,416
41,9567,495
42,11187,568
43,13495,765
44,16021,856
45,19192,995
46,22981,1210
47,27729,1472
48,32976,1765
49,39128,1982
50,46225,2419
51,51478,2701
52,49410,2858
53,42148,2634
54,30428,2285
55,19920,1771
56,12152,1284
57,6861,829
58,3529,549
59,1860,353
60,860,206
61,381,100
62,194,60
63,71,32
64,45,15
65,7,8
66,5,3
67,3,2
68,0,3
69,0,1
70,0,0
71,0,0
72,0,0
73,0,0
74,0,0
75,0,0
76,0,0
77,0,0
78,0,0
79,0,0
80,0,0
81,0,0
82,0,0
83,0,0
84,0,0
85,0,0
86,0,0
87,0,0
88,0,0
89,0,0
