1,1,0
2,0,0
3,0,0
4,0,0
5,0,0
6,1,0
7,2,0
8,1,0
9,2,0
10,10,0
11,15,0
12,8,0
13,18,0
14,16,1
15,19,1
16,20,3
17,31,1
18,37,0
19,42,2
20,51,3
21,47,5
22,52,2
23,75,3
24,112,5
25,104,4
26,119,8
27,174,6
28,210,8
29,246,14
30,280,8
31,338,13
32,388,22
33,409,20
34,505,29
35,622,35
36,702,40
37,814,55
38,1110,73
39,1206,68
40,1424,71
41,1753,100
42,2106,100
43,2577,134
44,3122,157
45,3716,186
46,4363,207
47,5295,266
48,6256,305
49,7427,389
50,8840,424
51,10407,528
52,12756,691
53,15604,776
54,18564,986
55,22305,1106
56,26454,1402
57,31474,1702
58,37869,1878
59,45035,2364
60,50720,2767
61,51119,2952
62,45321,2788
63,34072,2455
64,23581,2001
65,14249,1445
66,8186,967
67,4478,619
68,2291,370
69,1115,272
70,589,139
71,246,69
72,109,38
73,37,23
74,19,14
75,6,6
76,9,1
77,3,1
78,0,0
79,0,0
80,0,1
81,0,1
82,0,0
83,0,0
84,0,0
85,0,0
86,0,0
87,0,0
88,0,0
89,0,0
