1,1,0
2,0,0
3,0,0
4,1,0
5,2,0
6,3,0
7,4,0
8,1,0
9,6,0
10,2,0
11,6,0
12,9,0
13,4,0
14,15,0
15,11,0
16,11,1
17,13,4
18,21,1
19,33,2
20,31,0
21,35,2
22,48,0
23,62,0
24,86,4
25,98,2
26,124,3
27,135,6
28,192,14
29,238,7
30,273,16
31,293,19
32,353,26
33,455,20
34,497,33
35,613,37
36,719,45
37,780,51
38,913,51
39,1017,57
40,1275,96
41,1501,74
42,1746,102
43,2104,128
44,2450,139
45,2911,163
46,3458,214
47,4225,237
48,4899,244
49,5928,327
50,7079,346
51,8727,421
52,10571,514
53,12434,651
54,14927,750
55,17915,942
56,21331,1061
57,25507,1283
58,30091,1567
59,36074,1845
60,43203,2172
61,50065,2639
62,53221,2821
63,48576,2946
64,38433,2567
65,27086,2026
66,17131,1604
67,10011,1176
68,5573,707
69,2857,468
70,1360,248
71,641,140
72,304,94
73,120,61
74,68,32
75,28,17
76,12,7
77,7,5
78,1,3
79,1,0
80,0,2
81,0,0
82,0,0
83,0,0
84,0,0
85,0,0
86,0,0
87,0,0
88,0,0
89,0,0
