1,1,0
2,0,0
3,2,0
4,5,0
5,15,0
6,11,0
7,17,0
8,8,0
9,7,1
10,7,0
11,9,2
12,9,1
13,12,2
14,15,1
15,27,2
16,27,1
17,24,3
18,33,3
19,28,5
20,42,1
21,48,4
22,69,5
23,84,1
24,98,1
25,105,4
26,120,6
27,146,13
28,173,6
29,202,6
30,218,13
31,278,19
32,358,23
33,439,22
34,537,28
35,655,37
36,809,37
37,985,40
38,1182,42
39,1396,72
40,1704,75
41,2085,119
42,2358,110
43,2923,157
44,3454,174
45,4112,221
46,5108,252
47,6023,329
48,7236,388
49,8565,408
50,10322,535
51,12364,624
52,14310,708
53,17295,851
54,20611,1057
55,24672,1323
56,29576,1597
57,35322,1808
58,42100,2217
59,49122,2527
60,52364,2913
61,48329,2863
62,39029,2621
63,27770,2072
64,17713,1612
65,10339,1168
66,5809,837
67,2903,451
68,1514,287
69,733,179
70,326,94
71,143,64
72,62,32
73,34,16
74,17,6
75,4,3
76,5,4
77,1,0
78,1,0
79,0,0
80,0,0
81,1,0
82,0,0
83,0,0
84,0,0
85,0,0
86,0,0
87,0,0
88,0,0
89,0,0
