1,1,0
2,0,0
3,1,0
4,0,0
5,1,0
6,3,0
7,2,0
8,3,0
9,3,0
10,0,0
11,4,0
12,4,0
13,7,1
14,8,0
15,4,0
16,2,2
17,5,1
18,9,0
19,5,1
20,6,0
21,8,0
22,3,0
23,7,1
24,7,0
25,13,1
26,15,0
27,19,0
28,22,1
29,33,1
30,45,3
31,55,2
32,57,1
33,55,1
34,62,6
35,76,2
36,87,8
37,92,10
38,114,3
39,109,7
40,139,6
41,137,11
42,232,19
43,238,16
44,281,17
45,372,17
46,353,22
47,514,23
48,653,31
49,705,44
50,836,51
51,962,59
52,1149,66
53,1374,79
54,1661,69
55,1927,97
56,2314,132
57,2777,145
58,3252,178
59,3954,202
60,4663,253
61,5603,301
62,6637,338
63,7950,416
64,9448,498
65,11408,589
66,13491,695
67,16010,819
68,18989,1025
69,22807,1215
70,26882,1446
71,32132,1670
72,38773,2067
73,45637,2356
74,51196,2597
75,51127,2943
76,44132,2742
77,33298,2398
78,22269,1862
79,13554,1377
80,7593,907
81,4172,588
82,2164,348
83,1040,195
84,472,140
85,225,55
86,97,34
87,47,19
88,19,7
89,7,6
