1,1,0
2,0,0
3,1,0
4,2,0
5,1,0
6,2,0
7,13,0
8,10,0
9,12,1
10,6,0
11,12,2
12,14,0
13,15,1
14,16,2
15,18,2
16,33,1
17,47,1
18,59,1
19,83,4
20,99,2
21,99,3
22,125,4
23,179,14
24,203,5
25,281,10
26,326,14
27,395,34
28,495,17
29,573,27
30,729,28
31,934,42
32,1012,56
33,1270,53
34,1445,85
35,1779,96
36,2008,108
37,2468,125
38,2913,138
39,3491,185
40,4099,227
41,4924,246
42,5926,312
43,7105,372
44,8727,464
45,9965,532
46,12238,601
47,14804,728
48,17529,898
49,21096,1081
50,25182,1202
51,30051,1523
52,36069,1830
53,43429,2214
54,50395,2656
55,54009,2832
56,50294,3054
57,40198,2584
58,28604,2126
59,18604,1633
60,10933,1165
61,6025,731
62,3156,475
63,1456,288
64,717,153
65,340,104
66,165,62
67,63,27
68,36,19
69,14,10
70,3,2
71,1,1
72,1,0
73,0,0
74,0,0
75,0,0
76,0,0
77,0,0
78,0,0
79,0,0
80,0,0
81,0,0
82,0,0
83,0,0
84,0,0
85,0,0
86,0,0
87,0,0
88,0,0
89,0,0
