1,1,0
2,0,0
3,0,0
4,1,0
5,0,0
6,3,1
7,2,0
8,3,1
9,1,0
10,1,0
11,1,0
12,2,0
13,4,0
14,1,0
15,2,1
16,2,0
17,8,0
18,10,0
19,20,1
20,23,1
21,31,2
22,29,0
23,45,1
24,46,2
25,98,6
26,102,1
27,143,4
28,149,6
29,206,9
30,250,9
31,316,12
32,391,17
33,463,20
34,572,27
35,677,28
36,812,36
37,1031,47
38,1198,69
39,1467,74
40,1739,82
41,2072,112
42,2421,111
43,2948,157
44,3495,186
45,4032,207
46,4726,260
47,5619,328
48,6728,391
49,8030,435
50,9569,518
51,11400,606
52,13691,758
53,16378,875
54,19545,1040
55,23075,1219
56,28072,1439
57,33317,1739
58,39742,2056
59,46812,2516
60,51904,2779
61,50603,2909
62,41914,2773
63,31161,2245
64,20271,1818
65,12266,1238
66,7010,840
67,3588,487
68,1832,298
69,933,206
70,396,102
71,199,63
72,74,25
73,31,11
74,19,5
75,6,2
76,6,3
77,0,1
78,0,0
79,0,1
80,0,0
81,0,0
82,0,0
83,0,0
84,0,0
85,0,0
86,0,0
87,0,0
88,0,0
89,0,0
