1,1,0
2,0,0
3,0,0
4,2,0
5,8,0
6,9,0
7,8,0
8,17,0
9,21,0
10,19,0
11,11,3
12,29,1
13,28,3
14,27,2
15,34,2
16,53,2
17,60,3
18,59,4
19,75,4
20,92,5
21,125,4
22,162,8
23,206,8
24,218,9
25,292,10
26,393,13
27,446,17
28,511,28
29,635,28
30,771,35
31,887,44
32,1127,41
33,1381,63
34,1701,78
35,1840,92
36,2342,117
37,2795,142
38,3288,163
39,3942,205
40,4664,230
41,5558,301
42,6557,318
43,7798,399
44,9358,490
45,11187,607
46,13337,749
47,15819,801
48,19320,975
49,22974,1207
50,27422,1413
51,32973,1753
52,39743,2027
53,47080,2381
54,53063,2749
55,51831,2993
56,44468,2743
57,32751,2264
58,22041,1851
59,13391,1282
60,7501,891
61,4080,567
62,2095,316
63,1015,192
64,466,118
65,204,64
66,86,36
67,35,25
68,11,8
69,8,4
70,2,3
71,1,1
72,0,0
73,0,0
74,0,1
75,0,0
76,0,0
77,0,0
78,0,0
79,0,0
80,0,0
81,0,0
82,0,0
83,0,0
84,0,0
85,0,0
86,0,0
87,0,0
88,0,0
89,0,0
