1,1,0
2,0,0
3,0,0
4,0,0
5,0,0
6,0,1
7,1,0
8,0,0
9,0,0
10,1,0
11,0,0
12,0,0
13,0,0
14,5,1
15,0,0
16,3,0
17,6,0
18,1,0
19,5,0
20,2,0
21,5,0
22,3,1
23,0,0
24,2,1
25,4,0
26,2,3
27,1,1
28,1,0
29,1,0
30,0,0
31,0,0
32,0,0
33,2,0
34,0,2
35,2,0
36,0,0
37,1,0
38,1,0
39,4,0
40,1,0
41,0,0
42,2,0
43,2,0
44,1,0
45,2,0
46,2,0
47,6,0
48,9,0
49,6,0
50,7,1
51,4,1
52,7,0
53,4,1
54,7,2
55,5,0
56,7,1
57,6,0
58,5,1
59,9,1
60,4,1
61,2,1
62,3,0
63,8,1
64,3,1
65,3,0
66,6,1
67,2,1
68,4,1
69,5,0
70,9,0
71,10,0
72,14,1
73,17,0
74,17,1
75,19,0
76,34,0
77,37,3
78,48,3
79,46,4
80,62,5
81,89,2
82,137,3
83,142,5
84,149,15
85,191,10
86,245,10
87,282,17
88,308,16
89,385,18
