1,1,0
2,0,0
3,0,0
4,0,0
5,1,0
6,2,0
7,0,0
8,2,0
9,2,0
10,0,0
11,3,0
12,7,0
13,2,0
14,3,0
15,4,1
16,3,0
17,3,2
18,6,0
19,9,0
20,6,0
21,13,0
22,18,3
23,16,0
24,21,0
25,27,1
26,26,2
27,39,0
28,45,4
29,55,0
30,72,5
31,98,6
32,106,3
33,118,8
34,155,4
35,159,11
36,200,7
37,213,15
38,279,15
39,327,19
40,410,24
41,494,25
42,597,27
43,792,49
44,926,38
45,1035,51
46,1278,52
47,1527,69
48,1888,95
49,2186,92
50,2691,146
51,3177,165
52,3723,182
53,4519,233
54,5475,289
55,6355,366
56,7606,369
57,9135,481
58,10791,585
59,12727,709
60,15207,843
61,18061,986
62,21472,1094
63,25952,1350
64,30911,1607
65,36836,1978
66,43713,2267
67,50639,2748
68,52492,2907
69,46730,2697
70,35838,2491
71,24652,2019
72,15476,1459
73,9012,1011
74,4723,612
75,2626,432
76,1211,231
77,560,120
78,272,82
79,114,43
80,44,23
81,26,11
82,12,10
83,2,1
84,1,2
85,0,1
86,0,1
87,0,0
88,0,0
89,0,0
