1,1,0
2,0,0
3,1,0
4,1,0
5,6,0
6,10,0
7,16,0
8,17,0
9,29,0
10,22,0
11,32,0
12,28,3
13,32,3
14,34,3
15,51,2
16,63,7
17,96,6
18,121,4
19,126,7
20,157,2
21,202,9
22,295,11
23,331,10
24,435,17
25,514,27
26,611,21
27,672,31
28,877,33
29,1002,57
30,1193,60
31,1466,81
32,1819,98
33,2256,109
34,2659,115
35,3170,151
36,3739,182
37,4523,232
38,5359,269
39,6582,328
40,7940,384
41,9607,466
42,11347,588
43,13583,710
44,16489,801
45,19473,976
46,23191,1275
47,27761,1422
48,32822,1780
49,39159,2075
50,46627,2395
51,52244,2831
52,51406,2833
53,43763,2784
54,32590,2288
55,21664,1865
56,13219,1330
57,7395,849
58,3970,597
59,2121,353
60,972,201
61,425,108
62,235,65
