1,1,0
2,0,0
3,2,0
4,2,0
5,1,0
6,4,0
7,0,0
8,3,0
9,5,0
10,5,0
11,6,0
12,6,0
13,6,0
14,11,1
15,9,0
16,8,0
17,8,0
18,12,1
19,11,1
20,20,1
21,17,2
22,34,0
23,44,3
24,60,1
25,64,4
26,75,1
27,89,3
28,128,5
29,148,7
30,165,10
31,230,10
32,280,9
33,363,15
34,443,20
35,548,24
36,670,29
37,814,34
38,964,67
39,1166,40
40,1341,59
41,1654,75
42,1960,98
43,2344,130
44,2857,128
45,3451,133
46,3945,196
47,4786,261
48,5695,304
49,6830,359
50,8210,446
51,9724,522
52,11670,613
53,13976,708
54,17169,861
55,20513,1068
56,24349,1250
57,29116,1491
58,34900,1827
59,41041,2095
60,49789,2509
61,59375,3094
62,70430,3646
