1,1,0
2,0,0
3,0,0
4,1,0
5,1,0
6,3,0
7,5,0
8,5,0
9,9,0
10,5,0
11,12,0
12,15,1
13,18,1
14,25,0
15,34,2
16,44,1
17,44,0
18,60,2
19,58,4
20,65,6
21,86,4
22,102,11
23,141,8
24,163,7
25,205,13
26,208,16
27,258,13
28,343,22
29,330,29
30,448,24
31,549,21
32,547,28
33,713,39
34,847,48
35,1050,42
36,1191,61
37,1402,72
38,1618,93
39,2104,96
40,2413,118
41,2992,139
42,3507,192
43,4306,218
44,4937,264
45,5942,290
46,7064,382
47,8541,423
48,10062,486
49,11992,666
50,14640,731
51,17282,896
52,20873,1043
53,24675,1309
54,29958,1590
55,35752,1861
56,42594,2159
57,50533,2569
58,58605,3056
59,61325,3376
60,55348,3292
61,43293,2947
62,29746,2379
