1,1,0
2,0,0
3,0,0
4,0,0
5,1,0
6,1,0
7,1,0
8,2,0
9,1,0
10,0,0
11,0,0
12,1,0
13,1,0
14,0,0
15,2,0
16,4,0
17,4,0
18,7,0
19,7,0
20,10,1
21,17,1
22,8,1
23,23,1
24,22,3
25,40,1
26,51,2
27,58,3
28,42,2
29,61,4
30,62,5
31,49,5
32,81,4
33,97,10
34,109,6
35,144,8
36,155,16
37,164,14
38,216,11
39,256,17
40,356,14
41,417,21
42,470,23
43,543,27
44,604,37
45,753,38
46,896,59
47,1101,41
48,1269,77
49,1592,92
50,1811,89
51,2212,112
52,2578,135
53,3112,163
54,3756,199
55,4430,271
56,5288,293
57,6094,356
58,7577,388
59,9045,458
60,10527,569
61,12826,677
62,15452,852
