1,1,0
2,0,0
3,0,0
4,1,0
5,0,0
6,4,0
7,1,0
8,4,0
9,5,0
10,8,0
11,6,0
12,5,0
13,4,0
14,5,0
15,8,1
16,8,0
17,11,1
18,9,0
19,13,2
20,6,1
21,5,1
22,9,2
23,14,4
24,9,0
25,5,0
26,14,2
27,10,1
28,23,3
29,22,1
30,17,3
31,20,3
32,27,5
33,27,2
34,42,5
35,52,2
36,49,3
37,72,6
38,79,3
39,94,13
40,117,9
41,135,8
42,163,17
43,227,9
44,279,12
45,344,14
46,434,13
47,553,24
48,680,25
49,748,38
50,963,43
51,1127,48
52,1311,73
53,1568,76
54,1885,81
55,2238,115
56,2807,125
57,3384,185
58,3869,185
59,4724,248
60,5493,304
61,6479,315
62,7832,454
