1,1,0
2,0,0
3,0,0
4,2,0
5,1,0
6,2,0
7,5,0
8,7,1
9,3,0
10,8,0
11,7,1
12,6,0
13,11,0
14,13,1
15,20,1
16,30,0
17,20,0
18,21,3
19,32,0
20,32,1
21,39,1
22,50,3
23,84,3
24,92,6
25,86,9
26,141,8
27,160,10
28,182,8
29,247,14
30,322,14
31,424,19
32,469,23
33,570,29
34,725,27
35,844,41
36,985,46
37,1166,76
38,1448,77
39,1679,99
40,2052,98
41,2490,125
42,2933,168
43,3581,196
44,4191,229
45,5090,251
46,6325,328
47,7552,371
48,9033,452
49,10865,528
50,12901,678
51,15587,803
52,18795,984
53,22359,1155
54,26304,1381
55,31563,1641
56,37877,1960
57,45265,2297
58,53940,2858
59,63165,3268
60,66589,3745
61,62111,3629
62,49288,3255
