1,1,0
2,0,0
3,0,0
4,0,0
5,0,0
6,3,0
7,3,0
8,4,0
9,3,0
10,3,0
11,7,0
12,7,0
13,10,0
14,15,0
15,21,1
16,36,1
17,37,0
18,58,2
19,50,2
20,59,4
21,66,5
22,85,6
23,99,5
24,141,10
25,166,10
26,180,9
27,241,12
28,296,12
29,352,16
30,391,23
31,505,32
32,602,29
33,658,39
34,805,52
35,951,57
36,1177,71
37,1320,65
38,1613,84
39,1837,115
40,2353,111
41,2816,162
42,3366,174
43,3998,196
44,4930,231
45,5962,302
46,7014,349
47,8496,433
48,10199,536
49,12303,632
50,14821,753
51,17887,889
52,21384,1105
53,25484,1322
54,30397,1539
55,36887,1930
56,44392,2205
57,52649,2634
58,60080,3115
59,60610,3299
60,53284,3278
61,40443,2780
62,27365,2290
