1,1,0
2,0,0
3,1,0
4,4,0
5,10,0
6,12,0
7,10,0
8,14,0
9,17,0
10,30,2
11,45,0
12,45,3
13,69,1
14,88,3
15,87,1
16,118,5
17,135,5
18,163,6
19,203,15
20,280,7
21,297,9
22,382,14
23,449,26
24,514,28
25,589,34
26,757,39
27,909,54
28,1140,50
29,1290,59
30,1660,86
31,1909,111
32,2199,126
33,2783,139
34,3209,178
35,3888,210
36,4659,256
37,5738,292
38,6567,367
39,8224,411
40,9469,518
41,11408,552
42,13498,720
43,16239,809
44,19319,962
45,23338,1149
46,27714,1434
47,33616,1741
48,39454,2033
49,46892,2482
50,52431,2760
51,52353,2977
52,43751,2817
53,32792,2305
54,21828,1790
55,13384,1287
56,7547,930
57,3912,603
58,1973,331
59,908,217
60,517,122
61,207,79
62,114,44
