1,1,0
2,0,0
3,0,0
4,1,0
5,2,0
6,3,0
7,2,1
8,1,0
9,2,0
10,0,1
11,2,0
12,9,0
13,10,1
14,7,1
15,5,0
16,5,0
17,15,0
18,16,0
19,13,2
20,18,0
21,12,0
22,12,2
23,23,2
24,15,4
25,19,2
26,16,3
27,25,2
28,30,2
29,51,1
30,65,1
31,76,5
32,75,2
33,109,6
34,106,7
35,124,10
36,114,8
37,180,15
38,176,6
39,198,13
40,251,14
41,255,12
42,361,17
43,386,24
44,520,29
45,613,40
46,727,22
47,822,39
48,956,48
49,1164,73
50,1362,79
51,1638,106
52,2000,122
53,2373,127
54,2980,157
55,3455,182
56,4207,197
57,5140,242
58,5989,312
59,7169,362
60,8698,429
61,10636,547
62,12493,619
