1,1,0
2,0,0
3,3,0
4,3,0
5,13,0
6,11,0
7,15,0
8,8,0
9,21,0
10,21,1
11,21,0
12,19,2
13,36,1
14,45,2
15,69,1
16,56,3
17,98,5
18,104,2
19,134,3
20,158,6
21,167,7
22,222,12
23,274,16
24,309,18
25,315,19
26,408,28
27,511,24
28,591,24
29,639,49
30,898,47
31,972,38
32,1143,70
33,1379,72
34,1579,73
35,1777,114
36,2271,113
37,2741,153
38,3323,174
39,3849,199
40,4680,261
41,5520,295
42,6507,340
43,7718,407
44,9041,491
45,10864,593
46,13091,721
47,15965,808
48,18777,1030
49,22425,1114
50,26549,1391
51,31537,1613
52,38079,2016
53,45414,2371
54,51392,2733
55,51108,2951
56,44407,2745
57,33555,2350
58,22674,1786
59,13769,1356
60,7932,873
61,4239,580
62,2145,366
63,1035,228
64,525,126
65,217,69
66,110,26
67,41,25
68,19,10
69,6,6
70,3,4
71,1,2
72,0,0
73,2,1
74,0,0
75,0,0
76,0,0
77,0,0
78,0,0
79,0,0
80,0,0
81,0,0
82,0,0
83,0,0
84,0,0
85,0,0
86,0,0
87,0,0
88,0,0
89,0,0
90,0,0
91,0,0
92,0,0
93,0,0
94,0,0
95,0,0
96,0,0
97,0,0
98,0,0
