1,1,0
2,0,0
3,0,0
4,2,0
5,0,0
6,6,0
7,3,0
8,6,0
9,10,0
10,13,0
11,7,0
12,6,2
13,21,1
14,26,2
15,43,1
16,53,3
17,43,3
18,60,4
19,50,5
20,79,5
21,90,6
22,105,6
23,92,10
24,96,10
25,137,8
26,153,11
27,173,15
28,232,13
29,268,18
30,316,11
31,423,18
32,485,19
33,626,30
34,668,47
35,847,48
36,988,51
37,1234,54
38,1503,87
39,1757,84
40,2093,109
41,2444,125
42,2987,142
43,3731,170
44,4379,218
45,5131,294
46,6463,306
47,7458,386
48,9229,472
49,10816,543
50,13435,684
51,15553,839
52,18713,961
53,22373,1049
54,26985,1432
55,31870,1753
56,37713,2018
57,44663,2391
58,50922,2743
59,50426,2836
60,43786,2713
61,32908,2340
62,22019,1880
63,13545,1374
64,7656,937
65,4066,600
66,2152,366
67,1028,186
68,461,152
69,221,80
70,100,36
71,35,23
72,17,6
73,8,4
74,2,2
75,2,2
76,0,3
77,1,0
78,0,1
79,0,0
80,0,0
81,0,0
82,0,0
83,0,0
84,0,0
85,0,0
86,0,0
87,0,0
88,0,0
89,0,0
90,0,0
91,0,0
92,0,0
93,0,0
94,0,0
95,0,0
96,0,0
97,0,0
98,0,0
