1,1,0
2,0,0
3,0,0
4,1,0
5,7,0
6,7,0
7,12,0
8,5,1
9,14,0
10,7,0
11,8,0
12,17,0
13,26,1
14,28,1
15,26,3
16,22,1
17,42,5
18,33,3
19,47,3
20,44,4
21,75,2
22,99,5
23,104,7
24,142,7
25,172,12
26,199,3
27,264,11
28,329,13
29,407,13
30,491,15
31,450,20
32,596,36
33,739,36
34,799,46
35,1028,63
36,1197,65
37,1556,69
38,1807,96
39,2150,110
40,2473,116
41,3147,147
42,3774,172
43,4640,240
44,5565,271
45,6576,367
46,7812,382
47,9672,440
48,11244,552
49,13302,700
50,16340,816
51,19510,1037
52,23542,1177
53,27985,1485
54,33434,1635
55,40190,2105
56,47460,2403
57,52631,2760
58,51742,2900
59,44031,2825
60,32662,2330
61,21900,1861
62,13148,1394
63,7476,918
64,3961,574
65,2068,414
66,967,222
67,472,125
68,235,72
69,80,32
70,33,22
71,21,5
72,5,8
73,0,4
74,0,3
75,0,0
76,0,0
77,0,0
78,0,0
79,0,0
80,0,0
81,0,0
82,0,0
83,0,0
84,0,0
85,0,0
86,0,0
87,0,0
88,0,0
89,0,0
90,0,0
91,0,0
92,0,0
93,0,0
94,0,0
95,0,0
96,0,0
97,0,0
98,0,0
