1,1,0
2,0,0
3,1,0
4,3,0
5,6,0
6,2,0
7,9,0
8,8,0
9,7,1
10,6,0
11,8,0
12,12,0
13,11,0
14,11,0
15,9,3
16,12,0
17,11,0
18,9,2
19,22,1
20,25,3
21,38,2
22,50,2
23,67,1
24,70,2
25,91,5
26,135,4
27,136,4
28,157,6
29,236,7
30,314,13
31,354,15
32,467,18
33,522,28
34,583,25
35,685,40
36,852,48
37,1034,48
38,1302,65
39,1525,67
40,1923,90
41,2261,118
42,2743,133
43,3267,184
44,4043,184
45,4838,240
46,5850,305
47,6935,338
48,8171,421
49,10048,421
50,11931,614
51,14298,753
52,16676,845
53,20058,1026
54,24001,1282
55,28755,1476
56,34605,1812
57,40923,2217
58,48550,2492
59,53810,2773
60,51033,3007
61,41978,2646
62,30831,2247
63,20219,1668
64,11864,1230
65,6674,838
66,3504,554
67,1745,355
68,853,170
69,406,113
70,178,63
71,88,33
72,39,17
73,15,5
74,6,3
75,2,1
76,1,0
77,0,0
78,0,0
79,0,0
80,0,0
81,0,1
82,0,0
83,0,0
84,0,0
85,0,0
86,0,0
87,0,0
88,0,0
89,0,0
90,0,0
91,0,0
92,0,0
93,0,0
94,0,0
95,0,0
96,0,0
97,0,0
98,0,0
