1,1,0
2,0,0
3,0,0
4,1,0
5,1,0
6,0,1
7,0,0
8,2,0
9,0,0
10,0,0
11,0,0
12,5,0
13,6,0
14,7,0
15,2,1
16,4,0
17,3,1
18,5,0
19,9,1
20,4,0
21,7,1
22,11,1
23,14,2
24,13,1
25,12,2
26,19,1
27,24,3
28,12,1
29,22,2
30,16,3
31,38,2
32,56,3
33,63,1
34,61,5
35,83,5
36,102,7
37,107,6
38,147,3
39,152,6
40,187,13
41,260,17
42,348,17
43,422,9
44,487,23
45,598,30
46,713,30
47,889,48
48,1061,55
49,1323,54
50,1540,82
51,1728,93
52,2115,97
53,2546,129
54,2846,168
55,3495,187
56,4229,219
57,5180,277
58,6163,311
59,7402,380
60,9136,476
61,10843,527
62,12944,635
63,15552,749
64,18622,935
65,21867,1102
66,26980,1363
67,32101,1616
68,38182,1894
69,45170,2309
70,52338,2748
71,53405,2954
72,47898,2897
73,36533,2522
74,25266,2021
75,15753,1454
76,9058,1028
77,4888,659
78,2407,407
79,1244,224
80,546,121
81,233,90
82,107,44
83,60,21
84,23,6
85,9,7
86,6,7
87,1,2
88,1,0
89,0,0
90,0,0
91,0,0
92,0,0
93,0,0
94,0,0
95,0,0
96,0,0
97,0,0
98,0,0
