1,1,0
2,0,0
3,0,0
4,0,0
5,1,0
6,0,0
7,1,0
8,0,0
9,0,0
10,1,0
11,1,0
12,0,0
13,2,0
14,1,0
15,5,0
16,3,0
17,1,0
18,3,1
19,5,0
20,7,0
21,9,0
22,8,1
23,18,0
24,16,2
25,26,0
26,12,1
27,25,2
28,38,1
29,62,2
30,60,0
31,79,4
32,105,3
33,112,6
34,126,4
35,162,9
36,188,8
37,266,13
38,246,13
39,304,17
40,410,22
41,471,21
42,568,27
43,661,29
44,807,41
45,998,50
46,1206,72
47,1398,80
48,1776,80
49,2122,114
50,2577,130
51,3096,154
52,3720,196
53,4329,220
54,5302,249
55,6610,312
56,7693,410
57,9067,457
58,10997,555
59,13055,635
60,15912,785
61,19079,969
62,22807,1190
63,27213,1312
64,32753,1730
65,39094,2011
66,47347,2313
67,53578,2821
68,54253,2829
69,47434,2876
70,36265,2464
71,24727,1997
72,15104,1426
73,8843,1009
74,4698,644
75,2439,415
76,1085,230
77,541,144
78,251,76
79,110,49
80,42,25
81,17,10
82,9,2
83,5,3
84,1,1
85,0,1
86,0,0
87,0,0
88,0,0
89,0,0
90,0,0
91,0,0
92,0,0
93,0,0
94,0,0
95,0,0
96,0,0
97,0,0
98,0,0
