1,1,0
2,0,0
3,0,0
4,0,0
5,2,0
6,5,0
7,1,0
8,3,0
9,3,0
10,6,0
11,4,1
12,5,2
13,5,2
14,8,0
15,10,0
16,9,1
17,11,0
18,19,1
19,14,1
20,24,2
21,31,0
22,17,0
23,39,1
24,41,3
25,50,3
26,50,6
27,61,1
28,69,1
29,90,8
30,122,9
31,114,12
32,145,5
33,173,6
34,217,13
35,237,13
36,297,11
37,370,27
38,442,26
39,548,29
40,669,43
41,751,36
42,846,40
43,1059,54
44,1275,61
45,1412,91
46,1669,105
47,1949,107
48,2446,138
49,2886,175
50,3628,181
51,4379,239
52,5310,257
53,6474,318
54,7670,409
55,9240,466
56,10826,521
57,12937,634
58,15084,821
59,18189,987
60,21660,1096
61,26042,1377
62,31085,1657
63,37209,1986
64,44899,2396
65,51264,2670
66,52841,2844
67,46359,2799
68,36071,2462
69,25058,1962
70,15556,1446
71,8924,1003
72,4728,648
73,2447,386
74,1219,257
75,565,132
76,227,82
77,136,49
78,53,22
79,26,17
80,7,6
81,4,4
82,1,3
83,2,3
84,2,0
85,0,0
86,0,0
87,0,0
88,0,0
89,0,0
90,0,0
91,0,0
92,0,0
93,0,0
94,0,0
95,0,0
96,0,0
97,0,0
98,0,0
