1,1,0
2,0,0
3,0,0
4,1,0
5,2,0
6,3,0
7,1,0
8,6,0
9,8,0
10,12,0
11,14,0
12,24,1
13,27,0
14,46,1
15,32,1
16,39,2
17,45,5
18,48,3
19,63,0
20,83,5
21,81,8
22,100,7
23,124,8
24,156,13
25,195,8
26,245,9
27,275,13
28,330,17
29,371,28
30,458,25
31,557,34
32,681,34
33,834,41
34,981,34
35,1175,48
36,1423,52
37,1751,77
38,2047,114
39,2551,125
40,3029,153
41,3561,160
42,4263,217
43,4985,224
44,6185,305
45,7248,411
46,8768,472
47,10392,552
48,12323,652
49,14801,808
50,18070,991
51,21118,1072
52,25329,1287
53,30429,1619
54,36033,1879
55,43247,2232
56,49501,2599
57,51539,2888
58,45686,2840
59,36174,2567
60,25259,1987
61,15703,1497
62,9182,1076
63,5005,672
64,2571,446
65,1268,270
66,556,124
67,278,86
68,135,41
69,63,29
70,24,12
71,10,6
72,3,2
73,2,2
74,0,0
75,0,0
76,0,1
77,0,0
78,0,0
79,0,0
80,0,0
81,0,0
82,0,0
83,0,0
84,0,0
85,0,0
86,0,0
87,0,0
88,0,0
89,0,0
90,0,0
91,0,0
92,0,0
93,0,0
94,0,0
95,0,0
96,0,0
97,0,0
98,0,0
