1,1,0
2,0,0
3,0,0
4,0,0
5,0,0
6,1,0
7,2,0
8,1,0
9,0,0
10,3,0
11,3,0
12,0,0
13,1,0
14,1,0
15,1,0
16,2,0
17,2,0
18,2,1
19,0,0
20,4,0
21,8,0
22,4,0
23,7,1
24,4,0
25,6,0
26,7,1
27,15,1
28,13,0
29,12,0
30,14,0
31,19,2
32,15,2
33,22,0
34,33,6
35,35,1
36,26,1
37,27,4
38,46,3
39,52,1
40,66,3
41,74,5
42,97,4
43,104,7
44,105,9
45,149,11
46,190,11
47,243,8
48,299,11
49,362,15
50,465,12
51,558,20
52,634,43
53,730,31
54,827,43
55,1049,66
56,1273,70
57,1584,70
58,2017,63
59,2477,101
60,2940,137
61,3483,179
62,4228,193
63,5113,252
64,6117,301
65,7099,359
66,8690,424
67,10242,541
68,12364,599
69,14822,794
70,17700,976
71,21183,1093
72,25445,1363
73,30469,1532
74,36323,1864
75,43412,2172
76,50567,2638
77,53179,2933
78,48085,2960
79,38851,2571
80,27311,2104
81,17380,1510
82,10260,1083
83,5482,715
84,2813,467
85,1412,286
86,653,145
87,338,99
88,143,55
89,64,35
90,26,14
91,11,12
92,2,2
93,3,3
94,0,0
95,0,0
96,0,1
97,0,0
98,0,0
