1,1,0
2,0,0
3,1,0
4,0,0
5,1,0
6,0,0
7,2,0
8,1,0
9,0,0
10,1,0
11,3,0
12,2,0
13,1,0
14,6,0
15,6,1
16,3,0
17,3,0
18,6,3
19,4,1
20,4,0
21,4,0
22,6,1
23,9,0
24,8,1
25,12,0
26,15,0
27,12,4
28,22,1
29,25,0
30,32,2
31,19,1
32,29,2
33,42,1
34,53,3
35,57,2
36,68,1
37,85,4
38,64,6
39,112,8
40,112,5
41,170,6
42,178,11
43,218,8
44,267,7
45,367,16
46,410,21
47,500,23
48,567,22
49,630,35
50,774,45
51,893,43
52,1143,67
53,1372,71
54,1541,85
55,1949,82
56,2356,138
57,2883,143
58,3423,159
59,3958,195
60,4813,247
61,5831,320
62,6862,380
63,8218,428
64,9804,459
65,11727,552
66,14159,716
67,17100,862
68,20719,1044
69,25095,1239
70,29781,1545
71,36085,1814
72,43187,2180
73,50845,2559
74,54863,2934
75,51929,2829
76,42171,2641
77,30100,2257
78,19653,1761
79,11790,1208
80,6476,808
81,3442,494
82,1631,285
83,870,181
84,335,113
85,161,64
86,62,38
87,45,20
88,16,10
89,5,5
90,0,3
91,1,0
92,0,1
93,0,0
94,0,0
95,0,0
96,0,0
97,0,0
98,0,0
