1,1,0
2,0,0
3,0,0
4,0,0
5,1,0
6,1,0
7,2,0
8,4,0
9,7,0
10,3,0
11,6,0
12,7,0
13,13,1
14,6,0
15,12,0
16,27,1
17,26,1
18,31,2
19,34,0
20,33,2
21,33,3
22,32,0
23,38,5
24,41,3
25,40,5
26,54,3
27,64,4
28,84,2
29,82,5
30,115,7
31,136,3
32,168,12
33,211,9
34,260,13
35,307,17
36,404,16
37,401,35
38,497,24
39,595,25
40,716,39
41,801,54
42,984,48
43,1156,58
44,1396,80
45,1701,111
46,2116,90
47,2496,121
48,3151,132
49,3640,178
50,4455,205
51,5127,265
52,6005,332
53,7182,387
54,8693,468
55,10585,530
56,12015,668
57,14419,766
58,17367,912
59,20619,1056
60,24618,1305
61,29231,1537
62,35214,1745
63,41764,2210
64,48853,2621
65,52385,2811
66,48272,2779
67,38801,2641
68,27198,2182
69,17595,1623
70,10424,1088
71,5651,776
72,2927,472
73,1372,263
74,702,173
75,338,102
76,138,44
77,59,25
78,19,17
79,8,9
80,6,6
81,1,3
82,0,1
83,0,0
84,1,0
85,1,0
86,0,0
87,0,0
88,0,0
89,0,0
90,0,0
91,0,0
92,0,0
93,0,0
94,0,0
95,0,0
96,0,0
97,0,0
98,0,0
