1,1,0
2,0,0
3,0,0
4,6,0
5,7,0
6,10,0
7,14,0
8,13,0
9,27,0
10,34,1
11,37,1
12,50,2
13,60,3
14,86,0
15,100,9
16,104,1
17,125,5
18,160,7
19,182,6
20,239,10
21,294,9
22,316,15
23,365,19
24,497,28
25,610,18
26,690,23
27,761,36
28,924,53
29,1151,66
30,1297,76
31,1533,86
32,1934,99
33,2164,126
34,2617,142
35,3082,142
36,3724,209
37,4535,237
38,5551,260
39,6614,317
40,7854,393
41,9295,473
42,11282,576
43,13359,613
44,16193,849
45,19177,1047
46,23321,1173
47,27806,1475
48,33467,1711
49,39800,2033
50,46938,2493
51,52267,2819
52,51703,2852
53,43263,2795
54,32399,2395
55,21490,1867
56,13027,1314
57,7464,879
58,4010,589
59,2048,313
60,972,217
61,451,108
62,228,74
63,76,32
64,41,29
65,22,18
66,5,2
67,2,1
68,0,4
69,0,0
70,0,0
71,0,0
72,0,0
73,0,0
74,0,0
75,0,0
76,0,0
77,0,0
78,0,0
79,0,0
80,0,0
81,0,0
82,0,0
83,0,0
84,0,0
85,0,0
86,0,0
87,0,0
88,0,0
89,0,0
90,0,0
91,0,0
92,0,0
93,0,0
94,0,0
95,0,0
96,0,0
97,0,0
98,0,0
