1,1,0
2,0,0
3,2,0
4,0,0
5,5,0
6,8,0
7,3,0
8,9,0
9,15,0
10,32,0
11,30,0
12,26,1
13,43,3
14,48,2
15,56,4
16,82,4
17,114,5
18,141,2
19,115,7
20,155,9
21,206,10
22,215,12
23,297,16
24,304,17
25,413,15
26,477,23
27,579,30
28,661,41
29,813,36
30,969,49
31,1190,56
32,1453,70
33,1736,83
34,2045,105
35,2489,121
36,2987,139
37,3479,194
38,4099,240
39,5019,233
40,6118,276
41,7308,398
42,8752,420
43,10687,514
44,13009,624
45,15302,756
46,18382,930
47,21909,1100
48,26314,1362
49,31871,1641
50,37917,1872
51,44869,2333
52,51623,2654
53,54035,3012
54,48392,2884
55,38188,2591
56,26205,2078
57,16549,1540
58,9594,1014
59,5124,672
60,2670,442
61,1356,256
62,616,163
63,279,100
64,143,51
65,47,24
66,33,8
67,7,7
68,5,5
69,2,2
70,0,1
71,0,1
72,0,0
73,0,0
74,0,0
75,0,0
76,0,0
77,0,0
78,0,0
79,0,0
80,0,0
81,0,0
82,0,0
83,0,0
84,0,0
85,0,0
86,0,0
87,0,0
88,0,0
89,0,0
90,0,0
91,0,0
92,0,0
93,0,0
94,0,0
95,0,0
96,0,0
97,0,0
98,0,0
