1,1,0
2,0,0
3,0,0
4,0,0
5,1,0
6,1,0
7,1,0
8,2,0
9,0,0
10,3,0
11,5,0
12,9,0
13,7,0
14,6,1
15,7,0
16,4,1
17,9,0
18,7,2
19,11,0
20,17,0
21,22,1
22,20,0
23,30,0
24,45,0
25,58,3
26,68,5
27,95,4
28,100,4
29,112,10
30,141,4
31,157,11
32,233,14
33,264,7
34,350,19
35,376,25
36,389,30
37,502,35
38,579,35
39,695,43
40,817,47
41,1039,59
42,1292,63
43,1525,74
44,1715,105
45,2176,110
46,2569,130
47,2982,154
48,3654,178
49,4350,219
50,5347,257
51,6139,331
52,7674,357
53,9078,467
54,10890,589
55,13043,647
56,15685,790
57,18652,919
58,22469,1153
59,26933,1367
60,31849,1631
61,37796,2055
62,44806,2358
63,50366,2776
64,50127,2862
65,43792,2838
66,32707,2370
67,22080,1868
68,13523,1373
69,7684,915
70,4094,579
71,2083,381
72,1004,223
73,484,135
74,255,48
75,70,31
76,48,16
77,23,8
78,7,4
79,0,3
80,2,4
81,0,0
82,1,0
83,1,1
84,0,0
85,0,0
86,0,0
87,0,0
88,0,0
89,0,0
90,0,0
91,0,0
92,0,0
93,0,0
94,0,0
95,0,0
96,0,0
97,0,0
98,0,0
