1,1,0
2,0,0
3,0,0
4,0,0
5,1,0
6,0,0
7,0,0
8,1,0
9,4,0
10,2,0
11,3,0
12,2,0
13,1,0
14,2,0
15,2,0
16,0,1
17,0,0
18,1,1
19,4,0
20,3,1
21,2,0
22,3,0
23,2,0
24,0,0
25,1,0
26,6,0
27,2,0
28,4,0
29,5,1
30,5,0
31,2,1
32,2,0
33,7,0
34,4,1
35,7,0
36,12,0
37,25,1
38,27,2
39,41,0
40,33,3
41,64,3
42,66,1
43,105,3
44,109,4
45,109,5
46,144,4
47,174,4
48,211,9
49,256,16
50,272,13
51,333,12
52,432,16
53,454,22
54,548,36
55,649,30
56,733,43
57,910,49
58,1075,71
59,1342,67
60,1617,91
61,2072,104
62,2414,113
63,2939,135
64,3576,186
65,4246,194
66,5207,280
67,6248,300
68,7355,351
69,8756,429
70,10444,549
71,12583,683
72,14888,813
73,17756,886
74,21865,1095
75,26011,1322
76,30842,1565
77,36832,1925
78,43888,2292
79,50825,2716
80,53023,2895
81,48107,2820
82,37701,2552
83,26126,2000
84,16090,1507
85,9688,1038
86,5246,728
87,2681,474
88,1291,257
89,592,152
90,261,87
91,151,44
92,49,14
93,37,17
94,11,3
95,1,5
96,2,2
97,1,0
98,0,1
