1,1,0
2,0,0
3,0,0
4,0,0
5,0,0
6,0,0
7,0,0
8,1,1
9,0,0
10,0,0
11,4,0
12,4,0
13,4,0
14,9,0
15,7,0
16,13,0
17,17,0
18,16,0
19,21,2
20,35,2
21,27,3
22,25,1
23,34,1
24,41,3
25,42,6
26,73,4
27,94,5
28,119,4
29,121,5
30,162,7
31,170,12
32,200,9
33,265,14
34,345,17
35,432,22
36,497,21
37,577,40
38,702,28
39,907,37
40,1083,58
41,1267,65
42,1545,77
43,1953,89
44,2310,120
45,2742,125
46,3429,163
47,4099,193
48,4894,216
49,5848,301
50,6880,317
51,8405,416
52,9994,546
53,12305,604
54,14492,741
55,17255,866
56,20824,1036
57,25149,1299
58,30287,1486
59,36693,1828
60,43733,2173
61,50870,2619
62,54866,2811
63,50658,2902
64,40918,2675
65,28895,2146
66,18683,1682
67,11126,1143
68,6056,748
69,3138,486
70,1513,335
71,748,165
72,345,81
73,151,65
74,63,38
75,34,15
76,15,8
77,8,5
78,2,2
79,1,1
80,0,1
81,0,0
82,0,1
83,0,0
84,0,0
85,0,0
86,0,0
87,0,0
88,0,0
89,0,0
90,0,0
91,0,0
92,0,0
93,0,0
94,0,0
95,0,0
96,0,0
