1,1,0
2,0,0
3,0,0
4,1,0
5,0,0
6,1,0
7,1,1
8,0,0
9,4,0
10,0,0
11,0,0
12,1,0
13,0,0
14,0,1
15,0,0
16,4,0
17,1,0
18,3,0
19,2,0
20,4,1
21,7,0
22,2,1
23,3,0
24,5,2
25,4,0
26,8,0
27,10,0
28,12,0
29,24,0
30,21,2
31,27,1
32,20,2
33,27,2
34,46,2
35,65,1
36,97,2
37,94,6
38,140,8
39,150,10
40,175,6
41,205,7
42,261,9
43,321,12
44,427,18
45,461,19
46,589,31
47,702,27
48,873,53
49,1034,55
50,1228,74
51,1423,77
52,1717,85
53,2113,109
54,2658,127
55,3000,162
56,3746,204
57,4452,218
58,5292,278
59,6312,334
60,7413,404
61,9005,445
62,10637,535
63,12678,671
64,14988,790
65,18394,971
66,21818,1058
67,26022,1320
68,31417,1550
69,37337,1949
70,44702,2263
71,50732,2715
72,52165,2929
73,46143,2880
74,36037,2423
75,24472,1926
76,15263,1455
77,8793,1080
78,4877,654
79,2445,444
80,1187,236
81,581,117
82,245,101
83,103,38
84,47,16
85,25,18
86,9,8
87,2,5
88,0,3
89,1,0
90,0,0
91,1,0
92,0,0
93,0,0
94,0,0
95,0,0
96,0,0
