1,1,0
2,0,0
3,1,0
4,0,0
5,0,0
6,1,0
7,2,0
8,3,1
9,0,0
10,0,1
11,2,0
12,3,0
13,3,0
14,3,0
15,7,0
16,7,0
17,4,0
18,3,0
19,6,1
20,6,1
21,5,0
22,3,1
23,2,1
24,4,1
25,2,1
26,1,4
27,0,0
28,5,0
29,3,0
30,5,0
31,7,0
32,14,0
33,22,1
34,17,0
35,37,0
36,49,0
37,60,2
38,64,3
39,78,1
40,71,5
41,115,5
42,133,5
43,135,8
44,170,7
45,206,9
46,253,13
47,303,9
48,355,20
49,444,22
50,551,24
51,606,27
52,696,37
53,869,41
54,1039,68
55,1155,59
56,1382,79
57,1653,98
58,1876,101
59,2194,138
60,2731,159
61,3263,180
62,3772,201
63,4450,246
64,5334,308
65,6300,353
66,7523,416
67,9179,507
68,11033,557
69,13491,695
70,16066,793
71,19093,995
72,23363,1134
73,27613,1458
74,33225,1711
75,39761,1969
76,47280,2451
77,52887,2775
78,51786,2885
79,44198,2651
80,32802,2387
81,21799,1850
82,13335,1347
83,7534,959
84,3941,586
85,1997,323
86,985,241
87,517,131
88,218,57
89,98,40
90,30,16
91,22,6
92,6,5
93,2,2
94,3,1
95,0,0
96,0,1
