1,1,0
2,0,0
3,1,0
4,2,0
5,9,0
6,7,0
7,9,0
8,8,0
9,13,1
10,24,0
11,29,0
12,41,2
13,52,1
14,62,1
15,75,3
16,86,5
17,122,3
18,131,4
19,137,5
20,161,16
21,231,12
22,263,11
23,289,17
24,354,20
25,410,30
26,453,25
27,547,34
28,650,37
29,778,46
30,939,46
31,1039,62
32,1288,66
33,1586,78
34,1904,116
35,2289,121
36,2820,135
37,3530,179
38,3940,198
39,4742,226
40,5595,312
41,6827,395
42,7930,449
43,9409,464
44,11487,616
45,13650,731
46,16496,816
47,20013,1019
48,23412,1216
49,28337,1400
50,33649,1712
51,40226,2098
52,47293,2436
53,52303,2852
54,50589,2924
55,42355,2663
56,30965,2324
57,20256,1729
58,12424,1228
59,6986,833
60,3630,529
61,1781,311
62,858,208
63,406,106
64,184,61
65,74,26
66,27,19
67,14,4
68,3,1
69,0,2
70,2,0
71,0,0
72,0,0
73,0,0
74,0,0
75,0,0
76,0,0
77,0,0
78,0,0
79,0,0
80,0,0
81,0,0
82,0,0
83,0,0
84,0,0
85,0,0
86,0,0
87,0,0
88,0,0
89,0,0
90,0,0
91,0,0
92,0,0
93,0,0
94,0,0
95,0,0
96,0,0
