1,1,0
2,0,0
3,0,0
4,1,0
5,1,0
6,0,0
7,4,0
8,3,0
9,6,0
10,4,1
11,8,0
12,7,0
13,10,1
14,10,0
15,20,1
16,39,2
17,42,0
18,41,0
19,45,2
20,48,4
21,64,4
22,73,3
23,93,9
24,124,6
25,168,3
26,157,7
27,196,7
28,229,18
29,291,13
30,349,22
31,419,23
32,512,26
33,666,33
34,737,30
35,879,51
36,1057,60
37,1226,71
38,1407,74
39,1683,91
40,2127,95
41,2502,121
42,2986,183
43,3679,210
44,4243,229
45,5225,261
46,6341,344
47,7484,342
48,9026,484
49,11077,550
50,12959,679
51,15674,756
52,18540,929
53,22290,1142
54,26431,1297
55,31575,1645
56,37640,1921
57,45262,2353
58,51777,2755
59,52613,2911
60,46037,2801
61,35367,2403
62,24137,1929
63,14733,1401
64,8672,975
65,4552,630
66,2337,364
67,1154,197
68,559,131
69,243,63
70,112,41
71,44,24
72,21,11
73,9,4
74,6,6
75,1,0
76,0,3
77,0,0
78,0,0
79,0,0
80,0,0
81,0,0
82,0,0
83,0,0
84,0,0
85,0,0
86,0,0
87,0,0
88,0,0
89,0,0
90,0,0
91,0,0
92,0,0
93,0,0
94,0,0
95,0,0
96,0,0
