1,1,0
2,0,0
3,1,0
4,1,0
5,4,0
6,4,0
7,2,1
8,1,0
9,2,1
10,3,1
11,4,0
12,2,0
13,0,1
14,0,1
15,5,0
16,7,0
17,4,1
18,1,0
19,4,0
20,8,1
21,10,0
22,14,0
23,13,1
24,16,0
25,16,0
26,21,2
27,21,1
28,11,2
29,17,0
30,34,0
31,32,1
32,26,2
33,38,1
34,49,4
35,66,4
36,72,6
37,78,11
38,103,9
39,126,2
40,163,10
41,169,9
42,252,8
43,318,10
44,314,16
45,426,18
46,497,25
47,588,28
48,781,37
49,903,44
50,1040,55
51,1335,63
52,1540,90
53,1844,85
54,2139,108
55,2658,130
56,3216,165
57,3854,186
58,4544,258
59,5619,302
60,6418,348
61,7870,421
62,9027,465
63,10925,565
64,12990,683
65,15533,792
66,18581,948
67,21690,1154
68,26102,1350
69,31269,1614
70,37543,2013
71,44726,2334
72,49879,2699
73,51255,2906
74,44670,2729
75,34131,2376
76,23533,1899
77,14404,1383
78,8377,968
79,4350,629
80,2280,385
81,1091,222
82,534,112
83,221,74
84,100,38
85,45,20
86,27,16
87,5,7
88,2,3
89,0,1
90,2,1
91,0,0
92,0,0
93,0,0
94,0,0
95,0,0
96,0,0
