1,1,0
2,0,0
3,0,0
4,0,0
5,1,0
6,2,0
7,3,0
8,1,0
9,6,0
10,4,0
11,6,0
12,5,0
13,9,0
14,17,2
15,17,0
16,24,1
17,17,1
18,12,0
19,21,2
20,18,2
21,24,6
22,21,0
23,42,2
24,34,5
25,48,5
26,67,1
27,83,3
28,98,2
29,102,4
30,154,8
31,174,11
32,214,10
33,260,12
34,311,12
35,357,16
36,468,28
37,515,33
38,605,48
39,727,41
40,810,43
41,959,59
42,1191,71
43,1386,81
44,1633,74
45,1912,125
46,2274,147
47,2632,155
48,3141,172
49,3820,202
50,4364,260
51,5366,276
52,6374,358
53,7316,404
54,8744,481
55,10606,583
56,12659,681
57,15038,781
58,17891,997
59,21318,1055
60,26093,1312
61,30619,1549
62,37227,1904
63,43750,2330
64,50179,2687
65,51662,2837
66,46100,2777
67,35500,2440
68,24356,1914
69,15152,1463
70,8774,990
71,4738,623
72,2371,381
73,1139,260
74,553,138
75,260,78
76,100,48
77,64,16
78,20,17
79,7,5
80,6,5
81,1,2
82,1,0
83,0,0
84,0,0
85,0,1
86,0,0
87,0,0
88,0,0
89,0,0
90,0,0
91,0,0
92,0,0
93,0,0
94,0,0
95,0,0
96,0,0
