1,1,0
2,0,0
3,3,0
4,13,0
5,22,0
6,24,1
7,24,0
8,35,1
9,48,2
10,43,3
11,61,2
12,72,1
13,82,6
14,87,4
15,111,2
16,112,3
17,167,7
18,197,10
19,251,12
20,303,17
21,375,10
22,534,16
23,610,30
24,731,28
25,870,43
26,1089,52
27,1243,56
28,1530,90
29,1752,82
30,2123,103
31,2590,117
32,3093,150
33,3772,176
34,4348,224
35,5380,255
36,6280,304
37,7389,372
38,9228,475
39,10989,626
40,13051,633
41,15660,840
42,18950,939
43,22488,1159
44,26788,1379
45,31564,1639
46,38223,1969
47,45077,2368
48,51264,2680
49,51539,2916
50,45057,2814
51,34546,2365
52,23391,1899
53,14458,1360
54,8236,945
55,4455,609
56,2229,410
57,1086,227
58,505,129
59,242,67
60,88,44
61,42,28
62,26,13
63,3,6
64,4,2
65,2,1
66,0,1
67,2,0
68,0,0
69,0,0
70,0,0
71,0,0
72,0,0
73,0,0
74,0,0
75,0,0
76,0,0
77,0,0
78,0,0
79,0,0
80,0,0
81,0,0
82,0,0
83,0,0
84,0,0
85,0,0
86,0,0
87,0,0
88,0,0
89,0,0
90,0,0
91,0,0
92,0,0
93,0,0
94,0,0
95,0,0
96,0,0
