1,1,0
2,0,0
3,0,0
4,0,0
5,4,0
6,1,0
7,2,0
8,6,0
9,12,0
10,14,0
11,15,0
12,14,1
13,14,1
14,14,0
15,19,0
16,31,2
17,34,1
18,35,3
19,38,2
20,49,5
21,53,3
22,55,2
23,72,3
24,89,4
25,115,7
26,139,7
27,185,8
28,206,9
29,271,7
30,359,22
31,437,24
32,531,25
33,619,23
34,735,31
35,890,35
36,985,62
37,1144,51
38,1519,95
39,1717,92
40,2075,111
41,2556,117
42,2981,150
43,3564,183
44,4216,226
45,5100,275
46,6207,316
47,7434,320
48,9175,457
49,10966,565
50,12883,642
51,15394,807
52,18765,923
53,22348,1129
54,26867,1370
55,32253,1718
56,38468,1949
57,45778,2321
58,51778,2656
59,52451,2939
60,45397,2828
61,34944,2476
62,23603,1976
63,14620,1368
64,8376,955
65,4456,680
66,2314,401
67,1148,230
68,532,135
69,246,87
70,89,43
71,43,16
72,22,8
73,8,6
74,2,4
75,1,3
76,0,1
77,0,0
78,0,1
79,0,0
80,0,0
81,0,0
82,0,0
83,0,0
84,0,0
85,0,0
86,0,0
87,0,0
88,0,0
89,0,0
90,0,0
91,0,0
92,0,0
93,0,0
94,0,0
95,0,0
96,0,0
97,0,0
98,0,0
99,0,0
100,0,0
101,0,0
102,0,0
103,0,0
104,0,0
105,0,0
106,0,0
107,0,0
108,0,0
109,0,0
110,0,0
111,0,0
112,0,0
113,0,0
114,0,0
115,0,0
116,0,0
117,0,0
118,0,0
119,0,0
120,0,0
121,0,0
122,0,0
123,0,0
124,0,0
125,0,0
