1,1,0
2,0,0
3,0,0
4,1,0
5,0,0
6,0,0
7,2,0
8,4,0
9,1,0
10,4,1
11,1,0
12,4,0
13,4,0
14,7,0
15,7,0
16,10,0
17,10,0
18,9,1
19,11,0
20,16,2
21,7,3
22,21,1
23,28,1
24,28,0
25,18,2
26,35,1
27,34,3
28,42,2
29,35,4
30,50,1
31,39,2
32,58,4
33,69,9
34,72,4
35,96,10
36,69,9
37,111,7
38,154,8
39,188,10
40,196,8
41,282,18
42,274,17
43,356,16
44,395,24
45,492,32
46,563,26
47,686,42
48,840,45
49,1042,42
50,1260,59
51,1418,67
52,1877,96
53,2217,122
54,2667,132
55,3121,162
56,3676,168
57,4569,233
58,5100,277
59,6403,326
60,7582,394
61,9262,454
62,10870,572
63,13052,724
64,15454,766
65,18620,978
66,22091,1152
67,26938,1360
68,32124,1641
69,38290,1906
70,45463,2372
71,52111,2746
72,52716,2964
73,45834,2793
74,35053,2491
75,23914,1959
76,14613,1429
77,8418,941
78,4496,648
79,2278,366
80,1098,252
81,516,136
82,231,68
83,110,38
84,50,19
85,20,8
86,3,8
87,3,2
88,1,1
89,0,0
90,0,1
91,0,0
92,0,0
93,0,0
94,0,0
95,0,0
96,0,0
97,0,0
98,0,0
99,0,0
100,0,0
101,0,0
102,0,0
103,0,0
104,0,0
105,0,0
106,0,0
107,0,0
108,0,0
109,0,0
110,0,0
111,0,0
112,0,0
113,0,0
114,0,0
115,0,0
116,0,0
117,0,0
118,0,0
119,0,0
120,0,0
121,0,0
122,0,0
123,0,0
124,0,0
125,0,0
