1,1,0
2,0,0
3,1,0
4,0,0
5,0,0
6,0,0
7,1,1
8,0,0
9,0,0
10,2,0
11,0,0
12,1,0
13,1,0
14,6,1
15,5,0
16,4,0
17,6,0
18,7,1
19,7,0
20,14,2
21,8,2
22,6,1
23,10,0
24,11,1
25,14,1
26,14,0
27,24,4
28,15,3
29,14,3
30,26,0
31,30,4
32,47,0
33,38,0
34,43,3
35,64,7
36,65,2
37,70,9
38,93,6
39,118,8
40,164,8
41,146,10
42,188,12
43,252,10
44,316,22
45,374,10
46,473,18
47,567,32
48,678,37
49,852,38
50,1030,54
51,1186,58
52,1474,83
53,1674,102
54,2176,102
55,2478,128
56,2872,148
57,3495,181
58,4049,235
59,4828,240
60,5834,298
61,6944,397
62,7977,450
63,9366,504
64,11444,604
65,13893,685
66,16726,853
67,19632,1023
68,23935,1215
69,28332,1530
70,33855,1768
71,39977,2086
72,47324,2432
73,51722,2869
74,49327,2819
75,40404,2574
76,29400,2230
77,19454,1731
78,11768,1192
79,6529,803
80,3436,532
81,1755,308
82,788,182
83,363,90
84,176,50
85,76,44
86,39,17
87,14,7
88,3,6
89,3,1
90,1,1
91,1,1
92,0,0
93,0,0
94,0,0
95,0,0
96,0,0
97,0,0
98,0,0
99,0,0
100,0,0
101,0,0
102,0,0
103,0,0
104,0,0
105,0,0
106,0,0
107,0,0
108,0,0
109,0,0
110,0,0
111,0,0
112,0,0
113,0,0
114,0,0
115,0,0
116,0,0
117,0,0
118,0,0
119,0,0
120,0,0
121,0,0
122,0,0
123,0,0
124,0,0
125,0,0
