1,1,0
2,0,0
3,0,0
4,1,0
5,2,0
6,4,0
7,5,0
8,10,0
9,12,0
10,9,0
11,11,0
12,12,0
13,12,2
14,13,1
15,18,0
16,20,1
17,22,1
18,25,2
19,30,3
20,28,2
21,27,4
22,35,4
23,42,4
24,39,1
25,49,2
26,92,5
27,100,3
28,122,3
29,143,7
30,161,10
31,218,11
32,254,17
33,279,16
34,346,21
35,407,18
36,481,29
37,551,31
38,689,45
39,816,38
40,1024,43
41,1311,60
42,1430,58
43,1957,72
44,2093,91
45,2649,127
46,3143,161
47,3859,197
48,4781,229
49,5460,266
50,6688,328
51,8059,419
52,9618,429
53,11493,647
54,13618,652
55,16479,800
56,19447,1025
57,23344,1201
58,28203,1448
59,33675,1582
60,40253,2066
61,47716,2488
62,53466,2777
63,52318,2933
64,44190,2864
65,32355,2462
66,21728,1841
67,13128,1323
68,7474,902
69,3928,629
70,2047,373
71,978,206
72,464,108
73,202,60
74,98,29
75,37,20
76,13,7
77,7,4
78,4,0
79,1,2
80,0,0
81,0,0
82,0,1
83,0,1
84,0,0
85,0,0
86,0,0
87,0,0
88,0,0
89,0,0
90,0,0
91,0,0
92,0,0
93,0,0
94,0,0
95,0,0
96,0,0
97,0,0
98,0,0
99,0,0
100,0,0
101,0,0
102,0,0
103,0,0
104,0,0
105,0,0
106,0,0
107,0,0
108,0,0
109,0,0
110,0,0
111,0,0
112,0,0
113,0,0
114,0,0
115,0,0
116,0,0
117,0,0
118,0,0
119,0,0
120,0,0
121,0,0
122,0,0
123,0,0
124,0,0
125,0,0
