1,1,0
2,0,0
3,0,0
4,1,0
5,4,0
6,2,0
7,5,0
8,2,0
9,3,0
10,5,0
11,3,0
12,2,0
13,0,0
14,1,1
15,3,0
16,3,1
17,5,1
18,2,3
19,2,0
20,2,0
21,1,0
22,3,1
23,4,1
24,3,1
25,2,0
26,2,2
27,4,0
28,2,1
29,1,0
30,2,0
31,2,0
32,7,0
33,4,0
34,5,1
35,3,0
36,17,0
37,16,1
38,17,1
39,24,2
40,27,2
41,44,1
42,47,3
43,57,1
44,44,3
45,51,4
46,77,5
47,69,5
48,115,6
49,119,6
50,165,8
51,171,12
52,223,12
53,260,8
54,345,13
55,439,15
56,473,17
57,633,33
58,780,24
59,838,48
60,975,51
61,1149,77
62,1420,73
63,1791,90
64,2091,107
65,2347,149
66,3034,157
67,3535,186
68,4309,233
69,5205,272
70,6311,275
71,7440,385
72,8931,386
73,10819,539
74,12851,708
75,15491,817
76,18173,945
77,22167,1202
78,26094,1364
79,31105,1614
80,37464,1939
81,44816,2335
82,51120,2662
83,52460,2887
84,45544,2849
85,35255,2510
86,24118,1905
87,14921,1491
88,8716,998
89,4602,668
90,2424,402
91,1232,247
92,556,130
93,253,82
94,121,47
95,35,18
96,17,12
97,9,4
98,5,2
99,1,3
100,1,1
101,0,0
102,0,1
103,0,0
104,0,0
105,0,0
106,0,0
107,0,0
108,0,0
109,0,0
110,0,0
111,0,0
112,0,0
113,0,0
114,0,0
115,0,0
116,0,0
117,0,0
118,0,0
119,0,0
120,0,0
121,0,0
122,0,0
123,0,0
124,0,0
125,0,0
