1,1,0
2,0,0
3,0,0
4,0,0
5,0,0
6,1,0
7,0,1
8,0,0
9,2,0
10,0,0
11,1,0
12,3,0
13,10,0
14,21,1
15,39,0
16,53,0
17,52,1
18,79,1
19,116,3
20,112,2
21,142,3
22,162,8
23,191,11
24,236,14
25,340,11
26,344,13
27,436,14
28,499,23
29,615,19
30,816,38
31,827,41
32,1107,57
33,1310,70
34,1514,91
35,1768,80
36,2134,120
37,2599,126
38,3033,191
39,3678,203
40,4314,226
41,5290,280
42,6470,351
43,7512,384
44,9029,432
45,10840,591
46,13090,680
47,15590,784
48,18658,1017
49,21889,1130
50,26299,1350
51,31459,1556
52,37630,2018
53,44847,2442
54,50983,2769
55,51640,2856
56,45042,2790
57,34377,2368
58,23307,1964
59,14440,1366
60,8167,974
61,4454,630
62,2222,407
63,1082,213
64,522,146
65,283,76
66,103,48
67,47,12
68,17,9
69,5,3
70,4,3
71,1,3
72,0,0
73,1,0
74,1,0
75,0,0
76,0,0
77,0,0
78,0,0
79,0,0
80,0,0
81,0,0
82,0,0
83,0,0
84,0,0
85,0,0
86,0,0
87,0,0
88,0,0
89,0,0
90,0,0
91,0,0
92,0,0
93,0,0
94,0,0
95,0,0
96,0,0
97,0,0
98,0,0
99,0,0
100,0,0
101,0,0
102,0,0
103,0,0
104,0,0
105,0,0
106,0,0
107,0,0
108,0,0
109,0,0
110,0,0
111,0,0
112,0,0
113,0,0
114,0,0
115,0,0
116,0,0
117,0,0
118,0,0
119,0,0
120,0,0
121,0,0
122,0,0
123,0,0
124,0,0
125,0,0
