1,1,0
2,0,0
3,0,0
4,4,0
5,14,0
6,12,1
7,7,0
8,9,1
9,15,0
10,11,1
11,11,0
12,13,1
13,18,1
14,30,1
15,23,3
16,38,2
17,23,1
18,34,1
19,43,5
20,58,4
21,68,4
22,78,4
23,104,5
24,106,6
25,145,10
26,157,5
27,200,11
28,254,14
29,247,24
30,335,21
31,420,26
32,574,23
33,630,25
34,834,28
35,1002,50
36,1228,47
37,1442,66
38,1693,78
39,2116,107
40,2571,95
41,3039,161
42,3620,168
43,4377,229
44,5113,242
45,5988,312
46,7274,380
47,8567,436
48,10461,531
49,12657,653
50,14925,757
51,17837,920
52,21432,1113
53,25586,1322
54,30216,1546
55,36122,1845
56,43391,2241
57,50200,2554
58,52369,2842
59,48024,2849
60,38137,2585
61,26520,2066
62,17035,1578
63,9767,1051
64,5400,776
65,2825,437
66,1355,273
67,621,182
68,292,76
69,135,48
70,47,21
71,24,12
72,17,9
73,2,3
74,2,0
75,2,3
76,0,0
77,0,1
78,1,0
79,0,0
80,0,0
81,0,0
82,0,0
83,0,0
84,0,0
85,0,0
86,0,0
87,0,0
88,0,0
89,0,0
90,0,0
91,0,0
92,0,0
93,0,0
94,0,0
95,0,0
96,0,0
97,0,0
98,0,0
99,0,0
100,0,0
101,0,0
102,0,0
103,0,0
104,0,0
105,0,0
106,0,0
107,0,0
108,0,0
109,0,0
110,0,0
111,0,0
112,0,0
113,0,0
114,0,0
115,0,0
116,0,0
117,0,0
118,0,0
119,0,0
120,0,0
121,0,0
122,0,0
123,0,0
124,0,0
125,0,0
