1,1,0
2,0,0
3,2,0
4,0,0
5,1,0
6,1,0
7,0,0
8,1,0
9,2,0
10,1,0
11,0,0
12,2,0
13,4,0
14,2,0
15,1,0
16,2,0
17,0,0
18,4,0
19,2,0
20,2,0
21,9,0
22,17,1
23,22,1
24,21,0
25,16,1
26,22,1
27,45,0
28,59,5
29,51,1
30,61,6
31,78,5
32,91,4
33,93,4
34,109,3
35,145,10
36,143,11
37,173,12
38,211,13
39,233,19
40,308,16
41,375,21
42,495,23
43,619,28
44,720,34
45,787,43
46,1085,51
47,1216,72
48,1400,69
49,1684,84
50,2081,98
51,2349,127
52,2830,153
53,3505,189
54,4054,202
55,4900,284
56,5858,297
57,6891,345
58,8349,418
59,10115,509
60,11648,623
61,13956,761
62,16654,923
63,20454,1090
64,24349,1300
65,29467,1471
66,35189,1759
67,41772,2027
68,49298,2448
69,53183,2787
70,49789,2877
71,40977,2672
72,29307,2279
73,18870,1659
74,11277,1161
75,6008,798
76,3395,489
77,1608,304
78,767,173
79,360,97
80,171,55
81,86,36
82,24,15
83,10,11
84,3,5
85,1,1
86,1,1
87,0,0
88,0,0
89,0,0
90,0,0
91,0,0
92,0,0
93,0,0
94,0,0
95,0,0
96,0,0
97,0,0
98,0,0
99,0,0
100,0,0
101,0,0
102,0,0
103,0,0
104,0,0
105,0,0
106,0,0
107,0,0
108,0,0
109,0,0
110,0,0
111,0,0
112,0,0
113,0,0
114,0,0
115,0,0
116,0,0
117,0,0
118,0,0
119,0,0
120,0,0
121,0,0
122,0,0
123,0,0
124,0,0
125,0,0
