1,1,0
2,0,0
3,0,0
4,0,0
5,1,0
6,3,0
7,0,0
8,0,0
9,1,0
10,2,0
11,4,0
12,2,0
13,4,1
14,5,2
15,7,0
16,5,0
17,10,0
18,14,0
19,10,1
20,16,0
21,17,2
22,19,0
23,17,2
24,32,2
25,24,0
26,23,2
27,35,2
28,40,3
29,38,4
30,63,2
31,69,4
32,92,4
33,97,4
34,118,7
35,140,14
36,192,5
37,255,12
38,283,16
39,392,19
40,407,15
41,478,20
42,605,27
43,682,27
44,860,41
45,965,60
46,1227,72
47,1450,76
48,1663,66
49,2062,107
50,2392,122
51,2845,165
52,3376,176
53,4023,240
54,4674,287
55,5778,304
56,6765,367
57,8096,466
58,9587,559
59,11487,605
60,13739,679
61,16336,821
62,19630,985
63,23452,1225
64,28330,1447
65,33819,1743
66,39932,2122
67,47608,2419
68,51488,2838
69,49480,2868
70,40818,2683
71,29589,2202
72,19346,1683
73,11717,1178
74,6535,803
75,3389,475
76,1743,311
77,832,182
78,406,94
79,199,63
80,79,31
81,31,18
82,14,9
83,6,9
84,1,4
85,3,2
86,0,2
87,0,2
88,0,0
89,0,0
90,0,0
91,0,0
92,0,0
93,0,0
94,0,0
95,0,0
96,0,0
97,0,0
98,0,0
99,0,0
100,0,0
101,0,0
102,0,0
103,0,0
104,0,0
105,0,0
106,0,0
107,0,0
108,0,0
109,0,0
110,0,0
111,0,0
112,0,0
113,0,0
114,0,0
115,0,0
116,0,0
117,0,0
118,0,0
119,0,0
120,0,0
121,0,0
122,0,0
123,0,0
124,0,0
125,0,0
