1,1,0
2,0,0
3,0,0
4,0,0
5,0,0
6,0,0
7,0,0
8,1,0
9,0,0
10,0,0
11,1,0
12,1,0
13,0,0
14,0,0
15,2,0
16,1,0
17,1,0
18,1,0
19,1,0
20,1,1
21,4,0
22,4,0
23,2,0
24,4,0
25,9,1
26,9,1
27,5,1
28,17,0
29,18,0
30,16,0
31,25,1
32,26,0
33,32,1
34,46,2
35,51,4
36,68,0
37,67,3
38,83,2
39,135,8
40,133,6
41,202,9
42,195,5
43,275,11
44,275,25
45,331,26
46,382,17
47,433,33
48,526,33
49,653,24
50,757,44
51,895,44
52,1120,57
53,1265,82
54,1573,86
55,1915,112
56,2353,124
57,2842,150
58,3282,158
59,3983,233
60,4803,254
61,5648,255
62,6727,367
63,8067,426
64,9868,519
65,11710,555
66,13867,690
67,16498,866
68,19822,1068
69,23944,1198
70,28208,1500
71,34039,1754
72,41017,1966
73,48564,2539
74,53798,2766
75,52228,2965
76,43546,2703
77,31835,2298
78,21280,1742
79,12473,1277
80,7112,810
81,3719,543
82,1923,344
83,952,197
84,424,108
85,187,56
86,83,30
87,44,18
88,18,7
89,6,5
90,5,2
91,2,7
92,0,0
93,0,0
94,0,1
95,0,0
96,0,0
97,0,0
98,0,0
99,0,0
100,0,0
101,0,0
102,0,0
103,0,0
104,0,0
105,0,0
106,0,0
107,0,0
108,0,0
109,0,0
110,0,0
111,0,0
112,0,0
113,0,0
114,0,0
115,0,0
116,0,0
117,0,0
118,0,0
119,0,0
120,0,0
121,0,0
122,0,0
123,0,0
124,0,0
125,0,0
