1,1,0
2,0,0
3,0,0
4,2,0
5,9,0
6,2,0
7,5,0
8,5,0
9,10,0
10,7,0
11,5,1
12,7,1
13,11,0
14,12,0
15,16,0
16,18,0
17,18,1
18,15,0
19,17,5
20,18,1
21,34,2
22,31,3
23,46,0
24,60,3
25,77,2
26,105,4
27,109,4
28,168,4
29,182,3
30,234,10
31,283,12
32,348,21
33,397,25
34,499,22
35,559,27
36,659,36
37,814,52
38,1003,37
39,1190,58
40,1370,71
41,1771,80
42,2025,87
43,2446,137
44,2878,153
45,3436,159
46,4063,225
47,5008,259
48,5953,308
49,6995,347
50,8634,426
51,10104,535
52,12123,572
53,14238,812
54,17392,865
55,20658,1060
56,24429,1306
57,29640,1527
58,35303,1812
59,42439,2181
60,50063,2492
61,53585,2870
62,49339,2868
63,39338,2616
64,28013,2176
65,17829,1551
66,10623,1103
67,5822,762
68,2999,517
69,1456,295
70,735,144
71,361,91
72,163,55
73,53,24
74,31,16
75,16,5
76,6,4
77,1,1
78,0,0
79,0,1
80,0,1
81,0,0
82,0,1
83,0,0
84,0,0
85,0,0
86,0,0
87,0,0
88,0,0
89,0,0
90,0,0
91,0,0
92,0,0
93,0,0
94,0,0
95,0,0
96,0,0
97,0,0
98,0,0
99,0,0
100,0,0
101,0,0
102,0,0
103,0,0
104,0,0
105,0,0
106,0,0
107,0,0
108,0,0
109,0,0
110,0,0
111,0,0
112,0,0
113,0,0
114,0,0
115,0,0
116,0,0
117,0,0
118,0,0
119,0,0
120,0,0
121,0,0
122,0,0
123,0,0
124,0,0
125,0,0
