1,1,0
2,0,0
3,0,0
4,0,0
5,0,0
6,3,0
7,1,0
8,0,0
9,1,0
10,4,0
11,7,0
12,8,0
13,13,0
14,19,1
15,20,2
16,32,2
17,40,0
18,39,3
19,52,2
20,63,1
21,68,5
22,91,8
23,81,6
24,85,3
25,119,9
26,153,3
27,165,13
28,230,10
29,263,20
30,325,20
31,402,20
32,469,19
33,553,24
34,657,43
35,771,34
36,964,49
37,1113,49
38,1365,77
39,1659,79
40,1955,108
41,2389,113
42,2754,156
43,3345,155
44,4134,207
45,5107,231
46,6019,287
47,7262,333
48,8621,427
49,10403,512
50,12395,602
51,15076,747
52,17698,885
53,21452,1124
54,25471,1305
55,30392,1607
56,36067,1907
57,42923,2245
58,49432,2548
59,52224,2893
60,47577,2877
61,37765,2606
62,26255,2176
63,16817,1608
64,9800,1133
65,5499,718
66,2764,440
67,1500,248
68,631,163
69,309,83
70,125,50
71,69,19
72,23,19
73,11,10
74,6,5
75,0,2
76,1,0
77,0,0
78,0,0
79,0,0
80,0,0
81,0,0
82,0,0
83,0,0
84,0,0
85,0,0
86,0,0
87,0,0
88,0,0
89,0,0
90,0,0
91,0,0
92,0,0
93,0,0
94,0,0
95,0,0
96,0,0
97,0,0
98,0,0
99,0,0
100,0,0
101,0,0
102,0,0
103,0,0
104,0,0
105,0,0
106,0,0
107,0,0
108,0,0
109,0,0
110,0,0
111,0,0
112,0,0
113,0,0
114,0,0
115,0,0
116,0,0
117,0,0
118,0,0
119,0,0
120,0,0
121,0,0
122,0,0
123,0,0
124,0,0
125,0,0
