1,1,0
2,0,0
3,0,0
4,2,0
5,3,1
6,2,0
7,5,0
8,8,0
9,6,0
10,14,0
11,27,1
12,20,1
13,16,0
14,26,2
15,29,3
16,34,2
17,16,5
18,35,5
19,39,5
20,34,5
21,37,6
22,30,2
23,41,5
24,39,1
25,58,3
26,53,3
27,71,10
28,96,7
29,130,7
30,155,6
31,222,9
32,234,5
33,282,13
34,328,15
35,435,18
36,532,18
37,597,27
38,749,38
39,857,47
40,1013,66
41,1175,66
42,1412,78
43,1752,90
44,2054,94
45,2422,126
46,2887,133
47,3424,163
48,4074,214
49,5033,272
50,5949,304
51,7226,358
52,8588,433
53,10622,516
54,12501,657
55,14803,755
56,17855,893
57,20962,1134
58,24984,1281
59,30124,1527
60,36200,1861
61,43030,2265
62,50146,2620
63,52399,2961
64,48584,2848
65,38459,2615
66,26873,2017
67,17197,1565
68,10226,1071
69,5475,702
70,2778,404
71,1400,280
72,708,151
73,328,84
74,161,50
75,62,30
76,22,19
77,10,1
78,3,3
79,1,4
80,0,0
81,0,0
82,1,1
83,0,0
84,0,0
85,0,0
86,0,0
87,0,0
88,0,0
89,0,0
90,0,0
91,0,0
92,0,0
93,0,0
94,0,0
95,0,0
96,0,0
97,0,0
98,0,0
99,0,0
100,0,0
101,0,0
102,0,0
103,0,0
104,0,0
105,0,0
106,0,0
107,0,0
108,0,0
109,0,0
110,0,0
111,0,0
112,0,0
113,0,0
114,0,0
115,0,0
116,0,0
117,0,0
118,0,0
119,0,0
120,0,0
121,0,0
122,0,0
123,0,0
124,0,0
125,0,0
