1,1,0
2,0,0
3,1,0
4,2,0
5,1,0
6,4,0
7,4,0
8,5,0
9,1,0
10,8,1
11,2,0
12,6,1
13,4,0
14,6,0
15,13,1
16,14,0
17,20,0
18,26,0
19,38,1
20,40,0
21,37,3
22,33,3
23,54,6
24,67,5
25,86,6
26,101,3
27,115,4
28,166,8
29,187,8
30,241,14
31,271,15
32,341,14
33,431,24
34,471,33
35,589,27
36,703,28
37,849,46
38,1047,50
39,1224,66
40,1601,72
41,1844,90
42,2119,109
43,2532,121
44,3022,166
45,3587,208
46,4259,201
47,4947,260
48,6008,303
49,7381,366
50,8671,465
51,10171,547
52,12162,601
53,14661,693
54,17075,952
55,20962,1038
56,24958,1255
57,29650,1580
58,35535,1811
59,42902,2213
60,50595,2596
61,53778,2949
62,49307,2846
63,39627,2592
64,28420,2128
65,18017,1636
66,10696,1140
67,5863,758
68,3051,464
69,1507,281
70,760,176
71,304,102
72,152,52
73,70,23
74,34,13
75,8,5
76,6,3
77,2,1
78,0,0
79,0,1
80,0,0
81,0,0
82,0,0
83,0,0
84,0,0
85,0,0
86,0,0
87,0,0
88,0,0
89,0,0
90,0,0
91,0,0
92,0,0
93,0,0
94,0,0
95,0,0
96,0,0
97,0,0
98,0,0
99,0,0
100,0,0
101,0,0
102,0,0
103,0,0
104,0,0
105,0,0
106,0,0
107,0,0
108,0,0
109,0,0
110,0,0
111,0,0
112,0,0
113,0,0
114,0,0
115,0,0
116,0,0
117,0,0
118,0,0
119,0,0
120,0,0
121,0,0
122,0,0
123,0,0
124,0,0
125,0,0
