1,1,0
2,0,0
3,0,0
4,1,0
5,2,0
6,1,0
7,0,0
8,0,0
9,3,0
10,0,0
11,0,0
12,0,1
13,4,0
14,2,0
15,1,0
16,0,0
17,4,0
18,2,0
19,5,0
20,6,1
21,3,0
22,1,0
23,9,0
24,13,1
25,6,0
26,9,0
27,2,1
28,8,0
29,10,1
30,18,0
31,23,1
32,20,1
33,25,2
34,28,2
35,31,2
36,38,3
37,45,4
38,48,2
39,83,3
40,94,3
41,114,5
42,130,8
43,172,14
44,208,10
45,239,18
46,280,6
47,327,14
48,432,20
49,467,30
50,595,32
51,693,32
52,887,40
53,1061,49
54,1284,46
55,1444,79
56,1738,83
57,2005,99
58,2449,140
59,2930,169
60,3264,185
61,3833,231
62,4693,268
63,5357,319
64,6594,356
65,8124,437
66,9552,504
67,11451,583
68,13853,757
69,16776,819
70,20279,956
71,24089,1175
72,28575,1434
73,34261,1686
74,41262,2060
75,48180,2467
76,53745,2871
77,52028,2883
78,43164,2756
79,31957,2352
80,21115,1724
81,12578,1284
82,6982,832
83,3870,558
84,1963,343
85,888,201
86,421,107
87,175,57
88,64,34
89,33,17
90,15,10
91,8,7
92,1,2
93,1,2
94,0,1
95,0,0
96,0,1
97,0,0
98,0,0
99,0,0
100,0,0
101,0,0
102,0,0
103,0,0
104,0,0
105,0,0
106,0,0
107,0,0
108,0,0
109,0,0
110,0,0
111,0,0
112,0,0
113,0,0
114,0,0
115,0,0
116,0,0
117,0,0
118,0,0
119,0,0
120,0,0
121,0,0
122,0,0
123,0,0
124,0,0
125,0,0
