1,1,0
2,0,0
3,0,0
4,5,0
5,0,0
6,3,0
7,7,0
8,7,0
9,17,1
10,11,0
11,15,2
12,22,1
13,25,0
14,38,2
15,38,2
16,69,1
17,69,6
18,70,2
19,109,3
20,137,6
21,157,10
22,226,10
23,215,9
24,277,15
25,382,25
26,399,22
27,525,18
28,650,26
29,881,29
30,1028,45
31,1166,60
32,1413,59
33,1674,78
34,1956,119
35,2368,115
36,2719,140
37,3249,186
38,3815,220
39,4671,271
40,5587,310
41,6730,347
42,8124,425
43,9384,484
44,11481,597
45,13719,706
46,16443,817
47,19748,975
48,23403,1284
49,28024,1464
50,33152,1738
51,39623,2001
52,46921,2472
53,51549,2833
54,49797,2889
55,41707,2626
56,30646,2257
57,19954,1726
58,12066,1243
59,6690,820
60,3732,518
61,1761,332
62,909,185
63,399,121
64,166,60
65,68,29
66,44,20
67,16,9
68,5,1
69,2,5
70,1,1
71,2,0
72,0,0
73,0,1
74,0,0
75,0,0
76,0,0
77,0,0
78,0,0
79,0,0
80,0,0
81,0,0
82,0,0
83,0,0
84,0,0
85,0,0
86,0,0
87,0,0
88,0,0
89,0,0
90,0,0
91,0,0
92,0,0
93,0,0
94,0,0
95,0,0
96,0,0
97,0,0
98,0,0
99,0,0
100,0,0
101,0,0
102,0,0
103,0,0
104,0,0
105,0,0
106,0,0
107,0,0
108,0,0
109,0,0
110,0,0
111,0,0
112,0,0
113,0,0
114,0,0
115,0,0
116,0,0
117,0,0
118,0,0
119,0,0
120,0,0
121,0,0
122,0,0
123,0,0
124,0,0
125,0,0
