1,1,0
2,0,0
3,0,0
4,1,0
5,2,0
6,6,0
7,5,0
8,7,0
9,5,0
10,6,1
11,6,0
12,8,1
13,12,0
14,22,1
15,22,0
16,28,2
17,31,3
18,37,1
19,61,2
20,61,4
21,72,7
22,79,2
23,93,4
24,136,5
25,145,5
26,185,12
27,212,18
28,237,17
29,289,13
30,353,16
31,438,18
32,509,27
33,619,33
34,786,38
35,898,29
36,1050,58
37,1309,58
38,1516,77
39,1839,97
40,2236,116
41,2623,127
42,3109,159
43,3848,180
44,4577,229
45,5424,287
46,6513,336
47,7890,418
48,9383,516
49,11350,559
50,13317,693
51,16008,856
52,19112,982
53,23046,1100
54,27349,1455
55,32694,1681
56,39426,1944
57,46734,2298
58,53027,2765
59,53161,2941
60,45634,2749
61,34372,2414
62,22987,1838
63,14156,1348
64,7916,951
65,4213,623
66,2244,391
67,1089,241
68,479,114
69,212,61
70,108,46
71,39,26
72,17,13
73,9,6
74,4,7
75,3,3
76,0,1
77,1,1
78,0,0
79,0,0
