1,1,0
2,0,0
3,0,0
4,2,0
5,0,0
6,1,0
7,1,0
8,2,0
9,1,0
10,3,1
11,3,0
12,1,0
13,4,0
14,4,0
15,0,0
16,1,0
17,2,0
18,2,0
19,2,0
20,1,0
21,5,0
22,1,0
23,3,1
24,8,0
25,5,0
26,5,0
27,12,0
28,8,0
29,14,2
30,16,0
31,19,1
32,12,1
33,13,0
34,22,5
35,16,4
36,22,2
37,31,1
38,43,3
39,58,2
40,75,6
41,84,1
42,96,1
43,120,3
44,150,10
45,164,7
46,222,16
47,253,12
48,337,11
49,381,14
50,438,20
51,591,23
52,719,29
53,797,42
54,931,47
55,1119,72
56,1308,66
57,1630,91
58,1930,106
59,2385,134
60,2804,153
61,3442,178
62,4034,170
63,4747,257
64,5675,298
65,6825,358
66,8199,414
67,10025,519
68,11810,649
69,14355,716
70,16523,814
71,19995,1044
72,23872,1228
73,29059,1489
74,34479,1820
75,41266,2128
76,49634,2572
77,59164,3011
78,71071,3662
79,85643,4267
