1,1,0
2,0,0
3,0,0
4,2,0
5,0,0
6,0,0
7,1,0
8,1,0
9,0,0
10,0,0
11,2,0
12,0,0
13,1,0
14,3,0
15,2,0
16,3,0
17,8,0
18,7,0
19,3,1
20,3,0
21,4,0
22,6,1
23,4,0
24,2,1
25,6,0
26,1,0
27,3,2
28,5,1
29,6,0
30,5,2
31,8,0
32,11,1
33,12,1
34,21,3
35,18,3
36,20,1
37,23,1
38,34,2
39,31,0
40,54,2
41,52,4
42,62,1
43,96,3
44,111,1
45,151,9
46,136,6
47,182,10
48,214,12
49,271,15
50,344,17
51,394,19
52,503,24
53,565,21
54,735,42
55,820,41
56,910,55
57,1108,81
58,1351,78
59,1642,90
60,1913,100
61,2228,115
62,2589,152
63,3279,155
64,3787,192
65,4448,241
66,5613,278
67,6729,329
68,8094,378
69,9579,508
70,11469,635
71,14086,729
72,16511,838
73,19841,1016
74,23814,1157
75,28137,1459
76,33873,1748
77,40339,2139
78,48157,2475
79,57789,3023
