1,1,0
2,0,0
3,0,0
4,0,0
5,2,0
6,3,0
7,1,0
8,0,0
9,3,1
10,2,0
11,7,1
12,12,0
13,13,0
14,8,0
15,8,0
16,11,1
17,7,3
18,9,1
19,4,1
20,4,1
21,7,3
22,6,1
23,7,0
24,12,0
25,8,0
26,11,0
27,6,1
28,12,0
29,13,1
30,16,0
31,12,3
32,24,1
33,23,3
34,29,4
35,36,3
36,50,1
37,45,2
38,58,1
39,71,5
40,94,4
41,110,9
42,111,4
43,168,11
44,185,11
45,236,13
46,309,17
47,371,14
48,404,9
49,526,28
50,622,27
51,761,40
52,895,36
53,1047,69
54,1225,73
55,1564,77
56,1836,93
57,2289,99
58,2650,129
59,3117,161
60,3822,205
61,4531,246
62,5422,249
63,6602,307
64,7788,400
65,9418,501
66,11211,563
67,13488,699
68,15952,775
69,19434,989
70,22598,1237
71,27093,1408
72,32368,1746
73,38875,2000
74,46059,2384
75,54847,2954
76,63121,3292
77,64119,3606
78,55835,3402
79,42701,2962
