1,1,0
2,0,0
3,0,0
4,1,0
5,3,0
6,2,0
7,4,0
8,8,1
9,15,0
10,14,0
11,22,0
12,27,1
13,25,0
14,30,0
15,46,2
16,46,2
17,47,6
18,62,3
19,56,6
20,84,6
21,110,5
22,119,4
23,118,6
24,162,12
25,230,11
26,243,13
27,345,15
28,394,17
29,491,22
30,568,36
31,710,28
32,835,47
33,899,50
34,1185,51
35,1409,62
36,1614,90
37,1928,105
38,2430,112
39,2981,155
40,3641,192
41,4170,205
42,4920,251
43,5944,309
44,7000,344
45,8207,460
46,9814,505
47,11571,625
48,13785,775
49,16654,870
50,19441,1041
51,23203,1251
52,27443,1474
53,33119,1714
54,38826,2093
55,46139,2430
56,51112,2745
57,49676,2857
58,41662,2731
59,30750,2151
60,20305,1777
61,12258,1254
62,6888,799
63,3809,518
64,1858,307
65,875,186
66,396,94
67,210,70
68,86,23
69,37,21
70,18,9
71,4,8
72,3,4
73,2,1
74,0,1
75,0,2
76,0,1
77,0,0
78,0,0
79,0,0
