1,1,0
2,0,0
3,0,0
4,0,0
5,1,0
6,2,1
7,1,0
8,2,0
9,0,0
10,1,0
11,2,0
12,1,0
13,5,0
14,5,0
15,10,0
16,10,0
17,11,1
18,9,0
19,17,1
20,17,1
21,24,3
22,33,0
23,40,1
24,44,5
25,57,4
26,57,1
27,89,6
28,94,2
29,80,7
30,102,10
31,115,5
32,121,10
33,157,12
34,185,6
35,246,16
36,314,12
37,393,18
38,418,29
39,468,15
40,597,38
41,728,39
42,836,44
43,1052,57
44,1302,73
45,1499,76
46,1682,108
47,2007,112
48,2543,128
49,3033,138
50,3726,191
51,4350,199
52,5469,249
53,6060,336
54,7225,385
55,8621,471
56,10302,567
57,12519,667
58,14860,738
59,17907,937
60,21489,1121
61,25727,1300
62,30423,1567
63,36515,1932
64,43305,2293
65,50151,2591
66,52246,2785
67,47083,2941
68,36467,2529
69,25292,1967
70,16054,1489
71,9383,1015
72,5176,697
73,2587,384
74,1276,237
75,592,151
76,285,79
77,107,43
78,54,19
79,20,18
