1,1,0
2,0,0
3,0,0
4,1,0
5,0,0
6,1,0
7,4,0
8,2,0
9,0,0
10,1,0
11,4,1
12,3,0
13,1,0
14,2,0
15,5,0
16,0,1
17,1,0
18,1,2
19,4,0
20,1,0
21,5,0
22,4,0
23,12,0
24,10,1
25,12,1
26,12,2
27,14,0
28,14,0
29,26,0
30,27,1
31,29,1
32,49,1
33,49,2
34,57,3
35,44,5
36,69,8
37,102,8
38,114,6
39,129,4
40,138,8
41,162,8
42,218,10
43,268,14
44,322,9
45,407,19
46,491,19
47,621,32
48,786,39
49,906,46
50,1176,51
51,1314,65
52,1607,72
53,1818,105
54,2232,140
55,2662,149
56,3325,170
57,3712,206
58,4458,235
59,5438,275
60,6462,384
61,7615,415
62,9133,485
63,11146,559
64,13251,697
65,15867,861
66,19270,993
67,22361,1190
68,26959,1453
69,32094,1667
70,38336,1968
71,46207,2349
72,52538,2812
73,53608,2907
74,47952,2901
75,36700,2571
76,25167,2014
77,15854,1554
78,9075,1047
79,4956,660
