1,1,0
2,0,0
3,0,0
4,1,0
5,1,0
6,2,0
7,0,0
8,0,0
9,2,0
10,1,0
11,2,0
12,0,1
13,1,0
14,1,1
15,1,0
16,7,0
17,10,0
18,15,0
19,19,0
20,28,0
21,29,0
22,47,1
23,74,2
24,62,3
25,73,3
26,103,3
27,134,5
28,157,5
29,182,8
30,195,10
31,236,18
32,316,12
33,343,25
34,373,15
35,467,31
36,535,20
37,703,32
38,838,49
39,1004,57
40,1213,53
41,1561,75
42,1819,74
43,2126,88
44,2586,142
45,3322,155
46,3886,192
47,4618,200
48,5467,288
49,6323,334
50,7829,378
51,9291,499
52,11104,596
53,13428,691
54,15844,824
55,19256,963
56,22885,1206
57,27564,1442
58,32612,1700
59,39238,2046
60,46255,2484
61,51560,2806
62,50547,2943
63,42856,2732
64,32062,2292
65,21428,1872
66,13020,1302
67,7393,870
68,3938,583
69,1973,355
70,935,210
71,450,101
72,194,81
73,89,36
74,44,16
75,18,8
76,8,4
77,5,3
78,1,0
79,0,0
