1,1,0
2,0,0
3,0,0
4,0,0
5,1,0
6,1,0
7,1,0
8,3,0
9,2,0
10,9,0
11,7,1
12,12,1
13,17,0
14,31,0
15,43,0
16,40,1
17,39,1
18,51,5
19,49,6
20,67,1
21,100,7
22,99,9
23,107,5
24,147,10
25,138,3
26,187,14
27,232,11
28,320,24
29,356,18
30,445,14
31,504,23
32,613,35
33,683,44
34,783,54
35,941,57
36,1196,60
37,1341,82
38,1581,79
39,1948,122
40,2288,120
41,2636,131
42,3190,164
43,3806,217
44,4678,224
45,5617,277
46,6611,312
47,7872,428
48,9407,505
49,11316,641
50,13585,688
51,16039,835
52,19411,1060
53,23337,1113
54,27629,1466
55,33452,1730
56,39866,2023
57,47111,2348
58,52923,2773
59,51752,2931
60,44046,2831
61,32734,2351
62,21646,1859
63,13174,1318
64,7357,862
65,4020,563
66,1937,334
67,989,205
68,425,141
69,219,78
70,83,31
71,43,16
72,17,13
73,6,1
74,8,3
75,0,2
76,1,1
77,0,1
78,0,0
79,0,0
