1,1,0
2,0,0
3,0,0
4,0,0
5,0,0
6,0,0
7,0,0
8,1,1
9,1,0
10,0,0
11,0,1
12,0,0
13,0,0
14,0,0
15,1,0
16,1,0
17,5,0
18,7,0
19,12,0
20,22,0
21,10,1
22,28,0
23,24,1
24,32,1
25,41,0
26,50,3
27,48,4
28,66,2
29,73,4
30,85,2
31,135,6
32,145,8
33,149,13
34,223,7
35,238,8
36,311,19
37,394,19
38,459,25
39,567,21
40,735,35
41,809,46
42,950,52
43,1169,48
44,1480,64
45,1653,80
46,2055,98
47,2374,136
48,2845,136
49,3397,164
50,4266,216
51,4967,239
52,5817,284
53,6885,334
54,8035,440
55,9925,540
56,11763,660
57,14065,720
58,16447,920
59,19789,1029
60,23952,1215
61,28243,1497
62,34120,1724
63,40360,2175
64,48268,2461
65,52566,2796
66,50189,2898
67,40706,2696
68,29810,2258
69,19868,1740
70,11657,1180
71,6531,842
72,3385,519
73,1721,336
74,879,195
75,369,121
76,152,55
77,90,33
78,25,20
79,20,14
