1,1,0
2,0,0
3,0,0
4,0,0
5,0,0
6,1,0
7,0,0
8,0,0
9,2,0
10,3,1
11,2,0
12,2,1
13,2,0
14,2,0
15,3,0
16,3,1
17,3,0
18,2,0
19,3,1
20,3,0
21,2,0
22,1,1
23,4,0
24,6,0
25,3,0
26,2,0
27,4,1
28,7,0
29,9,1
30,12,1
31,22,0
32,19,0
33,30,0
34,25,2
35,31,4
36,43,3
37,31,5
38,43,4
39,51,2
40,52,4
41,69,4
42,81,9
43,106,3
44,129,6
45,159,7
46,201,7
47,215,10
48,267,19
49,294,13
50,363,19
51,447,24
52,506,34
53,639,37
54,763,52
55,983,43
56,1144,68
57,1426,66
58,1728,78
59,1969,92
60,2284,120
61,2824,156
62,3203,159
63,3919,210
64,4750,227
65,5783,318
66,6831,359
67,8285,428
68,9937,487
69,11872,582
70,14197,772
71,16720,870
72,20291,1007
73,24149,1270
74,28684,1494
75,34788,1801
76,41409,2127
77,49085,2529
78,58901,3092
79,70632,3634
