1,1,0
2,0,0
3,0,0
4,0,0
5,0,0
6,1,0
7,1,0
8,0,0
9,2,0
10,2,0
11,0,0
12,3,0
13,1,1
14,6,1
15,5,0
16,5,0
17,1,0
18,1,0
19,4,0
20,8,0
21,4,2
22,3,0
23,6,0
24,7,0
25,9,1
26,10,0
27,10,1
28,9,1
29,23,1
30,27,2
31,26,3
32,23,1
33,29,1
34,40,2
35,43,4
36,47,1
37,72,5
38,103,2
39,129,4
40,145,6
41,166,7
42,251,12
43,285,12
44,356,13
45,406,13
46,470,26
47,586,27
48,650,35
49,848,42
50,1007,59
51,1280,63
52,1488,78
53,1848,85
54,2186,95
55,2736,134
56,3221,146
57,3941,184
58,4703,231
59,5684,283
60,6760,350
61,8067,389
62,9512,516
63,11533,640
64,13798,690
65,16518,853
66,20037,1013
67,23745,1187
68,28221,1458
69,33957,1695
70,40793,1973
71,48211,2431
72,54632,2875
73,54755,3097
74,46989,3021
75,35366,2545
76,23871,1919
77,14825,1416
78,8372,920
79,4544,607
