1,1,0
2,0,0
3,1,0
4,0,0
5,5,0
6,8,0
7,12,0
8,13,1
9,17,0
10,12,0
11,21,0
12,24,1
13,36,0
14,42,3
15,50,1
16,69,3
17,107,4
18,113,5
19,108,4
20,131,3
21,162,9
22,192,15
23,227,17
24,264,13
25,291,13
26,379,24
27,459,33
28,508,24
29,641,36
30,809,34
31,895,49
32,1118,55
33,1339,71
34,1640,87
35,2046,89
36,2346,113
37,2899,131
38,3368,193
39,4202,211
40,4995,284
41,5918,301
42,6945,363
43,8380,415
44,9962,511
45,11925,587
46,14089,738
47,17162,925
48,20638,1131
49,24588,1287
50,29629,1458
51,35763,1873
52,42399,2251
53,49998,2565
54,53514,2919
55,49608,2732
56,39362,2677
57,28297,2172
58,17731,1578
59,10565,1105
60,5843,704
61,3091,448
62,1495,299
63,740,137
64,332,101
65,138,46
66,68,17
67,31,14
68,16,11
69,4,9
70,1,3
71,0,2
72,1,1
73,0,0
74,0,1
75,0,0
76,0,0
77,0,0
78,0,0
79,0,0
