1,1,0
2,0,0
3,0,0
4,0,0
5,2,0
6,1,0
7,1,0
8,1,0
9,2,0
10,3,0
11,2,0
12,1,0
13,1,0
14,0,0
15,0,0
16,1,0
17,0,1
18,1,0
19,0,0
20,2,0
21,0,0
22,2,0
23,5,0
24,1,0
25,2,0
26,2,0
27,10,0
28,9,1
29,12,0
30,15,0
31,10,2
32,10,1
33,21,0
34,19,2
35,15,1
36,30,1
37,31,0
38,28,3
39,51,2
40,52,5
41,43,3
42,71,5
43,109,6
44,138,10
45,138,4
46,172,11
47,210,9
48,286,14
49,342,15
50,427,14
51,520,26
52,610,24
53,799,43
54,874,44
55,1070,46
56,1298,67
57,1484,70
58,1768,85
59,2147,129
60,2545,135
61,3010,149
62,3625,200
63,4472,239
64,5300,245
65,6481,324
66,7715,403
67,9243,451
68,10971,566
69,13170,645
70,15546,857
71,18676,959
72,22688,1174
73,26717,1340
74,32029,1634
75,38413,2058
76,45669,2302
77,52550,2763
78,52923,2865
79,46439,2765
80,35428,2471
81,23989,1950
82,14805,1367
83,8561,911
84,4585,645
85,2382,386
86,1106,243
87,509,126
88,240,84
89,113,34
90,57,26
91,15,14
92,8,5
93,5,3
94,1,2
95,0,1
96,0,1
97,0,0
98,0,0
99,0,0
100,0,0
101,0,0
102,0,0
103,0,0
104,0,0
