1,1,0
2,0,0
3,2,0
4,5,0
5,5,0
6,13,0
7,12,0
8,8,0
9,15,1
10,12,1
11,13,0
12,22,1
13,20,3
14,28,0
15,42,1
16,37,4
17,51,2
18,58,1
19,84,2
20,79,4
21,107,6
22,147,5
23,173,8
24,236,10
25,263,8
26,284,16
27,368,15
28,432,27
29,452,37
30,601,39
31,712,38
32,838,40
33,1037,58
34,1228,63
35,1412,85
36,1736,88
37,1957,109
38,2311,122
39,2699,154
40,3288,168
41,3972,205
42,4719,271
43,5641,315
44,6695,345
45,7898,416
46,9630,486
47,11609,583
48,13572,658
49,16366,856
50,19703,1026
51,23452,1149
52,27893,1392
53,32910,1690
54,39357,2031
55,47058,2517
56,51700,2807
57,50209,2781
58,41722,2756
59,31107,2434
60,20468,1695
61,12620,1277
62,6999,863
63,3691,523
64,1833,340
65,881,184
66,438,111
67,208,64
68,87,45
69,34,23
70,18,9
71,6,4
72,1,2
73,1,2
74,0,1
75,0,0
76,0,0
77,0,0
78,0,1
79,0,0
80,0,0
81,0,0
82,0,0
83,0,0
84,0,0
85,0,0
86,0,0
87,0,0
88,0,0
89,0,0
90,0,0
91,0,0
92,0,0
93,0,0
94,0,0
95,0,0
96,0,0
97,0,0
98,0,0
99,0,0
100,0,0
101,0,0
102,0,0
103,0,0
104,0,0
