1,1,0
2,0,0
3,0,0
4,0,0
5,3,0
6,1,0
7,3,0
8,1,0
9,0,0
10,4,0
11,1,0
12,3,1
13,1,0
14,1,0
15,2,0
16,2,0
17,0,0
18,1,0
19,0,0
20,2,1
21,0,1
22,1,0
23,1,0
24,2,0
25,6,0
26,3,0
27,10,1
28,9,0
29,13,0
30,18,0
31,20,1
32,20,0
33,15,0
34,22,2
35,16,0
36,59,4
37,56,4
38,80,1
39,79,5
40,93,1
41,123,5
42,126,3
43,186,10
44,227,8
45,238,8
46,293,10
47,352,21
48,427,21
49,497,35
50,548,36
51,681,34
52,892,47
53,1038,55
54,1245,62
55,1454,73
56,1759,86
57,2210,108
58,2614,127
59,3117,134
60,3702,187
61,4374,232
62,5219,248
63,6223,307
64,7213,402
65,8648,486
66,10231,593
67,12149,689
68,14712,796
69,17515,900
70,20876,1160
71,25297,1310
72,29604,1536
73,35749,1884
74,42803,2190
75,49711,2572
76,52227,2872
77,48208,2866
78,37991,2570
79,26571,2089
80,16784,1558
81,9816,1066
82,5400,735
83,2862,434
84,1383,276
85,671,169
86,323,101
87,141,50
88,61,24
89,26,21
90,12,4
91,5,5
92,2,1
93,0,2
94,0,1
95,0,2
96,0,0
97,0,0
98,0,0
99,0,0
100,0,1
101,0,0
102,0,0
103,0,0
104,0,0
