1,1,0
2,0,0
3,1,0
4,0,0
5,3,0
6,4,0
7,3,0
8,6,0
9,1,1
10,2,2
11,1,0
12,4,1
13,1,0
14,2,0
15,3,0
16,5,0
17,3,3
18,8,0
19,9,0
20,7,0
21,10,1
22,19,1
23,24,0
24,8,2
25,23,1
26,22,1
27,26,1
28,26,1
29,46,4
30,45,3
31,41,3
32,62,4
33,70,6
34,109,7
35,129,3
36,168,4
37,172,7
38,218,10
39,269,13
40,314,19
41,401,13
42,489,16
43,613,29
44,701,27
45,821,31
46,995,53
47,1217,60
48,1364,88
49,1596,69
50,2059,116
51,2503,122
52,2811,117
53,3473,172
54,4178,237
55,4986,260
56,5920,315
57,7214,390
58,8659,473
59,10320,563
60,12289,595
61,14793,769
62,17533,930
63,20948,1147
64,24622,1339
65,29591,1587
66,35006,1856
67,41960,2185
68,48844,2694
69,51396,2795
70,46946,2750
71,37317,2545
72,26041,2042
73,16446,1445
74,9753,1141
75,5319,708
76,2753,439
77,1329,264
78,655,142
79,308,105
80,128,44
81,63,28
82,29,14
83,14,5
84,5,4
85,1,0
86,1,0
87,0,0
88,0,0
89,0,0
90,0,0
91,0,0
92,0,0
93,0,0
94,0,0
95,0,0
96,0,0
97,0,0
98,0,0
99,0,0
100,0,0
101,0,0
102,0,0
103,0,0
104,0,0
