1,1,0
2,0,0
3,0,0
4,0,0
5,2,0
6,1,0
7,1,0
8,1,0
9,1,0
10,4,1
11,0,0
12,7,0
13,3,0
14,8,0
15,6,0
16,2,0
17,3,1
18,4,0
19,8,1
20,11,0
21,13,0
22,11,0
23,9,3
24,19,1
25,15,1
26,24,2
27,27,0
28,22,3
29,27,3
30,41,2
31,61,3
32,51,2
33,67,3
34,82,2
35,83,3
36,98,7
37,117,6
38,147,14
39,167,7
40,200,8
41,249,11
42,280,16
43,338,22
44,361,15
45,516,26
46,595,26
47,739,48
48,830,39
49,1035,45
50,1217,62
51,1425,69
52,1656,87
53,2069,94
54,2548,140
55,3003,155
56,3649,178
57,4408,203
58,5382,262
59,6349,329
60,7599,365
61,9042,451
62,10771,577
63,12994,642
64,15458,824
65,18478,975
66,22148,1125
67,26240,1308
68,31635,1639
69,37400,1965
70,44511,2294
71,50898,2710
72,51428,2864
73,44613,2880
74,34655,2448
75,23359,1905
76,14482,1383
77,8189,984
78,4365,619
79,2300,429
80,1057,251
81,545,133
82,265,68
83,98,40
84,42,22
85,23,11
86,8,6
87,4,4
88,1,1
89,0,0
90,0,0
91,0,0
92,0,0
93,0,0
94,0,0
95,0,0
96,0,0
97,0,0
98,0,0
99,0,0
100,0,0
101,0,0
102,0,0
103,0,0
104,0,0
