1,1,0
2,0,0
3,0,0
4,0,0
5,1,0
6,0,0
7,0,0
8,2,0
9,0,0
10,4,0
11,5,0
12,3,0
13,5,0
14,6,0
15,6,1
16,7,0
17,16,1
18,12,1
19,9,0
20,21,1
21,20,1
22,21,2
23,26,1
24,37,0
25,28,1
26,30,4
27,37,6
28,42,3
29,38,5
30,61,3
31,59,3
32,76,4
33,90,6
34,134,8
35,177,8
36,232,11
37,274,7
38,300,11
39,380,13
40,431,18
41,545,21
42,631,34
43,755,38
44,935,54
45,1025,59
46,1285,63
47,1499,90
48,1766,98
49,2206,118
50,2498,144
51,2984,167
52,3601,183
53,4159,214
54,5001,295
55,5861,313
56,6862,357
57,8485,469
58,10059,560
59,11919,643
60,14414,790
61,17643,891
62,20949,1060
63,25115,1279
64,30113,1563
65,35582,1829
66,42590,2219
67,49049,2575
68,52081,2906
69,47479,2738
70,38045,2533
71,26576,2056
72,16768,1572
73,9978,1091
74,5269,693
75,2890,456
76,1340,247
77,657,150
78,267,77
79,138,50
80,57,23
81,23,9
82,7,7
83,0,5
84,0,5
85,0,1
86,0,0
87,0,0
88,0,0
89,0,0
90,0,0
91,0,0
92,0,0
93,0,0
94,0,0
95,0,0
96,0,0
97,0,0
98,0,0
99,0,0
100,0,0
101,0,0
102,0,0
103,0,0
104,0,0
