1,1,0
2,0,0
3,0,0
4,0,0
5,1,0
6,3,0
7,1,0
8,1,0
9,1,0
10,3,0
11,1,0
12,1,0
13,0,0
14,3,0
15,1,0
16,1,0
17,0,0
18,1,1
19,1,0
20,9,0
21,13,0
22,21,1
23,16,0
24,27,2
25,29,1
26,27,3
27,53,0
28,46,3
29,60,4
30,48,1
31,63,9
32,93,9
33,93,2
34,114,8
35,128,8
36,154,7
37,216,13
38,232,14
39,310,15
40,343,25
41,466,13
42,529,21
43,676,28
44,764,43
45,946,39
46,1117,54
47,1285,85
48,1585,80
49,1721,92
50,2218,107
51,2705,149
52,3212,175
53,3804,195
54,4469,233
55,5369,265
56,6591,325
57,8024,401
58,9415,492
59,11083,547
60,13673,676
61,16324,847
62,19078,971
63,23125,1160
64,27989,1478
65,33172,1713
66,39876,1993
67,47504,2378
68,53556,2749
69,52212,2876
70,44240,2800
71,32676,2257
72,21936,1867
73,13597,1361
74,7594,900
75,4027,552
76,2038,335
77,986,208
78,482,118
79,197,68
80,88,32
81,45,16
82,11,16
83,9,6
84,5,0
85,1,0
86,1,1
87,0,1
88,0,0
89,0,0
90,0,0
91,0,0
92,0,0
93,0,0
94,0,0
95,0,0
96,0,0
97,0,0
98,0,0
99,0,0
100,0,0
101,0,0
102,0,0
103,0,0
104,0,0
