1,1,0
2,0,0
3,0,0
4,0,0
5,1,0
6,0,0
7,0,0
8,1,0
9,1,0
10,0,0
11,2,0
12,3,0
13,2,0
14,6,0
15,10,0
16,9,0
17,19,0
18,20,0
19,40,0
20,35,1
21,24,0
22,44,1
23,61,8
24,75,3
25,114,5
26,103,4
27,153,7
28,208,3
29,284,8
30,317,8
31,403,9
32,497,12
33,636,20
34,735,25
35,856,50
36,1012,62
37,1173,65
38,1453,79
39,1740,89
40,2133,111
41,2525,124
42,2984,168
43,3601,158
44,4299,216
45,5288,258
46,6282,330
47,7702,378
48,9041,451
49,10691,549
50,12981,659
51,15450,792
52,18455,1001
53,22207,1122
54,26350,1334
55,31674,1688
56,37785,2008
57,45486,2351
58,51557,2651
59,52414,2848
60,46017,2890
61,34939,2436
62,23764,1919
63,14653,1408
64,8324,922
65,4469,584
66,2264,361
67,1144,246
68,555,149
69,250,70
70,116,42
71,45,17
72,18,15
73,8,5
74,1,5
75,1,4
76,1,0
77,1,0
78,0,0
79,0,0
80,0,1
81,0,0
82,0,0
83,0,0
84,0,0
85,0,0
86,0,0
87,0,0
88,0,0
89,0,0
90,0,0
91,0,0
92,0,0
93,0,0
94,0,0
95,0,0
96,0,0
97,0,0
98,0,0
99,0,0
100,0,0
101,0,0
102,0,0
103,0,0
104,0,0
