1,1,0
2,0,0
3,1,0
4,2,0
5,1,0
6,1,0
7,4,0
8,5,1
9,6,1
10,3,0
11,3,0
12,5,2
13,3,0
14,3,1
15,3,0
16,3,2
17,3,0
18,1,0
19,6,0
20,3,0
21,2,0
22,8,2
23,4,0
24,9,0
25,5,1
26,15,0
27,13,0
28,7,1
29,13,2
30,10,0
31,12,2
32,15,1
33,14,2
34,20,0
35,34,1
36,55,2
37,41,1
38,61,2
39,78,3
40,91,3
41,132,2
42,146,6
43,155,11
44,181,8
45,239,16
46,271,18
47,327,16
48,304,26
49,391,20
50,421,22
51,573,39
52,658,30
53,810,41
54,942,49
55,1070,45
56,1368,68
57,1666,100
58,2063,100
59,2335,124
60,2753,140
61,3215,164
62,3886,189
63,4714,251
64,5727,315
65,6709,329
66,7990,411
67,9632,491
68,11384,596
69,13613,704
70,16391,870
71,19192,979
72,22896,1183
73,27399,1409
74,32696,1705
75,39403,2047
76,46497,2417
77,51933,2681
78,50621,2967
79,43184,2772
80,31841,2391
81,21208,1713
82,12873,1303
83,7235,860
84,3848,564
85,1904,350
86,951,187
87,429,105
88,223,76
89,87,36
90,38,17
91,10,10
92,2,5
93,4,1
94,3,0
95,0,0
96,0,0
97,0,0
98,0,0
99,0,0
100,0,0
101,0,0
102,0,0
103,0,0
104,0,0
