1,1,0
2,0,0
3,1,0
4,3,0
5,2,0
6,1,0
7,3,0
8,4,0
9,0,0
10,2,0
11,1,0
12,3,1
13,2,0
14,2,0
15,6,0
16,3,0
17,13,0
18,10,0
19,12,0
20,11,0
21,27,0
22,24,2
23,28,2
24,33,1
25,54,3
26,49,2
27,76,6
28,88,5
29,115,2
30,99,4
31,122,5
32,128,8
33,167,7
34,206,18
35,229,24
36,238,15
37,294,17
38,399,19
39,449,30
40,515,24
41,634,28
42,713,43
43,840,60
44,1018,53
45,1241,78
46,1398,88
47,1681,93
48,2103,135
49,2452,129
50,2991,140
51,3502,163
52,4013,197
53,4911,230
54,5845,319
55,6998,334
56,8241,457
57,10130,516
58,12084,627
59,14043,755
60,17011,846
61,20254,1094
62,24062,1266
63,28761,1517
64,34422,1749
65,41311,2145
66,48171,2505
67,52418,2784
68,49011,2794
69,39667,2637
70,28073,2162
71,18257,1603
72,10801,1229
73,6007,752
74,3168,505
75,1498,302
76,795,154
77,348,115
78,165,37
79,65,27
80,29,14
81,11,8
82,9,3
83,3,3
84,0,0
85,0,1
86,0,0
87,0,0
88,0,0
89,0,0
90,0,0
91,0,0
92,0,0
93,0,0
94,0,0
95,0,0
96,0,0
97,0,0
98,0,0
99,0,0
100,0,0
101,0,0
102,0,0
103,0,0
104,0,0
