1,1,0
2,0,0
3,0,0
4,0,0
5,2,0
6,2,0
7,1,0
8,3,0
9,7,0
10,6,0
11,7,0
12,9,0
13,6,0
14,8,1
15,22,1
16,20,1
17,31,0
18,20,1
19,16,1
20,34,2
21,37,1
22,51,2
23,65,7
24,63,2
25,74,3
26,123,2
27,126,8
28,134,5
29,178,5
30,232,9
31,283,4
32,304,10
33,341,19
34,451,23
35,601,23
36,809,26
37,940,43
38,1136,44
39,1473,70
40,1659,73
41,1994,94
42,2364,120
43,2941,146
44,3424,188
45,4136,212
46,4815,245
47,5764,328
48,6914,374
49,8348,408
50,10130,494
51,12149,595
52,14383,728
53,17406,873
54,20786,1067
55,25163,1255
56,29636,1524
57,35793,1889
58,42735,2199
59,50205,2633
60,54332,2876
61,51545,2943
62,42186,2598
63,30382,2284
64,19574,1630
65,11645,1201
66,6481,793
67,3304,506
68,1662,339
69,836,170
70,352,88
71,172,59
72,74,26
73,29,16
74,16,7
75,7,2
76,3,1
77,0,2
78,0,0
79,0,0
80,0,0
81,0,0
82,0,0
83,0,0
84,0,0
85,0,0
86,0,0
87,0,0
88,0,0
89,0,0
90,0,0
91,0,0
92,0,0
93,0,0
94,0,0
95,0,0
96,0,0
97,0,0
98,0,0
99,0,0
100,0,0
101,0,0
102,0,0
103,0,0
104,0,0
