1,1,0
2,0,0
3,0,0
4,0,0
5,1,0
6,2,0
7,2,0
8,2,0
9,6,0
10,8,0
11,4,0
12,5,0
13,8,0
14,5,0
15,6,0
16,7,1
17,5,2
18,9,1
19,14,2
20,9,1
21,9,0
22,14,2
23,13,3
24,15,0
25,12,0
26,13,1
27,25,0
28,18,2
29,12,2
30,25,2
31,15,1
32,23,1
33,42,2
34,42,0
35,50,3
36,53,2
37,72,9
38,94,7
39,112,9
40,147,4
41,158,8
42,173,13
43,231,11
44,308,12
45,375,16
46,473,28
47,494,23
48,575,39
49,751,40
50,876,38
51,1090,47
52,1288,65
53,1566,82
54,1938,94
55,2252,129
56,2577,131
57,3132,139
58,3762,184
59,4564,247
60,5360,275
61,6479,322
62,7775,432
63,9141,465
64,11071,546
65,13111,685
66,15422,831
67,18528,934
68,22263,1146
69,26720,1390
70,31882,1653
71,37625,1957
72,45393,2370
73,51346,2677
74,52139,2933
75,45373,2841
76,34974,2456
77,23885,1885
78,14682,1393
79,8512,1012
80,4602,650
81,2292,386
82,1160,238
83,496,125
84,234,70
85,110,43
86,42,21
87,8,13
88,9,8
89,3,1
90,1,2
91,0,0
92,0,0
93,0,1
94,0,0
95,0,0
96,0,0
97,1,0
98,0,0
99,0,0
100,0,0
101,0,0
102,0,0
103,0,0
104,0,0
