1,1,0
2,0,0
3,0,0
4,0,0
5,2,0
6,0,0
7,4,0
8,0,0
9,1,0
10,2,0
11,4,0
12,2,0
13,6,0
14,8,0
15,14,1
16,24,1
17,18,0
18,21,0
19,27,2
20,26,2
21,35,2
22,37,3
23,49,2
24,68,5
25,71,4
26,89,4
27,90,5
28,125,9
29,178,3
30,193,10
31,233,9
32,309,13
33,409,16
34,433,14
35,552,23
36,680,32
37,889,46
38,1064,49
39,1304,59
40,1563,70
41,1762,85
42,2130,113
43,2532,120
44,3163,176
45,3721,187
46,4517,213
47,5381,275
48,6219,327
49,7820,408
50,9380,444
51,10953,578
52,13345,590
53,16112,795
54,19395,972
55,23118,1147
56,27716,1388
57,32797,1719
58,39365,1975
59,46353,2322
60,52761,2792
61,52288,2997
62,45263,2846
63,33817,2479
64,22701,1876
65,13971,1322
66,8208,933
67,4228,621
68,2052,367
69,1024,190
70,475,120
71,240,79
72,104,34
73,35,22
74,20,8
75,6,5
76,4,4
77,0,3
78,0,0
79,0,1
80,0,0
81,0,0
82,0,0
83,0,0
84,0,0
85,0,0
86,0,0
87,0,0
88,0,0
89,0,0
90,0,0
91,0,0
92,0,0
93,0,0
94,0,0
95,0,0
96,0,0
97,0,0
98,0,0
99,0,0
100,0,0
101,0,0
102,0,0
103,0,0
104,0,0
