1,1,0
2,0,0
3,0,0
4,1,0
5,3,0
6,6,0
7,3,0
8,2,0
9,0,0
10,3,0
11,2,0
12,4,2
13,1,0
14,2,1
15,3,0
16,1,0
17,0,0
18,3,1
19,4,0
20,3,1
21,3,0
22,5,0
23,5,0
24,9,0
25,9,0
26,14,0
27,15,0
28,11,1
29,20,0
30,11,0
31,7,2
32,24,1
33,34,2
34,49,3
35,51,2
36,77,3
37,88,4
38,97,3
39,111,9
40,143,7
41,172,11
42,238,5
43,263,16
44,298,16
45,290,20
46,380,22
47,463,30
48,536,27
49,633,38
50,744,42
51,884,67
52,1124,63
53,1253,61
54,1527,84
55,1739,95
56,2130,93
57,2451,145
58,2893,156
59,3358,192
60,3907,228
61,4686,244
62,5596,319
63,6613,383
64,7801,440
65,9321,548
66,11132,624
67,13462,686
68,15959,841
69,18788,937
70,22757,1172
71,27003,1404
72,32719,1712
73,38600,2045
74,45990,2296
75,51956,2771
76,50398,2874
77,42676,2709
78,32107,2287
79,21179,1759
80,12809,1323
81,7257,819
82,3878,538
83,2004,356
84,984,208
85,466,131
86,182,72
87,90,26
88,35,14
89,19,12
90,6,5
91,3,1
92,0,2
93,0,0
94,1,1
95,0,0
96,0,0
97,0,0
98,0,0
99,0,0
100,0,0
101,0,0
102,0,0
103,0,0
104,0,0
