1,1,0
2,0,0
3,0,0
4,0,0
5,0,0
6,0,0
7,0,0
8,1,0
9,0,0
10,0,0
11,1,0
12,1,0
13,2,1
14,4,1
15,1,0
16,0,0
17,0,0
18,2,0
19,2,0
20,3,1
21,3,0
22,16,0
23,18,0
24,34,0
25,32,0
26,36,1
27,46,4
28,55,0
29,62,5
30,69,1
31,90,6
32,102,5
33,120,11
34,129,7
35,206,10
36,238,13
37,280,12
38,304,14
39,360,17
40,501,27
41,578,32
42,685,34
43,810,49
44,982,56
45,1152,67
46,1279,59
47,1567,97
48,1868,108
49,2151,128
50,2427,157
51,3031,167
52,3741,194
53,4405,246
54,5175,284
55,6286,295
56,7510,385
57,9177,451
58,10753,543
59,12968,662
60,15614,743
61,18671,977
62,22352,1165
63,26603,1346
64,31735,1633
65,38091,1950
66,45434,2312
67,51962,2645
68,52418,2963
69,46007,2874
70,35175,2504
71,23622,1877
72,14610,1388
73,8492,959
74,4457,650
75,2303,400
76,1102,222
77,561,134
78,236,89
79,92,37
80,49,27
81,21,13
82,8,9
83,3,4
84,0,2
85,0,1
86,0,0
87,0,0
88,0,0
89,0,0
90,0,0
91,0,0
92,0,0
93,0,0
94,0,0
95,0,0
96,0,0
97,0,0
98,0,0
99,0,0
100,0,0
101,0,0
102,0,0
103,0,0
104,0,0
