1,1,0
2,0,0
3,0,0
4,1,0
5,3,0
6,1,0
7,1,0
8,1,0
9,2,0
10,4,0
11,2,0
12,8,1
13,11,0
14,10,1
15,6,1
16,14,0
17,15,1
18,22,0
19,23,0
20,17,1
21,28,4
22,24,1
23,30,6
24,49,2
25,77,0
26,71,8
27,99,5
28,118,6
29,156,3
30,211,9
31,270,13
32,278,12
33,330,17
34,411,20
35,426,33
36,547,31
37,688,30
38,919,37
39,1055,41
40,1222,57
41,1455,68
42,1763,89
43,2021,116
44,2429,112
45,2875,143
46,3236,211
47,4272,221
48,4979,232
49,5971,302
50,7153,382
51,8726,477
52,10647,549
53,12350,603
54,14994,790
55,17920,922
56,21866,1063
57,25921,1339
58,31055,1600
59,37136,1914
60,44005,2283
61,50684,2665
62,53206,2880
63,47885,2990
64,37332,2557
65,26174,2027
66,16382,1545
67,9569,1055
68,5175,687
69,2689,393
70,1371,268
71,649,152
72,259,83
73,134,48
74,51,14
75,22,16
76,8,2
77,3,1
78,1,5
79,1,1
80,0,0
81,0,0
82,0,0
83,0,0
84,0,0
85,0,0
86,0,0
87,0,0
88,0,0
89,0,0
90,0,0
91,0,0
92,0,0
93,0,0
94,0,0
95,0,0
96,0,0
97,0,0
98,0,0
99,0,0
100,0,0
101,0,0
102,0,0
103,0,0
104,0,0
