1,1,0
2,0,0
3,0,0
4,0,0
5,3,0
6,4,0
7,3,0
8,3,0
9,3,0
10,1,0
11,9,0
12,10,0
13,10,0
14,8,2
15,17,0
16,22,1
17,18,0
18,15,2
19,41,1
20,37,0
21,49,4
22,53,4
23,85,5
24,95,3
25,90,8
26,106,4
27,115,2
28,129,9
29,150,11
30,178,11
31,194,20
32,226,16
33,212,21
34,246,22
35,284,18
36,341,28
37,375,27
38,433,37
39,573,35
40,749,44
41,811,46
42,1027,37
43,1333,60
44,1471,66
45,1793,94
46,2100,113
47,2550,153
48,3024,152
49,3573,173
50,4283,237
51,5216,277
52,6205,327
53,7451,350
54,8866,459
55,10126,510
56,12254,658
57,14635,842
58,17292,951
59,21247,1006
60,25365,1281
61,30185,1545
62,36732,1905
63,43719,2239
64,50722,2682
65,52612,2896
66,47461,2856
67,37068,2496
68,25611,2060
69,16106,1523
70,9494,1047
71,5079,678
72,2611,420
73,1370,215
74,618,145
75,277,77
76,111,51
77,56,21
78,20,15
79,6,4
80,4,1
81,0,1
82,1,1
83,0,0
84,0,0
85,0,0
86,0,0
87,0,0
88,0,0
89,0,0
90,0,0
91,0,0
92,0,0
93,0,0
94,0,0
95,0,0
96,0,0
97,0,0
98,0,0
99,0,0
100,0,0
101,0,0
102,0,0
103,0,0
104,0,0
