1,1,0
2,0,0
3,0,0
4,0,0
5,0,0
6,0,0
7,1,0
8,0,0
9,1,0
10,2,0
11,0,0
12,1,0
13,3,0
14,1,0
15,4,1
16,5,0
17,19,0
18,11,0
19,9,0
20,8,0
21,9,1
22,22,0
23,24,0
24,19,3
25,30,1
26,43,1
27,44,2
28,56,3
29,83,1
30,86,2
31,131,8
32,163,5
33,199,5
34,222,8
35,211,18
36,263,15
37,336,16
38,451,20
39,521,23
40,627,35
41,750,30
42,867,37
43,991,43
44,1275,63
45,1518,83
46,1824,88
47,2137,100
48,2562,137
49,2936,169
50,3562,189
51,4123,221
52,4945,250
53,5776,314
54,6856,363
55,8189,433
56,9884,515
57,11503,617
58,13873,715
59,16507,860
60,19690,1024
61,23948,1252
62,28766,1418
63,34354,1826
64,40677,2111
65,48196,2453
66,52975,2767
67,50906,2934
68,42349,2669
69,30451,2225
70,19887,1670
71,11877,1276
72,6555,849
73,3458,492
74,1770,322
75,821,199
76,374,117
77,178,60
