1,1,0
2,0,0
3,0,0
4,0,0
5,1,0
6,2,0
7,2,0
8,3,0
9,2,0
10,8,0
11,5,0
12,5,0
13,11,1
14,11,1
15,6,0
16,12,0
17,15,1
18,21,2
19,18,0
20,16,0
21,20,4
22,12,0
23,20,2
24,20,4
25,25,1
26,42,2
27,63,1
28,57,2
29,54,3
30,59,2
31,68,5
32,80,10
33,80,5
34,68,3
35,97,14
36,126,11
37,143,5
38,186,13
39,229,16
40,260,10
41,323,12
42,366,20
43,398,29
44,519,30
45,542,38
46,706,30
47,824,48
48,1051,57
49,1204,61
50,1455,81
51,1702,96
52,2078,108
53,2540,149
54,3126,152
55,3812,177
56,4627,224
57,5500,260
58,6481,300
59,7800,436
60,9367,489
61,11379,591
62,13774,666
63,16581,821
64,19713,963
65,23660,1180
66,28104,1435
67,33485,1700
68,39638,2069
69,47714,2540
70,54006,2813
71,53847,2982
72,46120,2842
73,34501,2464
74,23416,1906
75,14121,1418
76,8130,904
77,4322,652
