1,1,0
2,0,0
3,0,0
4,0,0
5,3,0
6,3,0
7,1,0
8,3,1
9,3,0
10,3,0
11,4,0
12,5,0
13,4,1
14,11,0
15,13,1
16,19,1
17,20,2
18,25,0
19,28,2
20,22,0
21,34,3
22,33,2
23,45,4
24,42,4
25,75,2
26,104,10
27,108,8
28,146,8
29,152,9
30,181,9
31,235,11
32,253,16
33,284,20
34,380,21
35,452,15
36,592,24
37,617,33
38,850,47
39,1071,41
40,1247,65
41,1355,71
42,1606,87
43,2007,103
44,2409,141
45,2882,145
46,3250,175
47,3934,212
48,4740,254
49,5715,294
50,6878,388
51,8126,434
52,9702,508
53,11636,572
54,13707,758
55,16476,865
56,19569,1029
57,23429,1213
58,27812,1469
59,33179,1725
60,39486,2141
61,46117,2399
62,50423,2803
63,47770,2902
64,39264,2666
65,28435,2194
66,18778,1693
67,11177,1188
68,6168,798
69,3290,492
70,1665,306
71,756,193
72,368,91
73,154,61
74,59,28
75,38,17
76,10,10
77,7,3
