1,1,0
2,0,0
3,0,0
4,1,0
5,1,0
6,0,0
7,2,0
8,1,0
9,1,1
10,0,0
11,1,0
12,3,0
13,2,0
14,5,0
15,7,0
16,4,1
17,8,1
18,15,0
19,11,0
20,13,1
21,17,1
22,15,0
23,26,1
24,36,1
25,34,2
26,46,5
27,55,2
28,52,2
29,68,4
30,94,3
31,121,2
32,153,6
33,164,7
34,198,10
35,265,10
36,310,16
37,334,12
38,402,14
39,449,28
40,516,21
41,622,31
42,774,39
43,866,48
44,1021,77
45,1222,59
46,1420,73
47,1684,105
48,2043,134
49,2467,132
50,2810,164
51,3548,188
52,4173,217
53,5204,258
54,5980,318
55,7341,362
56,8767,426
57,10399,556
58,12535,618
59,14954,757
60,18202,900
61,21796,1106
62,25509,1372
63,30480,1636
64,36285,1867
65,43518,2287
66,50321,2640
67,52133,2927
68,47060,2855
69,36536,2561
70,25740,2112
71,16365,1482
72,9565,965
73,5165,712
74,2692,431
75,1330,264
76,637,163
77,292,72
