1,1,0
2,0,0
3,0,0
4,2,0
5,2,0
6,5,0
7,2,0
8,2,0
9,2,0
10,2,0
11,2,0
12,0,0
13,4,1
14,6,0
15,9,1
16,15,0
17,23,0
18,26,1
19,36,1
20,37,1
21,44,1
22,49,1
23,51,3
24,76,5
25,74,4
26,107,3
27,117,4
28,168,5
29,158,9
30,205,9
31,268,19
32,317,13
33,469,14
34,478,22
35,606,32
36,726,30
37,914,51
38,1142,60
39,1362,47
40,1538,68
41,1800,89
42,2145,113
43,2812,133
44,3319,169
45,4086,204
46,4838,236
47,5691,265
48,7036,326
49,8598,422
50,10176,496
51,11992,617
52,14688,726
53,17387,883
54,20876,1048
55,25220,1304
56,30034,1482
57,35921,1852
58,42408,2190
59,49907,2637
60,52968,2933
61,48955,2879
62,39548,2705
63,28153,2075
64,17904,1645
65,10577,1163
66,5777,773
67,2911,467
68,1430,322
69,727,190
70,337,96
71,157,50
72,69,36
73,26,10
74,16,4
75,4,10
76,2,0
77,0,0
