1,1,0
2,0,0
3,0,0
4,0,0
5,0,0
6,3,0
7,0,0
8,1,0
9,2,0
10,1,0
11,3,0
12,2,0
13,1,0
14,4,0
15,3,2
16,4,0
17,2,0
18,5,0
19,5,1
20,5,0
21,6,1
22,10,1
23,9,1
24,8,1
25,13,1
26,17,0
27,27,1
28,27,1
29,25,2
30,40,3
31,45,3
32,60,0
33,66,4
34,75,3
35,78,4
36,107,5
37,127,8
38,180,12
39,163,12
40,251,11
41,247,6
42,319,17
43,394,18
44,423,27
45,518,28
46,636,37
47,843,41
48,856,63
49,1030,59
50,1203,53
51,1553,84
52,1759,87
53,2136,105
54,2540,162
55,3050,166
56,3655,200
57,4357,233
58,5147,254
59,6072,298
60,7311,406
61,8646,490
62,10376,511
63,12391,632
64,14921,733
65,17588,909
66,21333,1125
67,25413,1286
68,30026,1534
69,35756,1826
70,43102,2304
71,50417,2729
72,56451,3010
73,54210,3119
74,45658,2895
75,33616,2334
76,21950,1889
77,13497,1374
