1,1,0
2,0,0
3,0,0
4,0,0
5,0,0
6,4,0
7,1,0
8,1,0
9,5,0
10,12,0
11,11,0
12,9,0
13,19,0
14,21,1
15,31,1
16,31,0
17,25,2
18,26,3
19,37,1
20,47,3
21,57,8
22,69,4
23,66,5
24,89,6
25,113,8
26,122,8
27,162,12
28,216,7
29,253,9
30,302,11
31,364,10
32,454,28
33,496,27
34,632,27
35,771,44
36,873,50
37,1007,51
38,1108,56
39,1389,80
40,1585,81
41,1955,107
42,2325,116
43,2875,154
44,3164,178
45,3881,186
46,4707,234
47,5604,320
48,6748,360
49,8085,431
50,9475,486
51,11451,595
52,13608,707
53,16057,854
54,19275,1071
55,23056,1197
56,27433,1459
57,33372,1731
58,39772,2004
59,46654,2408
60,50701,2775
61,49741,2836
62,41152,2679
63,30624,2322
64,20140,1773
65,12006,1302
66,6777,820
67,3597,545
68,1845,318
69,840,205
70,399,100
71,174,54
72,89,40
73,37,17
74,15,11
75,4,3
76,1,1
77,0,1
