1,1,0
2,0,0
3,2,0
4,4,0
5,16,0
6,10,0
7,19,0
8,21,0
9,16,0
10,23,1
11,28,4
12,28,3
13,47,1
14,45,4
15,42,4
16,43,6
17,54,4
18,74,4
19,81,5
20,92,7
21,142,7
22,128,6
23,170,8
24,183,11
25,271,9
26,300,18
27,342,15
28,400,16
29,534,28
30,618,27
31,766,32
32,843,49
33,1009,57
34,1223,61
35,1548,64
36,1808,87
37,2054,118
38,2463,117
39,3023,152
40,3595,209
41,4138,232
42,5123,254
43,5965,326
44,7458,380
45,8629,462
46,10567,558
47,12473,641
48,15097,734
49,18018,922
50,21734,1104
51,25991,1298
52,31335,1593
53,37394,1890
54,44309,2267
55,50925,2685
56,51838,2907
57,46586,2865
58,35660,2555
59,24709,1908
60,15193,1398
61,8975,983
62,4864,682
63,2509,409
64,1193,241
65,555,139
66,233,89
67,115,44
68,60,26
69,9,22
70,9,14
71,3,3
72,1,2
73,0,3
74,1,0
75,0,0
76,0,0
77,0,0
78,0,0
79,0,0
80,0,0
81,0,0
82,0,0
83,0,0
84,0,0
85,0,0
86,0,0
87,0,0
88,0,0
89,0,0
90,0,0
91,0,0
92,0,0
93,0,0
94,0,0
