1,1,0
2,0,0
3,0,0
4,1,0
5,5,0
6,3,0
7,2,0
8,2,0
9,7,0
10,4,0
11,4,0
12,7,0
13,3,1
14,5,0
15,12,1
16,17,0
17,16,1
18,15,1
19,20,2
20,20,2
21,30,1
22,30,2
23,44,3
24,52,3
25,53,0
26,61,4
27,99,9
28,110,6
29,151,7
30,133,5
31,190,11
32,215,14
33,263,18
34,312,11
35,341,22
36,421,31
37,424,30
38,542,30
39,580,25
40,729,48
41,875,51
42,1028,56
43,1219,71
44,1556,78
45,1785,91
46,2123,113
47,2547,118
48,3026,157
49,3755,180
50,4437,240
51,5328,278
52,6392,344
53,7731,402
54,9312,466
55,10993,569
56,13628,644
57,16084,823
58,19324,983
59,23231,1103
60,27667,1396
61,33383,1715
62,39659,2002
63,46970,2403
64,52846,2783
65,51850,2919
66,44740,2802
67,33213,2276
68,21701,1812
69,13345,1336
70,7631,953
71,4142,569
72,2132,368
73,988,201
74,464,114
75,198,86
76,92,34
77,41,16
78,19,10
79,7,6
80,4,3
81,4,2
82,0,1
83,0,0
84,0,0
85,0,0
86,0,0
87,0,0
88,0,0
89,0,0
90,0,0
91,0,0
92,0,0
93,0,0
94,0,0
