1,1,0
2,0,0
3,0,0
4,0,0
5,1,0
6,2,0
7,0,0
8,1,0
9,4,0
10,4,1
11,3,0
12,2,0
13,0,0
14,2,0
15,2,0
16,4,0
17,1,1
18,4,1
19,1,0
20,2,0
21,5,0
22,1,1
23,5,1
24,3,0
25,1,0
26,4,0
27,4,0
28,2,1
29,5,0
30,1,0
31,4,0
32,4,0
33,2,0
34,2,1
35,6,1
36,1,0
37,7,0
38,3,0
39,3,0
40,10,0
41,7,2
42,11,1
43,32,0
44,38,1
45,41,1
46,47,5
47,74,2
48,60,4
49,70,4
50,101,4
51,95,7
52,141,7
53,167,10
54,174,7
55,224,11
56,282,20
57,330,18
58,408,18
59,465,17
60,528,33
61,694,34
62,823,45
63,967,41
64,1167,59
65,1404,61
66,1550,74
67,1862,109
68,2230,132
69,2627,168
70,3133,156
71,3654,198
72,4544,235
73,5499,297
74,6384,312
75,7614,407
76,9013,482
77,11087,588
78,12872,658
79,15535,804
80,18266,950
81,21956,1155
82,26301,1370
83,31349,1717
84,37502,1935
85,44502,2415
86,51974,2677
87,52886,2934
88,46720,2708
89,36362,2492
90,24578,2030
91,15383,1403
92,8865,977
93,4829,631
94,2430,398
