1,1,0
2,0,0
3,1,0
4,2,0
5,2,0
6,2,0
7,1,0
8,10,1
9,7,0
10,10,0
11,13,0
12,10,0
13,13,0
14,24,1
15,23,1
16,21,0
17,21,1
18,38,1
19,26,1
20,29,3
21,22,4
22,23,2
23,38,7
24,54,3
25,52,4
26,63,5
27,76,2
28,83,7
29,85,5
30,101,3
31,108,9
32,133,2
33,155,3
34,180,6
35,181,15
36,229,12
37,281,18
38,291,16
39,365,21
40,397,24
41,475,28
42,516,31
43,606,56
44,689,41
45,870,50
46,1083,51
47,1274,68
48,1572,74
49,1769,117
50,2217,99
51,2518,145
52,3121,170
53,3638,209
54,4373,237
55,5099,280
56,6012,327
57,7038,391
58,8588,485
59,10222,514
60,12522,633
61,14946,725
62,17939,916
63,21052,1133
64,25369,1321
65,30674,1479
66,36439,1876
67,43921,2215
68,50575,2631
69,53099,2765
70,48141,2800
71,37664,2488
72,26219,1969
73,16257,1524
74,9638,1075
75,5226,679
76,2726,415
77,1281,223
78,589,152
79,316,89
80,144,54
81,51,22
82,22,8
83,7,6
84,2,3
85,1,4
86,0,0
87,1,1
88,1,0
89,0,0
90,0,0
91,0,0
92,0,0
93,0,0
94,0,0
