1,1,0
2,0,0
3,0,0
4,1,0
5,2,0
6,6,0
7,1,0
8,4,0
9,0,0
10,0,1
11,4,0
12,1,0
13,2,0
14,2,1
15,8,0
16,6,1
17,8,0
18,6,0
19,5,1
20,8,1
21,9,0
22,6,1
23,14,1
24,14,0
25,15,0
26,21,1
27,24,1
28,32,1
29,35,1
30,46,5
31,48,4
32,55,0
33,96,3
34,126,2
35,115,4
36,128,4
37,152,14
38,183,9
39,197,10
40,210,9
41,239,13
42,306,21
43,343,22
44,378,26
45,465,30
46,567,32
47,650,36
48,786,36
49,914,48
50,1146,52
51,1334,62
52,1669,90
53,2018,114
54,2374,113
55,2886,112
56,3385,188
57,4100,203
58,4831,264
59,5582,291
60,6883,379
61,8503,424
62,10061,501
63,12029,586
64,14287,731
65,17180,849
66,20628,1035
67,24836,1262
68,29257,1523
69,34900,1819
70,41823,2243
71,49590,2563
72,53390,2975
73,50409,2932
74,41241,2726
75,29379,2200
76,19222,1584
77,11310,1186
78,6226,787
79,3313,492
80,1668,267
81,781,174
82,357,101
83,161,62
84,58,31
85,33,12
86,13,5
87,10,7
88,3,2
89,0,0
90,0,2
91,0,0
92,0,0
93,0,0
94,0,0
