1,1,0
2,0,0
3,0,0
4,1,0
5,1,0
6,3,0
7,2,0
8,3,0
9,1,0
10,4,0
11,3,0
12,0,1
13,2,0
14,4,1
15,1,0
16,3,0
17,2,0
18,3,0
19,1,1
20,4,0
21,10,0
22,11,0
23,9,0
24,14,1
25,11,1
26,19,0
27,13,0
28,9,1
29,14,3
30,18,1
31,20,2
32,36,4
33,59,2
34,49,2
35,60,2
36,63,0
37,76,6
38,111,5
39,142,4
40,159,10
41,191,6
42,255,10
43,283,16
44,379,12
45,407,25
46,452,21
47,564,26
48,652,34
49,777,36
50,932,48
51,1211,55
52,1468,53
53,1750,90
54,2164,101
55,2604,116
56,3122,140
57,3732,192
58,4644,207
59,5426,276
60,6492,313
61,7776,404
62,9395,486
63,11075,534
64,13424,718
65,15997,836
66,19439,997
67,23006,1195
68,27657,1448
69,33142,1712
70,39358,2013
71,46430,2470
72,52363,2780
73,51229,2826
74,43445,2749
75,32196,2411
76,21394,1831
77,12900,1323
78,7189,854
79,3890,571
80,1925,355
81,974,207
82,439,136
83,170,75
84,81,43
85,44,13
86,12,9
87,0,7
88,4,6
89,3,2
90,0,1
91,0,0
92,0,0
93,0,0
94,0,0
