1,1,0
2,0,0
3,2,0
4,7,0
5,7,0
6,9,0
7,8,0
8,5,1
9,10,0
10,12,0
11,8,1
12,4,0
13,13,2
14,11,0
15,21,0
16,23,2
17,22,0
18,44,1
19,59,1
20,48,3
21,84,6
22,95,5
23,137,1
24,129,6
25,161,12
26,212,9
27,210,9
28,247,15
29,317,14
30,404,20
31,461,24
32,540,27
33,668,25
34,827,21
35,944,59
36,1136,75
37,1393,74
38,1695,78
39,2056,106
40,2360,131
41,2900,133
42,3564,163
43,3968,206
44,4893,261
45,5774,293
46,6962,339
47,8210,471
48,9923,527
49,11779,642
50,13879,717
51,16586,870
52,20126,1026
53,23266,1215
54,28092,1500
55,33211,1808
56,39822,2085
57,47110,2615
58,52098,2702
59,50174,2838
60,41152,2614
61,30025,2220
62,19666,1632
63,11683,1215
64,6628,772
65,3446,461
66,1725,295
67,867,170
68,412,97
69,188,56
70,82,34
71,30,13
72,14,8
73,7,6
74,1,0
75,1,3
76,0,0
77,0,0
78,0,0
79,0,0
80,0,0
81,0,0
82,0,0
83,0,0
84,0,0
85,0,0
86,0,0
87,0,0
88,0,0
89,0,0
90,0,0
91,0,0
92,0,0
93,0,0
94,0,0
