1,1,0
2,0,0
3,0,0
4,0,0
5,1,0
6,0,0
7,1,0
8,4,0
9,4,0
10,8,0
11,10,0
12,7,0
13,17,1
14,19,0
15,32,0
16,28,0
17,28,0
18,41,3
19,41,1
20,43,4
21,41,4
22,58,9
23,55,1
24,64,4
25,75,8
26,95,3
27,98,9
28,141,4
29,164,11
30,169,10
31,239,9
32,311,16
33,343,12
34,403,27
35,492,23
36,588,24
37,711,29
38,864,44
39,1031,43
40,1226,69
41,1472,71
42,1753,89
43,2130,104
44,2500,132
45,3061,137
46,3638,187
47,4476,192
48,5197,281
49,6119,325
50,7535,352
51,8792,446
52,10641,549
53,12879,630
54,15416,797
55,18341,924
56,22386,1188
57,26501,1343
58,31813,1553
59,38142,1999
60,45126,2393
61,50706,2699
62,51436,2965
63,44774,2795
64,33637,2434
65,23223,1892
66,14445,1424
67,8245,956
68,4505,631
69,2206,380
70,1159,234
71,521,145
72,248,82
73,99,49
74,41,28
75,21,14
76,5,5
77,5,4
78,2,2
79,1,1
80,1,0
81,0,0
82,0,0
83,0,0
84,0,0
85,0,0
86,0,0
87,0,0
88,0,0
89,0,0
90,0,0
91,0,0
92,0,0
93,0,0
94,0,0
