1,1,0
2,0,0
3,0,0
4,3,0
5,1,0
6,3,0
7,4,0
8,3,2
9,1,0
10,3,0
11,2,0
12,4,1
13,9,0
14,11,1
15,6,0
16,14,0
17,10,1
18,17,2
19,14,0
20,15,0
21,23,3
22,26,1
23,18,0
24,30,2
25,23,6
26,30,4
27,30,3
28,36,2
29,54,4
30,52,7
31,85,6
32,103,2
33,127,2
34,146,6
35,137,6
36,184,9
37,272,16
38,305,14
39,394,20
40,425,22
41,464,30
42,588,45
43,674,32
44,799,47
45,879,42
46,1033,71
47,1423,86
48,1602,79
49,1807,119
50,2035,132
51,2631,152
52,3073,165
53,3705,208
54,4448,209
55,5298,259
56,6226,336
57,7502,350
58,8884,468
59,10566,570
60,12296,687
61,14920,761
62,17902,948
63,21143,1139
64,25557,1310
65,30359,1556
66,36916,1871
67,44272,2215
68,51275,2588
69,52846,2837
70,48368,2850
71,37024,2483
72,26311,1932
73,16612,1521
74,9543,1000
75,5337,651
76,2738,441
77,1274,245
78,613,154
79,302,99
80,127,46
81,65,24
82,18,18
83,11,7
84,1,2
85,3,2
86,0,0
87,1,0
88,0,0
89,0,0
90,0,0
91,0,0
92,0,0
93,0,0
94,0,0
