1,1,0
2,0,0
3,0,0
4,1,0
5,0,1
6,0,0
7,0,0
8,0,0
9,2,0
10,1,0
11,2,0
12,2,0
13,3,0
14,9,0
15,13,0
16,13,0
17,13,1
18,20,1
19,17,1
20,12,2
21,25,2
22,24,4
23,28,1
24,41,1
25,53,3
26,75,3
27,72,1
28,94,7
29,129,9
30,143,3
31,182,9
32,227,13
33,245,7
34,267,19
35,348,15
36,396,30
37,510,28
38,567,33
39,724,33
40,897,38
41,1048,56
42,1281,68
43,1511,82
44,1789,102
45,2237,120
46,2521,131
47,3028,144
48,3697,171
49,4298,221
50,5354,287
51,6319,331
52,7555,390
53,8758,440
54,10545,544
55,12653,711
56,15181,775
57,17988,921
58,21513,1125
59,25880,1333
60,31278,1596
61,37345,1881
62,44273,2375
63,51587,2660
64,54610,2956
65,49510,2933
66,39304,2696
67,27698,2193
68,17509,1680
69,10294,1158
70,5689,696
