1,1,0
2,0,0
3,0,0
4,2,0
5,2,0
6,5,1
7,10,0
8,7,0
9,9,0
10,17,1
11,14,0
12,12,1
13,17,3
14,22,1
15,31,1
16,35,0
17,38,1
18,45,2
19,37,4
20,41,3
21,47,5
22,57,4
23,67,6
24,65,7
25,79,3
26,106,8
27,129,6
28,164,12
29,178,15
30,226,10
31,254,6
32,307,19
33,336,17
34,424,14
35,513,31
36,657,30
37,696,48
38,870,51
39,1124,55
40,1413,70
41,1663,82
42,1967,95
43,2421,116
44,2838,139
45,3599,162
46,4189,191
47,4962,244
48,6003,293
49,7050,361
50,8541,438
51,10230,498
52,12060,647
53,14789,749
54,17217,899
55,20619,1068
56,24536,1225
57,29446,1568
58,35249,1801
59,42535,2279
60,49693,2586
61,53542,2839
62,50451,2855
63,40552,2754
64,29228,2155
65,18603,1649
66,11306,1221
67,6216,794
68,3285,521
69,1653,343
70,786,158
