1,1,0
2,0,0
3,0,0
4,0,0
5,2,0
6,0,0
7,1,0
8,1,0
9,4,0
10,8,0
11,6,0
12,19,0
13,37,0
14,39,0
15,46,0
16,54,0
17,57,5
18,63,2
19,70,3
20,83,4
21,105,8
22,116,8
23,134,8
24,143,11
25,149,11
26,220,8
27,235,13
28,262,17
29,319,22
30,443,29
31,568,28
32,651,35
33,716,47
34,914,57
35,1077,51
36,1352,59
37,1646,74
38,1969,85
39,2283,110
40,2677,152
41,3407,170
42,3947,201
43,4737,242
44,5809,259
45,6956,349
46,8253,390
47,9956,515
48,11849,619
49,14182,679
50,17008,882
51,20436,1042
52,24583,1224
53,29711,1528
54,35359,1797
55,42639,2156
56,50278,2475
57,53895,2858
58,51238,2985
59,41346,2684
60,29757,2207
61,19485,1681
62,11320,1177
63,6331,824
64,3515,481
65,1599,305
66,799,187
67,382,112
68,152,57
69,78,32
70,31,12
