1,1,0
2,0,0
3,0,0
4,3,0
5,2,0
6,2,0
7,8,0
8,4,0
9,6,2
10,10,0
11,2,0
12,12,0
13,10,0
14,13,0
15,11,0
16,22,1
17,16,3
18,16,2
19,26,1
20,20,2
21,24,1
22,29,1
23,23,3
24,36,4
25,34,0
26,26,3
27,48,3
28,37,4
29,54,8
30,75,1
31,73,7
32,80,2
33,97,8
34,112,15
35,132,4
36,162,9
37,189,12
38,233,15
39,287,18
40,381,20
41,448,18
42,536,24
43,634,26
44,871,30
45,987,46
46,1173,45
47,1386,57
48,1654,84
49,2006,104
50,2376,122
51,2738,159
52,3403,215
53,4031,189
54,4837,237
55,5637,292
56,6644,375
57,8180,421
58,9482,530
59,11357,616
60,13668,741
61,16099,827
62,19558,1037
63,22695,1168
64,27617,1418
65,32794,1745
66,39577,2108
67,47272,2355
68,56670,2927
69,67871,3511
70,80739,4151
