1,1,0
2,0,0
3,2,0
4,3,0
5,5,0
6,5,0
7,3,0
8,1,0
9,7,0
10,8,0
11,5,1
12,14,0
13,16,0
14,22,0
15,25,1
16,40,0
17,49,1
18,39,3
19,44,4
20,61,2
21,80,6
22,77,7
23,81,7
24,120,6
25,137,10
26,208,7
27,183,12
28,216,14
29,256,9
30,345,25
31,408,20
32,475,20
33,559,34
34,588,40
35,822,46
36,952,47
37,1163,56
38,1380,56
39,1604,75
40,1994,98
41,2196,123
42,2662,155
43,3325,167
44,4038,196
45,4700,238
46,5702,300
47,6658,324
48,7839,406
49,9335,494
50,11137,549
51,13314,681
52,15739,829
53,18948,1033
54,22596,1163
55,27121,1464
56,32465,1694
57,38891,2021
58,46234,2306
59,52638,2802
60,53023,2853
61,45765,2848
62,34648,2417
63,23161,1896
64,14309,1384
65,7940,983
66,4351,574
67,2202,328
68,1069,219
69,460,106
70,256,53
