1,1,0
2,0,0
3,0,0
4,0,0
5,0,0
6,1,0
7,1,0
8,1,0
9,2,0
10,4,0
11,5,0
12,9,0
13,5,1
14,7,0
15,12,1
16,12,0
17,7,1
18,8,2
19,16,2
20,16,1
21,17,2
22,14,1
23,26,2
24,9,2
25,10,0
26,6,3
27,14,3
28,13,4
29,14,4
30,21,2
31,31,1
32,52,5
33,62,3
34,64,2
35,78,6
36,114,5
37,115,1
38,144,4
39,163,9
40,184,10
41,223,12
42,251,25
43,344,10
44,393,25
45,431,23
46,587,26
47,719,38
48,806,36
49,1009,53
50,1144,66
51,1412,75
52,1734,87
53,2059,89
54,2433,114
55,2945,156
56,3397,192
57,4224,209
58,4996,244
59,5867,285
60,6856,359
61,8279,425
62,9908,507
63,11761,590
64,14080,755
65,17246,868
66,20436,1032
67,24582,1217
68,29429,1512
69,34884,1739
70,41823,2171
