1,1,0
2,0,0
3,0,0
4,1,0
5,1,0
6,0,0
7,2,0
8,1,0
9,0,0
10,1,0
11,2,0
12,2,0
13,2,0
14,2,0
15,0,0
16,0,0
17,2,0
18,3,0
19,2,1
20,6,0
21,11,1
22,14,0
23,27,0
24,19,1
25,18,1
26,36,1
27,52,1
28,72,1
29,66,3
30,72,6
31,94,5
32,98,6
33,150,4
34,181,7
35,199,7
36,232,8
37,288,11
38,310,23
39,323,29
40,389,33
41,504,25
42,568,34
43,685,53
44,876,48
45,1126,47
46,1274,60
47,1554,67
48,1764,87
49,2128,93
50,2450,142
51,2971,145
52,3581,173
53,4189,214
54,5186,278
55,5880,328
56,7069,390
57,8646,454
58,10193,525
59,12640,637
60,14790,776
61,17572,901
62,20603,1095
63,24698,1287
64,29403,1584
65,35293,1863
66,41955,2181
67,50676,2593
68,60593,3083
69,71656,3667
70,86672,4451
