1,1,0
2,0,0
3,0,0
4,0,0
5,2,0
6,3,0
7,3,0
8,2,0
9,2,0
10,0,0
11,2,1
12,1,1
13,1,0
14,0,0
15,1,0
16,5,0
17,1,0
18,2,0
19,0,0
20,5,0
21,7,0
22,6,0
23,11,0
24,19,0
25,22,0
26,42,0
27,37,0
28,60,2
29,63,1
30,69,5
31,96,3
32,121,7
33,146,12
34,176,9
35,201,7
36,231,13
37,328,16
38,386,20
39,504,15
40,592,29
41,734,29
42,820,47
43,966,44
44,1151,74
45,1349,73
46,1728,104
47,2049,104
48,2508,117
49,2948,148
50,3654,177
51,4199,225
52,5089,261
53,6176,317
54,7264,354
55,8624,446
56,10610,576
57,12668,612
58,14574,752
59,17745,959
60,21057,1087
61,25214,1300
62,29919,1536
63,35871,1813
64,43372,2177
65,51484,2664
66,59489,3059
67,60733,3369
68,54348,3260
69,41876,2886
70,28913,2288
