1,1,0
2,0,0
3,0,0
4,1,0
5,3,0
6,4,0
7,10,0
8,10,1
9,3,0
10,7,1
11,5,0
12,16,0
13,7,0
14,15,2
15,18,1
16,18,1
17,15,1
18,21,1
19,22,0
20,28,2
21,44,3
22,42,0
23,46,0
24,46,2
25,63,4
26,80,5
27,100,5
28,113,11
29,140,2
30,145,13
31,165,16
32,234,10
33,265,11
34,355,15
35,453,18
36,457,13
37,547,27
38,596,36
39,742,50
40,946,47
41,1106,52
42,1276,59
43,1579,70
44,1888,89
45,2241,104
46,2704,140
47,3110,149
48,3702,202
49,4523,223
50,5555,258
51,6587,322
52,7784,405
53,9308,480
54,11042,574
55,13111,700
56,15631,839
57,18774,986
58,22431,1117
59,26981,1373
60,32254,1631
61,38391,1969
62,46580,2421
63,52975,2630
64,54557,2929
65,48495,2951
66,37190,2682
67,25554,2060
68,15869,1541
69,9192,1067
70,4900,700
