1,1,0
2,0,0
3,0,0
4,0,0
5,1,0
6,1,0
7,1,0
8,0,0
9,4,0
10,2,0
11,0,0
12,1,0
13,2,0
14,3,0
15,4,0
16,4,1
17,8,0
18,10,0
19,10,0
20,15,0
21,11,0
22,21,0
23,20,0
24,29,1
25,18,4
26,18,1
27,28,0
28,46,3
29,48,1
30,62,5
31,66,4
32,67,8
33,108,7
34,106,4
35,129,10
36,165,6
37,174,8
38,222,13
39,269,24
40,346,20
41,420,19
42,491,19
43,553,28
44,796,33
45,869,40
46,1021,49
47,1218,68
48,1405,74
49,1774,88
50,2136,100
51,2466,133
52,3007,166
53,3513,179
54,4234,223
55,5038,246
56,6052,320
57,7139,379
58,8640,460
59,10224,542
60,12271,667
61,15055,799
62,17400,887
63,20644,1096
64,25115,1343
65,30352,1533
66,35940,1869
67,42993,2218
68,51801,2643
69,62536,3228
70,73611,3815
