1,1,0
2,0,0
3,0,0
4,0,0
5,0,0
6,2,0
7,2,0
8,1,0
9,2,0
10,6,0
11,5,0
12,8,1
13,10,0
14,13,0
15,19,0
16,28,0
17,36,1
18,46,0
19,84,2
20,101,4
21,132,6
22,158,7
23,169,4
24,232,10
25,263,5
26,307,16
27,347,18
28,401,24
29,486,29
30,631,23
31,766,34
32,941,49
33,1097,49
34,1439,65
35,1732,90
36,2080,84
37,2382,115
38,2797,160
39,3327,159
40,4128,223
41,4807,268
42,5608,297
43,6605,400
44,8103,434
45,9400,514
46,11064,590
47,13110,741
48,16113,862
49,19511,973
50,23084,1202
51,27804,1403
52,33303,1702
53,39978,2017
54,47418,2359
55,53159,2752
56,51849,2930
57,43899,2794
58,32663,2267
59,21867,1785
60,13444,1365
61,7607,891
62,4039,564
63,2067,373
64,969,209
65,428,119
66,181,79
67,101,38
68,30,23
69,18,10
70,6,6
