1,1,0
2,0,0
3,0,0
4,2,0
5,4,0
6,3,0
7,5,1
8,6,0
9,15,0
10,14,0
11,22,0
12,33,1
13,32,2
14,41,3
15,47,2
16,51,4
17,74,1
18,66,4
19,100,4
20,120,8
21,120,7
22,158,10
23,182,9
24,225,6
25,263,14
26,346,13
27,371,18
28,473,17
29,552,33
30,613,53
31,745,39
32,961,52
33,1094,60
34,1304,68
35,1574,83
36,1894,105
37,2171,130
38,2605,128
39,3043,172
40,3839,223
41,4467,225
42,5422,281
43,6467,323
44,7449,424
45,9007,497
46,10824,559
47,12733,715
48,15295,848
49,18462,933
50,21919,1162
51,26891,1378
52,31981,1699
53,38182,1882
54,45344,2298
55,54745,2791
56,65440,3367
57,77727,4070
58,93207,4907
