1,1,0
2,0,0
3,0,0
4,1,0
5,2,0
6,1,0
7,5,0
8,1,1
9,1,0
10,6,1
11,5,0
12,7,0
13,4,1
14,3,0
15,8,2
16,5,1
17,7,2
18,17,0
19,16,1
20,20,0
21,25,1
22,30,0
23,47,2
24,61,2
25,69,2
26,124,5
27,121,5
28,154,3
29,185,6
30,189,9
31,237,13
32,308,13
33,279,16
34,381,22
35,525,26
36,629,31
37,785,35
38,852,38
39,1024,53
40,1224,55
41,1476,68
42,1837,93
43,2126,99
44,2557,137
45,3129,161
46,3775,203
47,4314,249
48,5324,281
49,6255,295
50,7496,391
51,8790,438
52,10700,582
53,12849,659
54,15401,812
55,18170,945
56,21839,1057
57,26344,1289
58,31121,1553
