1,1,0
2,0,0
3,0,0
4,2,0
5,3,0
6,7,0
7,0,0
8,2,0
9,7,0
10,9,1
11,7,0
12,21,0
13,25,1
14,38,0
15,54,0
16,54,3
17,81,5
18,89,2
19,141,2
20,159,9
21,163,9
22,237,8
23,303,9
24,293,15
25,362,20
26,395,24
27,528,32
28,579,31
29,694,36
30,873,41
31,1039,50
32,1118,59
33,1432,93
34,1793,114
35,2105,93
36,2534,133
37,3020,149
38,3668,172
39,4389,222
40,5223,251
41,6039,316
42,7439,426
43,8983,415
44,10580,559
45,12723,667
46,15411,778
47,18513,920
48,22231,1099
49,26500,1296
50,31173,1716
51,37448,1921
52,44438,2389
53,52566,2917
54,58378,3207
55,55780,3268
56,47075,3068
57,34446,2440
58,22595,1952
