1,1,0
2,0,0
3,2,0
4,5,0
5,6,0
6,8,0
7,8,0
8,9,0
9,7,0
10,5,3
11,4,0
12,6,3
13,18,1
14,17,2
15,21,1
16,25,2
17,34,0
18,39,0
19,61,5
20,60,5
21,69,4
22,91,3
23,102,2
24,124,6
25,150,9
26,185,2
27,223,2
28,277,18
29,322,16
30,370,23
31,437,15
32,542,30
33,641,29
34,770,41
35,957,50
36,1152,51
37,1378,75
38,1668,82
39,2031,110
40,2553,112
41,3098,139
42,3642,169
43,4313,209
44,5214,255
45,6110,321
46,7509,367
47,8973,474
48,10960,523
49,12979,630
50,15324,773
51,18490,888
52,22170,1151
53,27038,1376
54,31464,1626
55,37725,1964
56,45581,2309
57,54210,2807
58,64956,3356
