1,1,0
2,0,0
3,1,0
4,0,0
5,1,0
6,2,0
7,7,0
8,12,0
9,12,0
10,19,0
11,27,1
12,39,3
13,38,2
14,46,1
15,56,3
16,73,2
17,70,4
18,80,5
19,80,11
20,96,6
21,118,6
22,137,11
23,182,7
24,219,16
25,255,9
26,279,15
27,317,18
28,350,29
29,461,27
30,505,34
31,599,41
32,736,48
33,897,53
34,1033,56
35,1188,76
36,1477,79
37,1753,102
38,2130,121
39,2499,121
40,3102,157
41,3565,173
42,4251,218
43,5060,273
44,6006,321
45,7175,398
46,8546,465
47,10473,541
48,12506,720
49,15182,729
50,17910,942
51,21433,1084
52,25682,1308
53,30704,1508
54,36971,1827
55,43740,2267
56,50774,2641
57,52271,2903
58,47368,2904
59,36650,2460
60,25812,2015
61,16154,1537
62,9425,1079
63,5067,690
64,2674,438
65,1259,278
66,668,157
67,276,83
68,125,48
69,54,21
70,29,12
71,5,13
72,6,3
73,0,2
74,0,3
75,0,1
76,0,0
77,0,0
78,0,0
79,0,0
80,0,0
81,0,0
82,0,0
83,0,0
84,0,0
85,0,0
86,0,0
87,0,0
88,0,0
89,0,0
90,0,0
91,0,0
92,0,0
93,0,0
94,0,0
95,0,0
96,0,0
97,0,0
98,0,0
99,0,0
100,0,0
101,0,0
102,0,0
103,0,0
104,0,0
105,0,0
106,0,0
107,0,0
108,0,0
109,0,0
110,0,0
111,0,0
112,0,0
113,0,0
114,0,0
115,0,0
116,0,0
117,0,0
118,0,0
119,0,0
120,0,0
121,0,0
122,0,0
123,0,0
124,0,0
125,0,0
126,0,0
127,0,0
128,0,0
129,0,0
130,0,0
131,0,0
132,0,0
133,0,0
134,0,0
135,0,0
136,0,0
