1,1,0
2,0,0
3,0,0
4,0,0
5,1,0
6,0,1
7,0,0
8,1,0
9,1,0
10,1,0
11,1,0
12,2,0
13,12,0
14,14,0
15,22,0
16,17,0
17,33,1
18,44,2
19,59,1
20,63,4
21,77,2
22,85,2
23,107,4
24,113,7
25,133,3
26,143,7
27,179,14
28,184,12
29,284,14
30,311,17
31,368,13
32,400,25
33,519,27
34,664,27
35,825,34
36,956,46
37,1153,54
38,1441,70
39,1768,70
40,1945,103
41,2309,102
42,2774,119
43,3340,219
44,4034,199
45,4700,243
46,5566,268
47,6816,343
48,7911,432
49,9477,502
50,11561,637
51,13613,691
52,16369,863
53,19590,1055
54,23090,1221
55,27792,1532
56,33387,1797
57,39651,2017
58,47325,2483
59,51826,2787
60,50369,2779
61,42566,2636
62,31355,2281
63,20428,1684
64,12198,1280
65,6909,876
66,3651,541
67,1869,349
68,888,207
69,437,121
70,165,80
71,86,32
72,33,10
73,24,10
74,5,4
75,4,0
76,0,4
77,0,0
78,1,0
79,0,0
80,0,0
81,0,1
82,0,0
83,0,0
84,0,0
85,0,0
86,0,0
87,0,0
88,0,0
89,0,0
90,0,0
91,0,0
92,0,0
93,0,0
94,0,0
95,0,0
96,0,0
97,0,0
98,0,0
99,0,0
100,0,0
101,0,0
102,0,0
103,0,0
104,0,0
105,0,0
106,0,0
107,0,0
108,0,0
109,0,0
110,0,0
111,0,0
112,0,0
113,0,0
114,0,0
115,0,0
116,0,0
117,0,0
118,0,0
119,0,0
120,0,0
121,0,0
122,0,0
123,0,0
124,0,0
125,0,0
126,0,0
127,0,0
128,0,0
129,0,0
130,0,0
131,0,0
132,0,0
133,0,0
134,0,0
135,0,0
136,0,0
