1,1,0
2,0,0
3,0,0
4,1,0
5,0,0
6,1,0
7,1,0
8,0,0
9,2,0
10,1,0
11,3,0
12,5,0
13,2,1
14,3,0
15,2,1
16,4,0
17,3,0
18,3,1
19,4,0
20,0,0
21,1,0
22,2,0
23,4,1
24,7,0
25,5,1
26,4,0
27,3,1
28,7,0
29,9,0
30,12,0
31,8,1
32,14,1
33,21,0
34,14,4
35,20,0
36,23,0
37,46,0
38,50,3
39,70,3
40,92,3
41,112,3
42,160,5
43,137,9
44,215,7
45,206,11
46,293,11
47,297,25
48,370,17
49,476,22
50,551,28
51,701,32
52,855,39
53,1082,44
54,1286,60
55,1614,78
56,2052,93
57,2296,100
58,2755,156
59,3239,168
60,4013,207
61,4775,235
62,5649,285
63,6951,359
64,8416,420
65,10076,508
66,12011,622
67,14648,744
68,17536,886
69,21025,1030
70,25111,1239
71,30324,1552
72,36100,1861
73,43198,2242
74,51076,2695
75,54317,2943
76,50862,2908
77,40641,2553
78,29156,2254
79,18742,1635
80,11072,1136
81,6040,783
82,3079,495
83,1475,274
84,742,175
85,348,95
86,170,45
87,64,27
88,30,12
89,15,7
90,5,3
91,1,1
92,2,0
93,1,0
94,0,0
95,0,0
96,0,0
97,0,0
98,0,0
99,0,0
100,0,0
101,0,0
102,0,0
103,0,0
104,0,0
105,0,0
106,0,0
107,0,0
108,0,0
109,0,0
110,0,0
111,0,0
112,0,0
113,0,0
114,0,0
115,0,0
116,0,0
117,0,0
118,0,0
119,0,0
120,0,0
121,0,0
122,0,0
123,0,0
124,0,0
125,0,0
126,0,0
127,0,0
128,0,0
129,0,0
130,0,0
131,0,0
132,0,0
133,0,0
134,0,0
135,0,0
136,0,0
