1,1,0
2,0,0
3,0,0
4,0,0
5,0,0
6,0,0
7,0,0
8,1,0
9,0,0
10,0,0
11,1,0
12,0,0
13,1,0
14,0,0
15,1,0
16,1,0
17,0,0
18,0,0
19,2,0
20,3,0
21,2,0
22,4,0
23,4,0
24,1,0
25,1,1
26,7,0
27,10,0
28,7,2
29,5,0
30,17,0
31,15,0
32,24,2
33,32,2
34,33,3
35,43,1
36,47,2
37,58,2
38,86,1
39,100,5
40,115,4
41,136,11
42,147,6
43,196,9
44,228,16
45,269,23
46,308,14
47,346,18
48,393,25
49,466,23
50,576,36
51,701,46
52,810,43
53,970,40
54,1158,73
55,1421,80
56,1669,87
57,1884,98
58,2190,134
59,2747,138
60,3375,156
61,3804,220
62,4593,218
63,5550,310
64,6379,364
65,7695,442
66,9178,463
67,10936,558
68,13054,698
69,15270,825
70,18669,903
71,22132,1162
72,26587,1383
73,31358,1666
74,37968,2045
75,45350,2350
76,51277,2684
77,50909,2898
78,43899,2668
79,33393,2378
80,22282,1785
81,13637,1325
82,7771,958
83,4241,601
84,2055,359
85,1044,207
86,470,116
87,235,57
88,91,39
89,32,30
90,24,8
91,9,3
92,3,2
93,2,1
94,0,0
95,0,1
96,0,1
97,0,0
98,0,0
99,0,0
100,0,0
101,0,0
102,0,0
103,0,0
104,0,0
105,0,0
106,0,0
107,0,0
108,0,0
109,0,0
110,0,0
111,0,0
112,0,0
113,0,0
114,0,0
115,0,0
116,0,0
117,0,0
118,0,0
119,0,0
120,0,0
121,0,0
122,0,0
123,0,0
124,0,0
125,0,0
126,0,0
127,0,0
128,0,0
129,0,0
130,0,0
131,0,0
132,0,0
133,0,0
134,0,0
135,0,0
136,0,0
