1,1,0
2,0,0
3,0,0
4,0,0
5,0,0
6,0,0
7,0,0
8,0,0
9,1,0
10,0,0
11,0,0
12,3,0
13,2,0
14,1,0
15,5,0
16,2,0
17,4,0
18,4,0
19,2,0
20,5,0
21,7,1
22,1,0
23,4,0
24,4,0
25,6,1
26,6,0
27,2,1
28,5,0
29,8,1
30,7,1
31,11,0
32,7,1
33,5,0
34,15,0
35,19,1
36,22,0
37,14,1
38,17,0
39,22,2
40,39,4
41,37,3
42,39,3
43,53,3
44,51,1
45,71,4
46,67,6
47,74,9
48,98,5
49,99,6
50,109,3
51,132,13
52,142,13
53,177,14
54,212,13
55,242,7
56,274,21
57,343,15
58,427,22
59,460,27
60,549,36
61,630,26
62,807,37
63,898,54
64,1112,55
65,1345,81
66,1489,71
67,1905,101
68,2323,115
69,2631,122
70,3250,173
71,3858,185
72,4609,233
73,5473,299
74,6583,334
75,7663,400
76,9217,502
77,11274,597
78,13218,657
79,15914,784
80,19247,983
81,23121,1154
82,27120,1395
83,32602,1691
84,39162,2087
85,46563,2340
86,52346,2661
87,52985,2986
88,45707,2703
89,34318,2416
90,23100,1958
91,14506,1367
92,7940,964
93,4386,664
94,2178,362
95,1095,210
96,518,129
97,222,57
98,105,46
99,43,24
100,17,11
101,10,3
102,5,1
103,4,2
104,0,0
105,1,1
106,0,0
107,0,0
108,0,0
109,0,0
110,0,0
111,0,0
112,0,0
113,0,0
114,0,0
115,0,0
116,0,0
117,0,0
118,0,0
119,0,0
120,0,0
121,0,0
122,0,0
123,0,0
124,0,0
125,0,0
126,0,0
127,0,0
128,0,0
129,0,0
130,0,0
131,0,0
132,0,0
133,0,0
134,0,0
135,0,0
136,0,0
