1,1,0
2,0,0
3,2,0
4,6,0
5,7,0
6,8,0
7,8,0
8,11,1
9,8,0
10,10,0
11,7,0
12,8,3
13,5,0
14,6,3
15,8,4
16,15,2
17,11,0
18,10,1
19,23,1
20,26,0
21,22,2
22,36,2
23,35,0
24,55,4
25,49,4
26,54,3
27,75,2
28,82,4
29,103,4
30,126,6
31,150,9
32,126,6
33,184,11
34,237,12
35,258,11
36,308,18
37,351,19
38,446,25
39,508,27
40,610,35
41,733,33
42,881,43
43,1070,51
44,1302,63
45,1541,67
46,1879,88
47,2332,111
48,2604,130
49,3153,151
50,3818,177
51,4492,229
52,5267,279
53,6163,336
54,7386,421
55,9208,480
56,10871,555
57,13058,652
58,15730,825
59,18555,980
60,21869,1136
61,25855,1366
62,31001,1636
63,36864,1931
64,44233,2382
65,50487,2693
66,51429,2911
67,45042,2840
68,35162,2478
69,23961,1868
70,15224,1408
71,8747,1015
72,4690,653
73,2367,418
74,1160,233
75,581,132
76,251,85
77,89,44
78,61,28
79,23,7
80,6,9
81,2,2
82,0,1
83,1,0
84,0,0
85,0,0
86,0,0
87,0,0
88,0,0
89,0,0
90,0,0
91,0,0
92,0,0
93,0,0
94,0,0
95,0,0
96,0,0
97,0,0
98,0,0
99,0,0
100,0,0
101,0,0
102,0,0
103,0,0
104,0,0
105,0,0
106,0,0
107,0,0
108,0,0
109,0,0
110,0,0
111,0,0
112,0,0
113,0,0
114,0,0
115,0,0
116,0,0
117,0,0
118,0,0
119,0,0
120,0,0
121,0,0
122,0,0
123,0,0
124,0,0
125,0,0
126,0,0
127,0,0
128,0,0
129,0,0
130,0,0
131,0,0
132,0,0
133,0,0
134,0,0
135,0,0
136,0,0
