1,1,0
2,0,0
3,1,0
4,1,0
5,2,0
6,2,0
7,6,0
8,0,0
9,7,0
10,9,0
11,9,0
12,9,0
13,6,1
14,15,0
15,13,0
16,21,3
17,21,2
18,29,0
19,33,3
20,38,3
21,54,5
22,59,3
23,77,2
24,84,1
25,69,7
26,78,7
27,79,8
28,113,8
29,134,7
30,149,13
31,157,14
32,236,7
33,300,17
34,373,12
35,457,24
36,528,25
37,597,22
38,739,36
39,918,38
40,1180,38
41,1394,80
42,1749,72
43,2007,84
44,2385,126
45,2881,147
46,3352,156
47,3963,207
48,4780,243
49,5759,275
50,6874,353
51,8173,453
52,9634,509
53,11637,593
54,14168,745
55,16990,832
56,20143,1090
57,24125,1236
58,28720,1462
59,34670,1734
60,41461,2138
61,48838,2535
62,52988,2858
63,50472,2918
64,41664,2700
65,30677,2266
66,20011,1703
67,11973,1215
68,6693,839
69,3537,498
70,1772,307
71,882,177
72,352,113
73,189,55
74,90,33
75,29,16
76,9,9
77,9,6
78,2,5
79,2,1
80,2,1
81,0,0
82,0,0
83,0,0
84,0,0
85,0,0
86,0,0
87,0,0
88,0,0
89,0,0
90,0,0
91,0,0
92,0,0
93,0,0
94,0,0
95,0,0
96,0,0
97,0,0
98,0,0
99,0,0
100,0,0
101,0,0
102,0,0
103,0,0
104,0,0
105,0,0
106,0,0
107,0,0
108,0,0
109,0,0
110,0,0
111,0,0
112,0,0
113,0,0
114,0,0
115,0,0
116,0,0
117,0,0
118,0,0
119,0,0
120,0,0
121,0,0
122,0,0
123,0,0
124,0,0
125,0,0
126,0,0
127,0,0
128,0,0
129,0,0
130,0,0
131,0,0
132,0,0
133,0,0
134,0,0
135,0,0
136,0,0
