1,1,0
2,0,0
3,0,0
4,0,0
5,4,0
6,4,0
7,3,0
8,8,0
9,7,1
10,8,0
11,15,0
12,15,0
13,20,0
14,19,0
15,30,3
16,29,1
17,35,2
18,36,2
19,58,2
20,53,2
21,68,5
22,85,4
23,85,4
24,115,2
25,142,9
26,145,9
27,203,13
28,261,13
29,324,14
30,388,22
31,448,18
32,498,29
33,537,33
34,699,40
35,849,44
36,981,64
37,1148,54
38,1389,69
39,1741,78
40,2046,90
41,2460,129
42,2962,130
43,3609,179
44,4189,204
45,5112,262
46,5909,376
47,7329,370
48,8660,469
49,10548,547
50,12566,651
51,15256,795
52,18165,930
53,20996,1088
54,25705,1349
55,30496,1561
