1,1,0
2,0,0
3,0,0
4,2,0
5,5,0
6,6,0
7,9,0
8,13,0
9,23,0
10,37,1
11,40,2
12,34,1
13,71,1
14,77,1
15,99,5
16,131,4
17,155,5
18,172,12
19,272,3
20,292,14
21,344,19
22,361,17
23,444,22
24,535,26
25,667,48
26,743,35
27,904,52
28,1025,66
29,1287,72
30,1483,73
31,1797,98
32,2080,115
33,2497,138
34,3033,164
35,3585,183
36,4225,244
37,5121,300
38,6181,305
39,7243,356
40,8721,462
41,10523,533
42,12464,637
43,15023,783
44,18036,912
45,21758,1073
46,26270,1296
47,31266,1576
48,37484,1849
49,44725,2359
50,53000,2688
51,59040,3092
52,58274,3382
53,49371,3148
54,36774,2655
55,24575,2057
