1,1,0
2,0,0
3,0,0
4,0,0
5,1,0
6,2,0
7,1,0
8,1,0
9,7,0
10,4,0
11,10,0
12,14,0
13,17,0
14,12,2
15,13,1
16,12,2
17,13,2
18,17,1
19,31,2
20,24,3
21,46,1
22,69,1
23,68,3
24,88,6
25,85,6
26,98,5
27,101,8
28,127,4
29,142,6
30,163,10
31,206,7
32,246,13
33,318,16
34,363,21
35,453,21
36,604,27
37,765,23
38,893,30
39,1114,39
40,1345,60
41,1525,81
42,1876,65
43,2364,109
44,2690,119
45,3338,150
46,3988,197
47,4589,233
48,5485,304
49,6863,333
50,7934,388
51,9554,507
52,11437,595
53,13498,701
54,16386,827
55,19579,982
