1,1,0
2,0,0
3,0,0
4,4,0
5,6,0
6,11,0
7,13,0
8,10,0
9,15,1
10,16,0
11,20,1
12,16,1
13,19,1
14,20,1
15,20,1
16,24,3
17,25,3
18,37,3
19,35,4
20,42,5
21,48,6
22,62,2
23,73,2
24,86,8
25,93,3
26,103,8
27,127,6
28,148,7
29,161,15
30,191,15
31,218,10
32,286,19
33,338,19
34,402,16
35,527,31
36,610,24
37,731,31
38,918,58
39,1049,50
40,1288,64
41,1518,105
42,1906,103
43,2358,104
44,3025,133
45,3334,144
46,3996,202
47,4898,275
48,5797,277
49,7060,361
50,8558,444
51,9937,494
52,12175,618
53,14593,696
54,17444,882
55,20989,1088
