1,1,0
2,0,0
3,0,0
4,1,0
5,4,0
6,0,0
7,4,0
8,5,0
9,7,0
10,4,0
11,9,1
12,14,1
13,19,0
14,20,0
15,27,1
16,32,0
17,29,1
18,55,1
19,61,1
20,75,3
21,99,3
22,126,4
23,143,5
24,162,9
25,184,8
26,268,6
27,385,13
28,451,17
29,558,20
30,586,28
31,708,32
32,832,29
33,1042,52
34,1146,68
35,1522,65
36,1611,107
37,2044,97
38,2378,129
39,2943,158
40,3513,177
41,4173,202
42,4758,257
43,6016,303
44,7024,387
45,8469,410
46,10234,491
47,12190,599
48,14360,715
49,17255,919
50,20657,1073
51,24284,1300
52,29452,1572
53,34936,1817
54,41752,2202
55,50288,2596
