1,1,0
2,0,0
3,0,0
4,2,0
5,2,0
6,13,0
7,7,1
8,5,0
9,6,0
10,11,2
11,29,0
12,23,1
13,15,0
14,17,1
15,30,2
16,28,0
17,34,1
18,25,3
19,46,2
20,41,8
21,51,2
22,76,5
23,81,2
24,121,0
25,119,6
26,153,4
27,145,13
28,202,14
29,210,21
30,273,17
31,311,11
32,344,18
33,393,26
34,488,28
35,621,40
36,793,40
37,897,42
38,1137,52
39,1368,71
40,1673,72
41,2106,83
42,2392,101
43,2991,160
44,3518,191
45,4180,205
46,4949,266
47,5894,332
48,7102,372
49,8607,434
50,10255,507
51,12000,658
52,14470,725
53,17462,873
54,20730,1144
