1,1,0
2,0,0
3,0,0
4,3,0
5,8,0
6,3,0
7,4,0
8,11,0
9,13,0
10,14,0
11,12,0
12,18,1
13,25,0
14,42,1
15,53,0
16,70,1
17,108,1
18,161,2
19,196,5
20,238,13
21,286,10
22,358,12
23,443,19
24,539,27
25,641,24
26,860,28
27,956,54
28,1163,51
29,1378,66
30,1661,89
31,2039,95
32,2368,110
33,2837,131
34,3418,160
35,4139,216
36,5101,281
37,5991,291
38,7206,341
39,8574,448
40,10160,521
41,11978,672
42,14391,754
43,17420,900
44,20567,1053
45,24790,1299
46,29609,1644
47,35677,1794
48,42748,2153
49,50878,2597
50,58772,2980
51,61955,3313
52,57149,3331
53,45373,3025
54,32267,2396
