1,1,0
2,0,0
3,0,0
4,0,0
5,8,0
6,12,0
7,7,0
8,7,0
9,5,0
10,11,0
11,5,1
12,11,1
13,13,0
14,15,1
15,23,3
16,24,0
17,29,1
18,23,2
19,38,2
20,37,0
21,41,5
22,59,4
23,62,4
24,69,3
25,61,6
26,94,4
27,100,13
28,102,11
29,141,10
30,176,6
31,177,12
32,237,10
33,272,16
34,351,17
35,416,28
36,474,19
37,625,24
38,743,41
39,919,44
40,1038,36
41,1204,52
42,1502,67
43,1795,99
44,2141,101
45,2575,118
46,2948,168
47,3616,185
48,4263,216
49,5096,238
50,6119,324
51,7403,400
52,8896,487
53,10679,484
54,12587,660
55,15116,754
56,18022,950
57,21495,1108
58,25520,1361
59,30575,1581
60,36387,1834
61,44070,2298
62,50620,2703
63,52579,2971
64,47718,2811
65,36916,2507
66,25661,2030
67,16129,1431
68,9455,988
69,5073,697
70,2668,418
71,1249,250
72,595,154
73,269,62
74,121,58
75,59,13
76,22,12
77,10,3
78,0,4
79,1,1
80,1,0
81,0,0
82,1,0
83,0,0
84,0,1
85,0,0
86,0,0
87,0,0
88,0,0
89,0,0
90,0,0
91,0,0
92,0,0
93,0,0
94,0,0
95,0,0
96,0,0
97,0,0
98,0,0
99,0,0
100,0,0
101,0,0
102,0,0
103,0,0
104,0,0
105,0,0
106,0,0
107,0,0
108,0,0
109,0,0
110,0,0
111,0,0
112,0,0
