1,1,0
2,0,0
3,0,0
4,0,0
5,0,0
6,2,0
7,11,0
8,1,0
9,4,0
10,1,0
11,0,0
12,4,1
13,6,0
14,7,1
15,9,0
16,8,0
17,14,0
18,9,0
19,14,0
20,23,0
21,23,0
22,18,2
23,10,4
24,35,2
25,36,3
26,30,0
27,37,1
28,39,3
29,37,7
30,73,2
31,101,5
32,103,5
33,99,4
34,154,3
35,146,6
36,174,9
37,197,10
38,250,18
39,303,8
40,379,20
41,420,27
42,490,19
43,576,40
44,717,46
45,801,45
46,993,51
47,1167,61
48,1416,62
49,1683,95
50,2028,91
51,2462,115
52,2944,160
53,3318,174
54,4182,209
55,5026,255
56,6072,298
57,7331,391
58,8649,425
59,10364,539
60,12314,636
61,14648,760
62,17483,907
63,21181,1084
64,25588,1288
65,30618,1508
66,36215,1901
67,43279,2249
68,50781,2554
69,53865,2966
70,49539,2864
71,39765,2604
72,27521,2126
73,17998,1512
74,10316,1056
75,5828,746
76,2919,484
77,1428,291
78,723,146
79,334,86
80,134,51
81,72,26
82,31,14
83,9,10
84,8,3
85,0,1
86,1,1
87,0,1
88,0,0
89,0,0
90,0,0
91,0,0
92,0,0
93,0,0
94,0,0
95,0,0
96,0,0
97,0,0
98,0,0
99,0,0
100,0,0
101,0,0
102,0,0
103,0,0
104,0,0
105,0,0
106,0,0
107,0,0
108,0,0
109,0,0
110,0,0
111,0,0
112,0,0
