1,1,0
2,0,0
3,0,0
4,0,0
5,1,0
6,1,0
7,0,0
8,0,0
9,2,0
10,1,0
11,3,0
12,1,1
13,1,0
14,2,0
15,0,1
16,1,0
17,0,0
18,4,0
19,0,1
20,2,0
21,1,0
22,7,0
23,7,0
24,3,0
25,6,0
26,13,1
27,10,0
28,27,2
29,16,1
30,14,2
31,18,0
32,33,0
33,36,2
34,36,1
35,65,1
36,86,5
37,108,4
38,143,6
39,144,5
40,161,5
41,200,10
42,245,19
43,271,15
44,376,18
45,385,22
46,439,21
47,569,30
48,624,20
49,782,36
50,900,43
51,1090,57
52,1235,69
53,1522,77
54,1828,87
55,2109,127
56,2502,130
57,3020,151
58,3726,216
59,4427,241
60,5262,289
61,6296,355
62,7389,415
63,8685,439
64,10426,567
65,12616,700
66,14907,757
67,17697,922
68,21169,1102
69,25683,1377
70,30553,1580
71,36500,1833
72,43479,2270
73,50005,2614
74,52051,2842
75,46981,2901
76,36951,2475
77,25503,2039
78,15905,1449
79,9383,1063
80,5089,679
81,2639,417
82,1323,239
83,609,137
84,278,85
85,115,53
86,44,22
87,26,16
88,12,3
89,2,4
90,1,1
91,1,3
92,0,1
93,0,0
94,0,1
95,0,0
96,0,0
97,0,0
98,0,0
99,0,0
100,0,0
101,0,0
102,0,0
103,0,0
104,0,0
105,0,0
106,0,0
107,0,0
108,0,0
109,0,0
110,0,0
111,0,0
112,0,0
