1,1,0
2,0,0
3,0,0
4,0,0
5,2,0
6,0,0
7,0,0
8,1,0
9,1,0
10,0,0
11,1,0
12,2,0
13,4,0
14,4,0
15,10,0
16,13,0
17,11,0
18,14,0
19,13,0
20,22,4
21,44,1
22,44,0
23,46,2
24,48,2
25,95,4
26,112,5
27,119,6
28,117,5
29,162,4
30,192,8
31,216,16
32,258,13
33,298,21
34,330,16
35,422,19
36,494,27
37,547,25
38,667,39
39,848,48
40,1035,45
41,1177,53
42,1398,71
43,1693,95
44,2030,107
45,2301,128
46,2789,147
47,3296,174
48,4028,225
49,4576,239
50,5517,253
51,6705,378
52,7917,418
53,9488,494
54,11225,549
55,13431,702
56,16175,862
57,19116,1054
58,22518,1215
59,27036,1428
60,32648,1752
61,38881,2035
62,46476,2390
63,52030,2709
64,51109,2850
65,42996,2783
66,32144,2314
67,21343,1791
68,12910,1300
69,7293,843
70,3953,563
71,1983,328
72,973,173
73,460,105
74,205,64
75,92,39
76,41,21
77,11,9
78,6,3
79,4,4
80,0,2
81,0,0
82,0,1
83,0,0
84,0,0
85,0,0
86,0,0
87,0,0
88,0,0
89,0,0
90,0,0
91,0,0
92,0,0
93,0,0
94,0,0
95,0,0
96,0,0
97,0,0
98,0,0
99,0,0
100,0,0
101,0,0
102,0,0
103,0,0
104,0,0
105,0,0
106,0,0
107,0,0
108,0,0
109,0,0
110,0,0
111,0,0
112,0,0
