1,1,0
2,0,0
3,0,0
4,1,0
5,0,0
6,4,0
7,3,0
8,3,0
9,3,0
10,1,0
11,3,0
12,3,0
13,7,0
14,7,1
15,12,2
16,17,1
17,25,3
18,22,1
19,27,1
20,31,1
21,52,0
22,51,2
23,51,0
24,82,3
25,106,5
26,110,7
27,138,8
28,169,7
29,193,10
30,240,13
31,295,18
32,312,18
33,365,29
34,488,16
35,588,29
36,727,37
37,868,43
38,966,59
39,1125,67
40,1321,73
41,1531,89
42,1839,112
43,2387,117
44,2746,145
45,3380,162
46,3796,207
47,4729,268
48,5772,273
49,6596,342
50,8078,399
51,9531,512
52,11636,600
53,14063,713
54,16496,871
55,19803,1034
56,23858,1292
57,28028,1449
58,33750,1732
59,39594,2070
60,47079,2444
61,52188,2785
62,49473,2883
63,40571,2642
64,29999,2258
65,19485,1725
66,11516,1165
67,6442,821
68,3350,536
69,1782,306
70,808,187
71,423,106
72,180,65
73,76,25
74,38,19
75,18,8
76,9,3
77,2,3
78,2,2
79,0,0
80,0,0
81,0,0
82,0,1
83,0,0
84,0,0
85,0,0
86,0,0
87,0,0
88,0,0
89,0,0
90,0,0
91,0,0
92,0,0
93,0,0
94,0,0
95,0,0
96,0,0
97,0,0
98,0,0
99,0,0
100,0,0
101,0,0
102,0,0
103,0,0
104,0,0
105,0,0
106,0,0
107,0,0
108,0,0
109,0,0
110,0,0
111,0,0
112,0,0
