1,1,0
2,0,0
3,2,0
4,7,0
5,11,0
6,9,0
7,15,0
8,11,0
9,11,0
10,23,1
11,13,0
12,21,0
13,26,1
14,36,3
15,33,2
16,26,3
17,54,5
18,61,7
19,72,3
20,74,3
21,99,6
22,126,6
23,140,8
24,187,4
25,238,12
26,298,12
27,308,17
28,402,15
29,487,24
30,593,30
31,689,34
32,822,34
33,1036,51
34,1189,54
35,1458,72
36,1764,114
37,2078,103
38,2413,126
39,2956,157
40,3574,175
41,4081,209
42,4999,266
43,5995,331
44,7196,370
45,8507,434
46,10205,494
47,12005,625
48,14514,778
49,17296,900
50,20868,1078
51,24926,1295
52,29533,1517
53,35149,1845
54,41969,2252
55,49566,2514
56,52554,2939
57,48202,2855
58,38920,2551
59,27713,2148
60,17753,1701
61,10508,1111
62,5530,728
63,2941,443
64,1542,295
65,756,169
66,317,98
67,141,39
68,70,29
69,27,13
70,15,8
71,4,2
72,2,3
73,2,1
74,0,0
75,0,0
76,0,0
77,0,1
78,0,0
79,0,0
80,0,0
81,0,0
82,0,0
83,0,0
84,0,0
85,0,0
86,0,0
87,0,0
88,0,0
89,0,0
90,0,0
91,0,0
92,0,0
93,0,0
94,0,0
95,0,0
96,0,0
97,0,0
98,0,0
99,0,0
100,0,0
101,0,0
102,0,0
103,0,0
104,0,0
105,0,0
106,0,0
107,0,0
108,0,0
109,0,0
110,0,0
111,0,0
112,0,0
