1,1,0
2,0,0
3,0,0
4,2,0
5,0,0
6,4,0
7,0,0
8,3,0
9,6,0
10,8,0
11,16,0
12,12,0
13,15,0
14,16,0
15,13,1
16,18,0
17,25,1
18,18,3
19,20,0
20,18,1
21,24,2
22,19,4
23,17,1
24,20,3
25,32,3
26,25,2
27,41,2
28,49,8
29,65,5
30,74,4
31,78,6
32,114,4
33,118,1
34,150,6
35,152,14
36,168,10
37,213,13
38,271,12
39,355,17
40,419,17
41,481,20
42,584,24
43,655,28
44,781,33
45,890,55
46,1035,48
47,1234,86
48,1446,91
49,1695,83
50,2085,136
51,2533,129
52,3184,149
53,3725,179
54,4536,215
55,5347,276
56,6388,349
57,7612,381
58,9236,489
59,10629,545
60,13123,675
61,15552,768
62,18447,909
63,22276,1190
64,26638,1376
65,31422,1610
66,38321,1941
67,45344,2376
68,52224,2675
69,52989,2858
70,46251,2805
71,35315,2504
72,23819,1882
73,14907,1314
74,8514,940
75,4618,578
76,2278,399
77,1160,237
78,524,139
79,278,64
80,104,35
81,37,23
82,21,15
83,10,5
84,1,4
85,0,1
86,0,2
87,1,1
88,0,1
89,0,0
90,0,0
91,0,0
92,0,0
93,0,0
94,0,0
95,0,0
96,0,0
97,0,0
98,0,0
99,0,0
100,0,0
101,0,0
102,0,0
103,0,0
104,0,0
105,0,0
106,0,0
107,0,0
108,0,0
109,0,0
110,0,0
111,0,0
112,0,0
