1,1,0
2,0,0
3,0,0
4,1,0
5,0,0
6,0,0
7,2,0
8,1,0
9,1,1
10,1,0
11,2,0
12,1,0
13,2,0
14,6,1
15,5,0
16,13,0
17,13,0
18,6,1
19,11,0
20,16,2
21,15,1
22,16,0
23,15,1
24,21,1
25,22,2
26,39,3
27,45,1
28,55,2
29,72,3
30,61,3
31,92,4
32,97,8
33,120,6
34,113,10
35,139,6
36,183,10
37,219,12
38,290,12
39,347,19
40,452,19
41,492,18
42,654,35
43,741,49
44,848,35
45,1148,45
46,1376,64
47,1638,85
48,1845,79
49,2240,111
50,2571,148
51,3259,169
52,3879,203
53,4777,223
54,5750,272
55,6851,334
56,8267,396
57,10071,508
58,12150,566
59,14730,725
60,17713,796
61,21545,1037
62,25514,1214
63,30332,1529
64,36419,1862
65,43719,2226
66,51344,2564
67,54785,2888
68,51072,2972
69,40557,2640
70,28780,2225
71,18453,1591
72,10796,1114
73,5893,782
74,3110,471
75,1625,304
76,723,180
77,361,95
78,140,65
79,62,23
80,37,11
81,8,10
82,2,6
83,0,1
84,2,2
85,0,1
86,2,0
87,0,0
88,0,0
89,0,0
90,0,0
91,0,0
92,0,0
93,0,0
94,0,0
95,0,0
96,0,0
97,0,0
98,0,0
99,0,0
100,0,0
101,0,0
102,0,0
103,0,0
104,0,0
105,0,0
106,0,0
107,0,0
108,0,0
109,0,0
110,0,0
111,0,0
112,0,0
