1,1,0
2,0,0
3,0,0
4,0,0
5,1,1
6,2,0
7,4,0
8,1,0
9,5,0
10,4,0
11,8,0
12,17,1
13,21,1
14,35,0
15,22,0
16,25,1
17,23,2
18,35,5
19,36,4
20,28,2
21,43,4
22,68,4
23,61,6
24,92,3
25,119,5
26,129,10
27,130,8
28,159,4
29,213,5
30,247,14
31,264,13
32,323,19
33,432,17
34,441,33
35,510,31
36,656,40
37,789,44
38,906,48
39,1069,59
40,1254,74
41,1409,86
42,1764,92
43,2168,124
44,2630,151
45,3069,159
46,3544,203
47,4316,226
48,5264,265
49,6266,307
50,7638,376
51,8859,473
52,10832,566
53,12953,677
54,15504,861
55,18330,888
56,21874,1132
57,26482,1331
58,31345,1652
59,37660,2039
60,44944,2368
61,51778,2757
62,52379,2823
63,45457,2795
64,34904,2409
65,23699,1902
66,14556,1360
67,8350,969
68,4415,585
69,2384,392
70,1081,229
71,506,135
72,237,84
73,95,37
74,44,15
75,26,9
76,6,4
77,5,1
78,1,3
79,0,0
80,0,1
81,0,0
82,0,0
83,0,0
84,0,0
85,0,0
86,0,0
87,0,0
88,0,0
89,0,0
90,0,0
91,0,0
92,0,0
93,0,0
94,0,0
95,0,0
96,0,0
97,0,0
98,0,0
99,0,0
100,0,0
101,0,0
102,0,0
