1,1,0
2,0,0
3,0,0
4,0,0
5,0,0
6,1,0
7,0,0
8,2,0
9,3,0
10,3,0
11,7,0
12,9,0
13,5,0
14,7,0
15,17,0
16,21,0
17,29,0
18,22,1
19,39,0
20,38,1
21,48,2
22,67,5
23,68,0
24,79,5
25,95,0
26,89,7
27,133,5
28,130,7
29,152,7
30,178,15
31,220,14
32,247,22
33,298,18
34,346,22
35,428,24
36,545,34
37,589,28
38,795,35
39,936,46
40,1079,50
41,1301,57
42,1531,65
43,1889,108
44,2084,111
45,2591,151
46,2993,162
47,3695,157
48,4455,234
49,5315,271
50,6484,387
51,7702,395
52,9283,444
53,11251,559
54,13518,660
55,16124,848
56,19045,983
57,23132,1164
58,27989,1399
59,33350,1699
60,39820,1934
61,47208,2458
62,52660,2759
63,51311,2851
64,43466,2738
65,32313,2323
66,21448,1813
67,12906,1418
68,7191,851
69,3953,583
70,1926,359
71,951,191
72,439,137
73,205,66
74,80,40
75,53,23
76,10,12
77,14,4
78,0,1
79,1,1
80,1,2
81,0,0
82,1,0
83,0,0
84,0,0
85,0,0
86,0,0
87,0,0
88,0,0
89,0,0
90,0,0
91,0,0
92,0,0
93,0,0
94,0,0
95,0,0
96,0,0
97,0,0
98,0,0
99,0,0
100,0,0
101,0,0
102,0,0
