1,1,0
2,0,0
3,0,0
4,1,0
5,1,0
6,0,0
7,0,0
8,1,0
9,0,1
10,2,0
11,0,0
12,3,0
13,3,0
14,4,0
15,4,0
16,4,1
17,2,0
18,1,0
19,2,0
20,3,1
21,3,0
22,9,1
23,12,0
24,13,0
25,9,2
26,16,0
27,17,0
28,14,1
29,22,0
30,23,1
31,30,1
32,32,1
33,17,3
34,35,3
35,38,3
36,49,5
37,55,0
38,66,3
39,89,6
40,99,4
41,89,5
42,107,3
43,137,8
44,153,8
45,155,11
46,207,19
47,208,14
48,215,16
49,298,22
50,346,25
51,424,20
52,455,20
53,566,27
54,687,43
55,846,41
56,970,47
57,1160,51
58,1365,81
59,1633,84
60,1935,91
61,2277,113
62,2708,159
63,3251,185
64,3908,204
65,4546,251
66,5511,251
67,6416,320
68,7888,433
69,9620,515
70,11213,572
71,13729,677
72,16177,862
73,19374,999
74,22654,1162
75,27608,1423
76,33028,1635
77,38572,2048
78,45713,2478
79,51472,2773
80,50776,2896
81,42720,2733
82,32051,2328
83,21612,1844
84,13104,1293
85,7288,907
86,3992,568
87,2025,345
88,999,201
89,480,108
90,197,62
91,86,25
92,44,18
93,19,12
94,12,4
95,3,1
96,2,0
97,0,1
98,0,1
99,0,0
100,0,1
101,0,0
102,0,0
