1,1,0
2,0,0
3,0,0
4,1,1
5,3,0
6,3,1
7,5,0
8,2,0
9,11,0
10,6,0
11,8,0
12,17,0
13,19,0
14,27,0
15,32,1
16,37,3
17,36,1
18,66,5
19,84,2
20,77,2
21,102,2
22,136,4
23,136,8
24,198,8
25,198,8
26,266,10
27,317,23
28,353,13
29,444,31
30,510,16
31,607,24
32,680,36
33,803,43
34,910,55
35,1098,75
36,1237,89
37,1456,93
38,1734,100
39,2207,116
40,2543,128
41,3003,161
42,3673,206
43,4334,218
44,5251,292
45,6183,354
46,7266,397
47,8779,441
48,10612,555
49,12796,643
50,15179,785
51,18211,886
52,21919,1118
53,26203,1343
54,31625,1577
55,37611,1907
56,44052,2334
57,51162,2625
58,52354,2941
59,45921,2917
60,35451,2422
61,24432,1920
62,15209,1426
63,8965,1044
64,4697,632
65,2369,413
66,1196,252
67,550,140
68,233,63
69,108,42
70,43,20
71,20,13
72,6,7
73,2,1
74,2,2
75,2,0
76,0,1
77,0,0
78,0,0
79,0,0
80,0,0
81,0,0
82,0,0
83,0,0
84,0,0
85,0,0
86,0,0
87,0,0
88,0,0
89,0,0
90,0,0
91,0,0
92,0,0
93,0,0
94,0,0
95,0,0
96,0,0
97,0,0
98,0,0
99,0,0
100,0,0
101,0,0
102,0,0
