1,1,0
2,0,0
3,0,0
4,1,0
5,3,0
6,4,0
7,4,0
8,2,0
9,2,0
10,4,0
11,3,0
12,5,0
13,2,0
14,0,2
15,4,0
16,3,0
17,3,0
18,2,0
19,5,1
20,3,3
21,3,0
22,3,0
23,9,1
24,6,1
25,6,0
26,10,0
27,9,1
28,8,0
29,16,0
30,16,3
31,22,0
32,16,1
33,11,1
34,13,2
35,19,2
36,28,2
37,20,1
38,19,3
39,48,3
40,30,2
41,48,5
42,60,4
43,62,3
44,91,2
45,122,9
46,131,3
47,183,9
48,230,4
49,283,10
50,299,17
51,390,18
52,451,28
53,490,31
54,537,27
55,683,29
56,811,34
57,996,52
58,1133,64
59,1352,75
60,1513,69
61,1883,106
62,2214,117
63,2724,136
64,3210,165
65,3942,205
66,4663,258
67,5512,293
68,6730,336
69,7831,408
70,9671,470
71,11406,592
72,13434,733
73,15978,848
74,19283,1014
75,22966,1238
76,27381,1453
77,32920,1740
78,39010,1971
79,45874,2512
80,51351,2774
81,50484,2903
82,42573,2753
83,31961,2309
84,20917,1770
85,12933,1281
86,7402,898
87,3890,579
88,1897,330
89,922,216
90,459,120
91,198,59
92,86,40
93,45,14
94,16,13
95,9,3
96,4,3
97,1,1
98,1,0
99,0,0
100,0,1
101,0,0
102,0,1
