1,1,0
2,0,0
3,0,0
4,2,0
5,5,0
6,7,0
7,3,0
8,10,1
9,6,0
10,6,0
11,16,1
12,17,0
13,21,1
14,16,0
15,36,0
16,19,0
17,36,4
18,49,3
19,40,5
20,46,4
21,73,7
22,130,6
23,144,9
24,189,7
25,211,4
26,246,15
27,285,16
28,340,22
29,430,25
30,521,21
31,619,31
32,693,36
33,927,50
34,1010,64
35,1257,56
36,1509,72
37,1887,91
38,2265,108
39,2737,127
40,3294,154
41,3853,212
42,4601,214
43,5583,270
44,6608,353
45,8063,407
46,9670,504
47,11449,567
48,13493,697
49,16140,827
50,19387,1020
51,23125,1203
52,27701,1401
53,33075,1743
54,39260,2051
55,46863,2408
56,53070,2773
57,52152,2920
58,44471,2778
59,33338,2292
60,22225,1870
61,13500,1328
62,7628,943
63,4076,589
64,2062,342
65,1017,211
66,482,117
67,219,54
68,94,39
69,38,27
70,11,9
71,5,4
72,5,1
73,3,0
74,0,0
75,0,0
76,0,1
77,0,0
78,0,0
79,0,0
80,0,0
81,0,0
82,0,0
83,0,0
84,0,0
85,0,0
86,0,0
87,0,0
88,0,0
89,0,0
90,0,0
91,0,0
92,0,0
93,0,0
94,0,0
95,0,0
96,0,0
97,0,0
98,0,0
99,0,0
100,0,0
101,0,0
102,0,0
