1,1,0
2,0,0
3,1,0
4,1,0
5,0,0
6,0,0
7,4,0
8,9,0
9,7,0
10,11,0
11,13,0
12,32,0
13,34,0
14,39,2
15,56,1
16,62,2
17,99,1
18,100,9
19,117,4
20,148,2
21,183,10
22,221,10
23,249,15
24,319,18
25,365,15
26,448,24
27,621,28
28,716,34
29,784,38
30,960,48
31,1163,58
32,1377,74
33,1670,84
34,1936,87
35,2298,139
36,2885,146
37,3385,183
38,3939,219
39,4772,257
40,5666,300
41,6739,330
42,8038,396
43,9528,544
44,11375,628
45,13643,708
46,16493,892
47,19501,1009
48,23370,1210
49,27980,1434
50,33477,1696
51,39895,2050
52,47334,2501
53,52910,2791
54,50774,2938
55,42541,2704
56,31621,2197
57,20677,1687
58,12341,1274
59,7147,838
60,3659,533
61,1881,328
62,926,186
63,445,101
64,171,60
65,85,39
66,39,14
67,10,6
68,6,4
69,8,4
70,1,0
71,1,1
72,0,0
73,0,0
74,0,0
75,0,0
76,0,0
77,0,0
78,0,0
79,0,0
80,0,0
81,0,0
82,0,0
83,0,0
84,0,0
85,0,0
86,0,0
87,0,0
88,0,0
89,0,0
90,0,0
91,0,0
92,0,0
93,0,0
94,0,0
95,0,0
96,0,0
97,0,0
98,0,0
99,0,0
100,0,0
101,0,0
102,0,0
