1,1,0
2,0,0
3,1,0
4,1,0
5,1,0
6,3,0
7,1,0
8,1,0
9,2,0
10,5,0
11,1,0
12,3,0
13,4,0
14,4,1
15,4,0
16,0,1
17,2,1
18,4,0
19,2,2
20,0,1
21,1,0
22,0,0
23,6,2
24,1,0
25,1,0
26,0,1
27,6,0
28,2,0
29,1,0
30,2,1
31,2,0
32,1,0
33,2,0
34,1,0
35,2,0
36,2,0
37,2,1
38,4,0
39,3,0
40,9,1
41,8,1
42,7,0
43,12,0
44,15,0
45,10,0
46,10,1
47,14,0
48,18,1
49,15,5
50,26,2
51,43,2
52,41,2
53,49,4
54,45,2
55,77,5
56,76,6
57,97,5
58,104,6
59,123,8
60,175,4
61,193,14
62,258,9
63,260,11
64,334,18
65,440,20
66,607,30
67,660,22
68,808,37
69,975,42
70,1145,57
71,1371,79
72,1650,85
73,1935,116
74,2308,111
75,2721,128
76,3070,177
77,3872,213
78,4639,265
79,5530,282
80,6905,346
81,8091,401
82,9882,485
83,11738,585
84,14230,683
85,16611,871
86,20202,1046
87,23860,1281
88,28471,1463
89,34296,1735
90,41034,2203
91,48293,2525
92,53257,2807
93,50058,2968
94,41653,2699
95,30551,2304
96,19948,1668
97,11908,1201
98,6543,816
99,3525,516
100,1742,324
101,796,210
102,364,94
