1,1,0
2,0,0
3,0,0
4,6,0
5,9,0
6,9,0
7,8,0
8,15,0
9,10,0
10,13,1
11,13,0
12,18,2
13,17,2
14,17,2
15,25,1
16,38,1
17,44,3
18,37,4
19,68,2
20,81,5
21,82,7
22,110,3
23,167,12
24,157,9
25,193,5
26,238,12
27,310,10
28,378,21
29,476,22
30,621,20
31,680,34
32,829,30
33,943,48
34,1200,55
35,1478,64
36,1760,101
37,2229,107
38,2725,139
39,3084,138
40,3799,163
41,4516,200
42,5424,265
43,6607,329
44,7850,400
45,9378,485
46,11544,543
47,13856,677
48,16685,828
49,20122,993
50,24200,1235
51,28966,1410
52,35015,1711
53,41387,2095
54,48891,2510
55,53384,2917
56,51890,3006
57,43724,2765
58,31836,2246
59,20845,1793
60,12608,1297
61,7102,856
62,3671,583
63,1934,375
64,927,200
65,420,120
66,177,61
67,70,25
68,37,12
69,21,9
70,8,3
71,3,3
72,1,3
73,0,1
74,1,0
75,0,0
76,0,0
77,0,0
78,0,0
79,0,1
80,0,0
81,0,0
82,0,0
83,0,0
84,0,0
85,0,0
86,0,0
87,0,0
88,0,0
89,0,0
90,0,0
91,0,0
92,0,0
93,0,0
94,0,0
95,0,0
96,0,0
97,0,0
98,0,0
99,0,0
100,0,0
101,0,0
102,0,0
