1,1,0
2,0,0
3,1,0
4,4,0
5,5,0
6,7,0
7,6,0
8,12,0
9,12,0
10,13,0
11,11,1
12,18,0
13,29,3
14,24,0
15,26,1
16,27,3
17,35,2
18,37,4
19,45,2
20,61,4
21,61,5
22,93,6
23,109,6
24,107,6
25,143,6
26,150,13
27,214,6
28,247,6
29,251,11
30,361,21
31,446,25
32,488,26
33,533,38
34,661,39
35,808,36
36,987,46
37,1140,55
38,1462,81
39,1714,71
40,1967,96
41,2334,131
42,2856,145
43,3369,166
44,3923,202
45,4828,256
46,5659,273
47,6668,371
48,8042,403
49,9515,521
50,11430,586
51,13631,725
52,16211,824
53,19523,1015
54,23210,1227
55,27428,1425
56,32815,1743
57,39223,2023
58,46508,2465
59,51652,2805
60,49622,2976
61,41570,2659
62,30613,2225
63,20223,1759
64,12060,1210
65,6739,823
66,3545,541
67,1813,329
68,881,179
69,445,123
70,186,61
71,70,27
72,34,16
73,12,13
74,12,6
75,1,3
76,0,1
77,0,0
78,0,1
79,0,1
80,0,0
81,0,0
82,0,0
83,0,0
84,0,0
85,0,0
86,0,0
87,0,0
88,0,0
89,0,0
90,0,0
91,0,0
92,0,0
93,0,0
94,0,0
95,0,0
96,0,0
97,0,0
98,0,0
99,0,0
100,0,0
101,0,0
102,0,0
