1,1,0
2,0,0
3,0,0
4,3,0
5,3,0
6,3,0
7,5,0
8,2,0
9,5,0
10,5,0
11,3,1
12,5,0
13,10,0
14,5,0
15,5,1
16,4,1
17,5,1
18,3,1
19,4,0
20,1,0
21,4,2
22,3,0
23,3,1
24,3,0
25,6,1
26,11,2
27,7,2
28,10,1
29,13,0
30,11,1
31,14,1
32,15,0
33,18,1
34,23,1
35,18,3
36,27,0
37,24,2
38,42,2
39,61,2
40,65,0
41,74,2
42,85,1
43,108,4
44,115,11
45,147,9
46,179,4
47,262,10
48,229,19
49,341,23
50,402,21
51,476,20
52,571,35
53,729,23
54,925,36
55,1096,52
56,1292,59
57,1574,66
58,1905,93
59,2239,104
60,2716,144
61,3187,168
62,3826,205
63,4548,258
64,5410,292
65,6387,344
66,7646,405
67,9163,453
68,10614,573
69,12856,714
70,15272,830
71,18256,977
72,22165,1155
73,26463,1384
74,31405,1616
75,37577,1914
76,44349,2320
77,50725,2729
78,51672,2875
79,44968,2808
80,34858,2442
81,23823,1881
82,14833,1395
83,8365,927
84,4461,616
85,2244,377
86,1194,234
87,552,124
88,229,75
89,116,36
90,41,18
91,24,9
92,6,7
93,6,2
94,1,2
95,0,1
96,1,1
97,0,0
98,0,0
99,0,0
100,0,0
101,0,0
102,0,0
