1,1,0
2,0,0
3,0,0
4,0,0
5,2,0
6,2,0
7,2,0
8,3,1
9,3,0
10,2,0
11,0,0
12,2,0
13,4,0
14,7,0
15,4,0
16,4,0
17,3,1
18,15,0
19,10,0
20,22,0
21,22,0
22,23,0
23,19,0
24,29,1
25,51,2
26,52,4
27,74,4
28,85,2
29,107,6
30,148,5
31,154,1
32,198,13
33,200,12
34,258,12
35,338,15
36,322,16
37,394,27
38,504,32
39,569,33
40,681,39
41,785,49
42,863,40
43,1111,78
44,1361,70
45,1640,78
46,1929,94
47,2379,100
48,2900,136
49,3352,219
50,3971,201
51,4759,223
52,5720,316
53,6780,359
54,8112,403
55,9535,495
56,11498,568
57,13573,707
58,16036,858
59,18945,1001
60,22931,1214
61,27226,1451
62,32547,1728
63,38323,2052
64,45749,2406
65,51474,2754
66,50240,2948
67,43428,2769
68,31952,2338
69,21582,1806
70,12920,1201
71,7400,896
72,3951,525
73,2005,365
74,974,192
75,444,131
76,188,86
77,82,31
78,50,19
79,13,4
80,4,7
81,2,5
82,2,1
83,0,0
84,0,0
85,0,0
86,0,0
87,0,1
88,0,0
89,0,0
90,0,0
91,0,0
92,0,0
93,0,0
94,0,0
95,0,0
96,0,0
97,0,0
98,0,0
99,0,0
100,0,0
101,0,0
102,0,0
