1,1,0
2,0,0
3,0,0
4,1,0
5,3,0
6,4,0
7,5,0
8,2,0
9,6,0
10,2,0
11,8,0
12,2,0
13,0,0
14,2,1
15,7,0
16,12,0
17,10,2
18,8,0
19,25,1
20,25,1
21,21,1
22,36,2
23,45,4
24,49,0
25,70,3
26,60,4
27,60,7
28,78,4
29,84,6
30,81,9
31,111,4
32,156,7
33,172,14
34,195,13
35,244,10
36,296,17
37,369,12
38,438,20
39,508,21
40,666,30
41,809,44
42,1008,48
43,1180,66
44,1395,67
45,1689,90
46,2094,118
47,2343,132
48,2782,142
49,3367,161
50,4021,226
51,4807,266
52,5814,279
53,7080,377
54,8173,424
55,9932,490
56,11944,600
57,14451,724
58,16961,924
59,20474,1034
60,24687,1241
61,29563,1486
62,35042,1752
63,41639,2208
64,49212,2636
65,53213,2907
66,50331,2949
67,40527,2552
68,28976,2197
69,18984,1680
70,11150,1195
71,6288,792
72,3271,520
73,1567,308
74,818,165
75,381,107
76,173,57
77,94,27
78,34,14
79,11,7
80,3,3
81,0,3
82,0,2
83,0,1
84,1,0
85,0,0
86,0,0
87,0,1
88,0,0
89,0,0
90,0,0
91,0,0
92,0,0
93,0,0
94,0,0
95,0,0
96,0,0
97,0,0
98,0,0
99,0,0
100,0,0
101,0,0
102,0,0
