1,1,0
2,0,0
3,1,0
4,1,0
5,2,0
6,6,0
7,6,0
8,13,0
9,12,1
10,9,0
11,19,0
12,23,1
13,39,1
14,45,0
15,34,2
16,43,2
17,65,2
18,70,4
19,85,5
20,104,6
21,163,4
22,200,5
23,239,9
24,264,8
25,324,11
26,406,14
27,467,27
28,508,30
29,631,31
30,841,32
31,1027,49
32,1205,54
33,1411,64
34,1704,91
35,2094,97
36,2581,123
37,2891,137
38,3556,171
39,4068,217
40,4887,264
41,5936,324
42,6930,405
43,8464,423
44,10198,526
45,12086,664
46,14712,722
47,17393,876
48,20492,1061
49,24735,1287
50,29545,1539
51,35370,1836
52,42114,2206
53,49603,2584
54,52226,2918
55,48398,2913
56,39012,2651
57,27636,2147
58,17702,1571
59,10361,1138
60,5743,744
61,2987,448
62,1473,258
63,696,159
64,348,90
65,145,53
66,64,18
67,22,15
68,12,13
69,7,1
70,2,3
71,0,1
72,0,0
73,0,0
74,0,0
75,0,0
76,0,0
77,0,0
78,0,0
79,0,0
80,0,1
81,0,0
82,0,0
83,0,0
84,0,0
85,0,0
86,0,0
87,0,0
88,0,0
89,0,0
90,0,0
91,0,0
92,0,0
93,0,0
94,0,0
95,0,0
96,0,0
97,0,0
98,0,0
99,0,0
100,0,0
101,0,0
102,0,0
