1,1,0
2,0,0
3,0,0
4,0,0
5,2,0
6,2,0
7,3,0
8,3,0
9,2,0
10,5,0
11,7,0
12,7,0
13,9,0
14,1,0
15,4,1
16,2,0
17,8,1
18,2,2
19,5,3
20,6,0
21,5,1
22,13,0
23,7,0
24,5,1
25,13,0
26,19,2
27,7,3
28,22,1
29,33,2
30,27,1
31,35,1
32,52,4
33,53,0
34,78,6
35,83,0
36,98,2
37,129,3
38,153,2
39,175,8
40,181,14
41,267,21
42,287,12
43,362,12
44,443,24
45,572,25
46,670,22
47,849,39
48,1024,50
49,1164,58
50,1407,63
51,1660,87
52,1905,100
53,2230,116
54,2727,138
55,3332,185
56,3922,201
57,4586,242
58,5421,330
59,6524,355
60,7798,408
61,9264,460
62,11015,585
63,13227,723
64,15983,835
65,19099,1027
66,23209,1204
67,27413,1498
68,32877,1631
69,39365,2044
70,46802,2363
71,52211,2782
72,51423,2884
73,43863,2750
74,33119,2355
75,21643,1773
76,13232,1289
77,7357,873
78,4035,568
79,2016,333
80,1045,198
81,420,118
82,212,53
83,94,26
84,35,21
85,13,6
86,5,7
87,3,3
88,1,1
89,0,0
90,1,0
91,0,0
92,0,0
93,0,0
94,0,0
95,0,0
96,0,0
97,0,0
98,0,0
99,0,0
100,0,0
101,0,0
102,0,0
