1,1,0
2,0,0
3,0,0
4,0,0
5,2,0
6,3,0
7,6,0
8,4,0
9,5,0
10,5,0
11,5,0
12,11,0
13,24,0
14,16,0
15,18,0
16,19,3
17,21,1
18,25,3
19,33,4
20,43,2
21,57,3
22,63,4
23,69,4
24,91,6
25,102,5
26,136,5
27,179,10
28,184,8
29,214,12
30,254,17
31,293,21
32,386,28
33,429,22
34,514,25
35,700,27
36,832,38
37,969,47
38,1186,45
39,1469,72
40,1775,91
41,2079,103
42,2524,120
43,3040,141
44,3465,206
45,4126,218
46,5004,260
47,5903,318
48,7134,337
49,8309,451
50,9961,571
51,11914,647
52,14561,735
53,17381,920
54,20569,1034
55,25045,1278
56,30066,1575
57,35630,1760
58,42550,2121
59,50333,2548
60,54324,2861
61,50261,2854
62,40135,2709
63,28547,2228
64,18375,1634
65,10679,1131
66,6043,765
67,3229,504
68,1527,284
69,776,169
70,338,98
71,161,54
72,61,28
73,38,11
74,10,5
75,4,4
76,4,4
77,1,2
78,1,0
79,0,1
80,0,1
81,0,0
82,0,0
83,0,0
84,0,0
85,0,0
86,0,0
87,0,0
88,0,0
89,0,0
90,0,0
91,0,0
92,0,0
93,0,0
94,0,0
95,0,0
96,0,0
97,0,0
98,0,0
99,0,0
100,0,0
101,0,0
102,0,0
