1,1,0
2,0,0
3,0,0
4,0,0
5,1,0
6,0,0
7,0,0
8,1,0
9,0,0
10,1,0
11,0,0
12,0,0
13,2,0
14,4,0
15,5,1
16,9,0
17,9,0
18,10,0
19,14,0
20,8,1
21,13,0
22,15,2
23,17,3
24,18,2
25,30,3
26,33,1
27,58,2
28,63,1
29,71,2
30,79,1
31,100,4
32,90,5
33,123,7
34,180,11
35,196,6
36,286,14
37,323,14
38,353,27
39,395,16
40,536,24
41,596,26
42,691,38
43,854,49
44,1025,62
45,1228,66
46,1474,66
47,1839,84
48,2141,115
49,2535,109
50,3033,152
51,3771,186
52,4403,232
53,5362,289
54,6421,331
55,7618,396
56,9146,464
57,10745,534
58,13076,694
59,15728,824
60,18559,1003
61,22130,1185
62,26516,1391
63,31990,1724
64,37800,2015
65,44436,2362
66,49998,2817
67,49297,2892
68,42682,2716
69,32231,2323
70,21460,1788
71,13380,1386
72,7516,895
73,3955,563
74,1975,360
75,999,196
76,473,98
77,200,71
78,89,29
79,42,22
80,16,14
81,8,9
82,6,2
83,2,2
84,0,0
85,0,1
86,0,0
87,0,0
88,0,0
89,0,0
90,0,0
91,0,0
92,0,0
93,0,0
94,0,0
95,0,0
96,0,0
97,0,0
98,0,0
99,0,0
100,0,0
101,0,0
102,0,0
103,0,0
104,0,0
105,0,0
106,0,0
107,0,0
108,0,0
109,0,0
110,0,0
111,0,0
112,0,0
113,0,0
114,0,0
115,0,0
116,0,0
117,0,0
118,0,0
119,0,0
120,0,0
121,0,0
122,0,0
