1,1,0
2,0,0
3,1,0
4,1,0
5,5,0
6,2,0
7,4,0
8,6,0
9,5,0
10,8,2
11,9,1
12,4,0
13,12,0
14,10,1
15,12,2
16,9,1
17,19,0
18,11,1
19,27,0
20,23,3
21,22,1
22,33,2
23,38,4
24,51,3
25,41,4
26,72,7
27,97,5
28,95,3
29,138,4
30,146,7
31,170,10
32,227,13
33,248,14
34,300,14
35,406,9
36,487,21
37,581,20
38,651,33
39,765,31
40,921,48
41,1071,65
42,1290,84
43,1527,86
44,1903,81
45,2108,116
46,2569,149
47,3131,175
48,3890,183
49,4494,194
50,5523,291
51,6520,353
52,7914,390
53,9441,491
54,11206,615
55,13308,666
56,16081,836
57,19559,971
58,23137,1176
59,27807,1421
60,33552,1696
61,40156,1953
62,47873,2463
63,52945,2806
64,52104,2911
65,44106,2748
66,32755,2310
67,22047,1928
68,13485,1329
69,7620,840
70,3937,574
71,2018,299
72,1006,223
73,452,123
74,207,69
75,99,34
76,42,19
77,10,5
78,6,8
79,2,1
80,0,0
81,0,1
82,0,0
83,0,1
84,0,0
85,0,0
86,0,0
87,0,0
88,0,0
89,0,0
90,0,0
91,0,0
92,0,0
93,0,0
94,0,0
95,0,0
96,0,0
97,0,0
98,0,0
99,0,0
100,0,0
101,0,0
102,0,0
103,0,0
104,0,0
105,0,0
106,0,0
107,0,0
108,0,0
109,0,0
110,0,0
111,0,0
112,0,0
113,0,0
114,0,0
115,0,0
116,0,0
117,0,0
118,0,0
119,0,0
120,0,0
121,0,0
122,0,0
