1,1,0
2,0,0
3,0,0
4,0,0
5,0,0
6,4,0
7,3,0
8,0,0
9,13,0
10,9,0
11,16,0
12,11,0
13,24,0
14,33,1
15,33,1
16,41,3
17,63,0
18,66,2
19,80,1
20,91,3
21,114,9
22,177,12
23,154,9
24,175,8
25,217,18
26,282,25
27,328,20
28,380,24
29,455,29
30,537,30
31,646,24
32,654,44
33,895,53
34,1063,60
35,1352,73
36,1590,82
37,1851,82
38,2235,99
39,2558,140
40,3011,175
41,3536,194
42,4479,212
43,5396,246
44,6237,316
45,7435,387
46,8952,478
47,11001,562
48,12943,698
49,15553,759
50,18726,974
51,22238,1186
52,26371,1420
53,31361,1676
54,37201,1929
55,44422,2369
56,50610,2647
57,51275,2880
58,45178,2796
59,34098,2465
60,23410,1974
61,14457,1398
62,8265,944
63,4644,630
64,2337,373
65,1095,202
66,528,128
67,258,74
68,122,48
69,67,29
70,18,7
71,12,5
72,4,2
73,1,0
74,0,1
75,0,0
76,0,0
77,0,0
78,0,0
79,0,0
80,0,0
81,0,0
82,0,0
83,0,0
84,0,0
85,0,0
86,0,0
87,0,0
88,0,0
89,0,0
90,0,0
91,0,0
92,0,0
93,0,0
94,0,0
95,0,0
96,0,0
97,0,0
98,0,0
99,0,0
100,0,0
101,0,0
102,0,0
103,0,0
104,0,0
105,0,0
106,0,0
107,0,0
108,0,0
109,0,0
110,0,0
111,0,0
112,0,0
113,0,0
114,0,0
115,0,0
116,0,0
117,0,0
118,0,0
119,0,0
120,0,0
121,0,0
122,0,0
