1,1,0
2,0,0
3,0,0
4,0,0
5,3,0
6,4,0
7,1,0
8,0,1
9,5,0
10,5,0
11,7,0
12,6,1
13,5,0
14,15,0
15,10,1
16,16,0
17,12,0
18,12,0
19,7,0
20,18,1
21,12,1
22,14,1
23,19,0
24,11,2
25,26,0
26,40,2
27,62,2
28,59,0
29,104,3
30,106,6
31,178,3
32,186,5
33,197,6
34,217,9
35,268,20
36,329,15
37,393,20
38,459,25
39,527,39
40,643,55
41,788,40
42,977,45
43,1115,50
44,1360,57
45,1636,70
46,1890,113
47,2366,116
48,2867,150
49,3344,168
50,3937,213
51,4799,239
52,5660,324
53,6846,340
54,8091,446
55,9727,521
56,11439,630
57,13628,699
58,16561,910
59,19457,1067
60,23434,1248
61,27996,1428
62,32869,1771
63,39576,2018
64,46431,2419
65,51258,2744
66,49593,2914
67,41837,2727
68,30313,2291
69,19990,1831
70,11978,1192
71,6697,823
72,3633,552
73,1790,327
74,866,201
75,392,109
76,183,58
77,91,32
78,45,12
79,12,5
80,2,4
81,4,2
82,2,1
83,0,2
84,1,0
85,0,0
86,0,0
87,0,0
88,0,0
89,0,0
90,0,0
91,0,0
92,0,0
93,0,0
94,0,0
95,0,0
96,0,0
97,0,0
98,0,0
99,0,0
100,0,0
101,0,0
102,0,0
103,0,0
104,0,0
105,0,0
106,0,0
107,0,0
108,0,0
109,0,0
110,0,0
111,0,0
112,0,0
113,0,0
114,0,0
115,0,0
116,0,0
117,0,0
118,0,0
119,0,0
120,0,0
121,0,0
122,0,0
