1,1,0
2,0,0
3,1,0
4,4,0
5,7,0
6,9,0
7,9,0
8,6,0
9,13,1
10,14,1
11,19,0
12,17,0
13,18,0
14,33,1
15,31,4
16,40,2
17,45,4
18,63,2
19,73,3
20,72,5
21,118,3
22,144,9
23,172,10
24,200,9
25,207,8
26,262,10
27,307,18
28,334,17
29,503,23
30,577,26
31,672,28
32,797,30
33,865,53
34,1153,64
35,1420,78
36,1606,87
37,1906,106
38,2285,113
39,2696,163
40,3183,186
41,3946,203
42,4729,228
43,5604,306
44,6602,342
45,7971,423
46,9492,483
47,11472,601
48,13857,722
49,16274,867
50,19779,1015
51,23704,1210
52,28226,1439
53,33827,1654
54,40581,2085
55,48193,2424
56,52895,2820
57,50941,2860
58,42885,2740
59,31408,2343
60,20742,1749
61,12509,1235
62,7027,793
63,3637,560
64,1935,315
65,885,186
66,409,90
67,178,69
68,100,45
69,27,16
70,25,8
71,3,4
72,0,2
73,1,0
74,0,0
75,1,1
76,0,0
77,0,0
78,0,0
79,0,0
80,0,0
81,0,0
82,0,0
83,0,0
84,0,0
85,0,0
86,0,0
87,0,0
88,0,0
89,0,0
90,0,0
91,0,0
92,0,0
93,0,0
94,0,0
95,0,0
96,0,0
97,0,0
98,0,0
99,0,0
100,0,0
101,0,0
102,0,0
103,0,0
104,0,0
105,0,0
106,0,0
107,0,0
108,0,0
109,0,0
110,0,0
111,0,0
112,0,0
113,0,0
114,0,0
115,0,0
116,0,0
117,0,0
118,0,0
119,0,0
120,0,0
121,0,0
122,0,0
