1,1,0
2,0,0
3,0,0
4,1,0
5,2,0
6,3,0
7,4,0
8,0,0
9,1,1
10,1,0
11,1,0
12,0,1
13,1,0
14,0,0
15,0,0
16,0,0
17,3,0
18,0,0
19,1,0
20,5,0
21,3,1
22,8,0
23,21,0
24,17,0
25,24,0
26,27,1
27,26,0
28,28,0
29,44,4
30,65,2
31,45,4
32,39,4
33,78,2
34,107,10
35,108,6
36,114,9
37,169,8
38,199,11
39,230,11
40,262,17
41,324,19
42,387,15
43,443,25
44,569,30
45,708,33
46,801,37
47,962,44
48,1177,67
49,1431,59
50,1585,85
51,1926,123
52,2451,139
53,2834,146
54,3387,192
55,3934,207
56,4944,251
57,5845,311
58,6928,349
59,8313,432
60,9766,493
61,11862,631
62,14238,763
63,17164,848
64,20537,1026
65,24633,1171
66,29279,1514
67,34792,1786
68,41638,2126
69,49065,2510
70,53033,2825
71,49696,2978
72,40826,2701
73,29069,2243
74,18894,1654
75,11483,1170
76,6164,804
77,3139,526
78,1658,277
79,766,152
80,347,91
81,155,62
82,78,31
83,25,20
84,14,8
85,6,5
86,2,2
87,1,1
88,0,0
89,0,0
90,0,0
91,0,0
92,0,0
93,0,0
94,0,0
95,0,0
96,0,0
97,0,0
98,0,0
99,0,0
100,0,0
101,0,0
102,0,0
103,0,0
104,0,0
105,0,0
106,0,0
107,0,0
108,0,0
109,0,0
110,0,0
111,0,0
112,0,0
113,0,0
114,0,0
115,0,0
116,0,0
117,0,0
118,0,0
119,0,0
120,0,0
121,0,0
122,0,0
