1,1,0
2,0,0
3,1,0
4,4,0
5,4,0
6,4,0
7,3,1
8,5,0
9,7,0
10,2,0
11,3,1
12,4,0
13,13,1
14,8,3
15,3,1
16,7,0
17,11,0
18,16,0
19,17,2
20,20,1
21,19,0
22,24,0
23,37,1
24,44,5
25,46,6
26,65,3
27,77,8
28,101,2
29,136,6
30,159,8
31,211,3
32,247,12
33,349,12
34,394,13
35,454,17
36,535,26
37,776,36
38,867,47
39,1023,45
40,1210,57
41,1412,76
42,1742,110
43,2002,97
44,2438,141
45,2835,166
46,3514,197
47,4213,228
48,5050,217
49,5861,324
50,7015,349
51,8438,466
52,10149,533
53,12039,640
54,14323,723
55,17301,854
56,20635,1037
57,24603,1289
58,29567,1443
59,34947,1796
60,41759,2160
61,48911,2598
62,53794,2890
63,51442,3110
64,43280,2698
65,31958,2395
66,20990,1787
67,12511,1326
68,7066,867
