1,1,0
2,0,0
3,1,0
4,0,0
5,2,0
6,2,0
7,1,0
8,1,0
9,3,0
10,2,0
11,1,0
12,2,0
13,5,1
14,1,0
15,3,0
16,9,0
17,8,1
18,3,0
19,2,0
20,7,1
21,8,1
22,14,1
23,22,0
24,34,0
25,54,0
26,42,2
27,60,1
28,64,2
29,81,2
30,108,5
31,124,5
32,126,8
33,158,4
34,180,9
35,218,15
36,257,14
37,302,17
38,307,28
39,378,25
40,530,35
41,571,31
42,624,28
43,829,44
44,942,52
45,1186,66
46,1319,81
47,1684,95
48,1805,91
49,2127,124
50,2687,135
51,3081,165
52,3659,190
53,4398,223
54,5209,292
55,6098,328
56,7420,373
57,8696,470
58,10323,526
59,12510,693
60,14676,811
61,17821,925
62,21197,1105
63,25279,1268
64,30653,1569
65,36625,1797
66,42834,2216
67,52312,2708
68,61662,3219
