1,1,0
2,0,0
3,0,0
4,3,0
5,6,0
6,9,0
7,5,0
8,6,1
9,15,0
10,14,0
11,22,2
12,27,2
13,45,0
14,46,1
15,47,2
16,57,0
17,57,3
18,80,2
19,115,8
20,153,5
21,194,6
22,217,13
23,236,10
24,298,21
25,361,23
26,403,19
27,473,28
28,572,28
29,756,41
30,885,45
31,1019,55
32,1261,58
33,1482,66
34,1752,95
35,2091,102
36,2644,131
37,3086,130
38,3552,177
39,4467,222
40,5236,252
41,6272,279
42,7497,354
43,8824,442
44,10675,552
45,12701,629
46,15090,778
47,17513,950
48,21215,1149
49,25409,1380
50,30214,1596
51,36443,1906
52,43489,2250
53,49877,2680
54,51741,2816
55,46550,2868
56,36730,2428
57,25211,2020
58,15861,1475
59,9236,1039
60,4948,662
61,2575,416
62,1256,242
63,638,157
64,279,72
65,138,51
66,51,23
67,28,15
68,13,6
