1,1,0
2,0,0
3,0,0
4,1,0
5,0,0
6,2,0
7,0,1
8,2,0
9,6,0
10,15,0
11,19,0
12,17,0
13,11,1
14,18,0
15,23,1
16,35,0
17,27,1
18,43,1
19,57,6
20,64,3
21,78,2
22,103,8
23,95,10
24,129,8
25,173,13
26,204,11
27,284,12
28,314,14
29,395,20
30,539,16
31,640,29
32,758,31
33,960,44
34,1055,49
35,1312,57
36,1531,86
37,1868,94
38,2263,119
39,2677,157
40,3092,152
41,3653,206
42,4242,255
43,5114,273
44,6066,338
45,7174,400
46,8756,461
47,10159,560
48,12269,651
49,14697,775
50,17449,936
51,20871,1081
52,25113,1341
53,30295,1523
54,35750,1837
55,42572,2191
56,50169,2709
57,53635,2867
58,47721,2821
59,38452,2539
60,27366,2034
61,17044,1631
62,9956,1039
63,5502,689
64,2777,436
65,1353,287
66,681,169
67,318,102
68,139,57
