1,1,0
2,0,0
3,0,0
4,2,0
5,0,0
6,6,0
7,1,0
8,2,0
9,8,1
10,7,0
11,10,0
12,13,0
13,18,3
14,18,0
15,28,0
16,42,4
17,44,1
18,76,3
19,86,1
20,92,6
21,117,5
22,125,10
23,137,4
24,192,8
25,230,9
26,237,7
27,252,18
28,318,25
29,344,31
30,476,25
31,570,23
32,694,41
33,817,43
34,1004,41
35,1226,55
36,1491,70
37,1609,76
38,1914,105
39,2289,126
40,2713,153
41,3280,207
42,4066,188
43,4879,230
44,5740,295
45,6842,358
46,7889,440
47,9541,509
48,11743,639
49,13754,702
50,16566,850
51,19911,1030
52,23394,1232
53,27947,1485
54,33824,1735
55,40344,2103
56,47511,2554
57,51534,2755
58,49651,2866
59,40934,2590
60,29981,2215
61,19253,1688
62,11789,1227
63,6484,817
64,3392,472
65,1675,322
66,832,166
67,366,102
68,156,53
