1,1,0
2,0,0
3,0,0
4,1,0
5,2,0
6,1,1
7,0,0
8,4,0
9,14,0
10,15,0
11,23,0
12,17,0
13,33,0
14,47,0
15,43,2
16,46,3
17,60,0
18,81,1
19,90,9
20,90,11
21,159,8
22,157,6
23,191,14
24,252,9
25,267,14
26,317,17
27,376,25
28,439,29
29,555,34
30,668,45
31,817,49
32,884,43
33,1045,52
34,1178,70
35,1545,87
36,1870,117
37,2138,117
38,2479,127
39,2947,172
40,3678,218
41,4409,219
42,5275,289
43,6241,329
44,7442,391
45,9082,464
46,11019,563
47,13348,629
48,15702,750
49,18697,958
50,22145,1177
51,26620,1381
52,32084,1685
53,38524,1954
54,46019,2355
55,52642,2692
56,52746,2970
57,46370,2693
58,34681,2402
59,24016,1966
60,14935,1384
61,8468,940
62,4558,675
63,2342,370
64,1059,234
65,479,144
66,236,70
67,99,41
68,44,21
