1,1,0
2,0,0
3,1,0
4,1,0
5,1,0
6,5,0
7,2,0
8,2,0
9,6,0
10,10,0
11,8,0
12,5,3
13,8,0
14,9,2
15,19,2
16,9,1
17,11,0
18,24,2
19,26,1
20,32,0
21,47,3
22,54,0
23,54,3
24,70,6
25,87,3
26,108,7
27,139,5
28,148,7
29,193,12
30,232,10
31,262,17
32,333,21
33,410,21
34,426,25
35,505,26
36,700,32
37,886,46
38,1027,38
39,1262,54
40,1465,64
41,1840,75
42,2179,111
43,2588,122
44,3159,155
45,3721,208
46,4496,214
47,5447,265
48,6465,335
49,7801,403
50,9455,472
51,11507,534
52,13761,674
53,16341,867
54,19624,958
55,23451,1207
56,28084,1478
57,33636,1779
58,40437,2124
59,48180,2437
60,54426,2864
61,54337,3021
62,46758,2854
63,35363,2477
64,23386,1956
65,14628,1342
66,8196,917
67,4408,615
68,2256,405
