1,1,0
2,0,0
3,0,0
4,0,0
5,1,0
6,1,0
7,0,0
8,1,0
9,2,0
10,0,0
11,1,0
12,0,0
13,2,0
14,4,0
15,0,0
16,1,0
17,2,0
18,4,0
19,7,0
20,3,0
21,4,0
22,7,0
23,6,0
24,6,0
25,4,1
26,3,0
27,5,0
28,5,0
29,8,1
30,11,2
31,11,1
32,10,3
33,10,0
34,19,0
35,7,2
36,11,3
37,13,1
38,24,2
39,18,1
40,16,2
41,18,2
42,14,2
43,22,3
44,23,2
45,33,0
46,68,5
47,60,2
48,74,2
49,91,2
50,133,4
51,159,6
52,195,5
53,226,5
54,261,10
55,312,20
56,371,23
57,461,20
58,513,32
59,634,30
60,776,45
61,975,54
62,1171,76
63,1432,79
64,1653,68
65,2033,110
66,2539,103
67,2986,161
68,3724,178
