1,1,0
2,0,0
3,1,0
4,1,0
5,2,0
6,3,0
7,3,0
8,1,0
9,2,0
10,2,0
11,6,0
12,5,0
13,4,1
14,4,0
15,2,0
16,7,0
17,5,0
18,6,2
19,11,0
20,11,0
21,15,0
22,18,0
23,23,1
24,18,0
25,19,2
26,30,3
27,55,6
28,59,1
29,61,2
30,91,2
31,94,3
32,160,7
33,171,7
34,230,10
35,263,8
36,290,13
37,339,18
38,454,24
39,521,32
40,688,32
41,833,38
42,977,37
43,1210,52
44,1425,64
45,1704,84
46,2145,103
47,2578,148
48,3038,133
49,3670,199
50,4333,195
51,5167,242
52,6191,374
53,7551,400
54,8871,466
55,10777,540
56,12631,653
57,15087,823
58,18133,980
59,21603,1065
60,25654,1312
61,30758,1604
62,36582,1922
63,43955,2254
64,52360,2686
65,61501,3233
66,67666,3637
67,65615,3812
68,55055,3520
