1,1,0
2,0,0
3,0,0
4,0,0
5,0,0
6,1,0
7,1,0
8,3,0
9,2,0
10,2,1
11,1,0
12,4,0
13,14,0
14,5,0
15,7,2
16,14,0
17,21,1
18,20,0
19,15,1
20,26,0
21,41,4
22,34,2
23,35,3
24,47,3
25,54,2
26,64,1
27,70,6
28,81,5
29,85,7
30,120,7
31,140,6
32,126,7
33,154,13
34,187,10
35,203,15
36,281,19
37,315,25
38,399,22
39,451,28
40,529,29
41,609,35
42,665,43
43,789,47
44,943,64
45,1114,57
46,1337,77
47,1691,89
48,1991,112
49,2375,116
50,2914,126
51,3452,172
52,4075,226
53,5109,216
54,6041,331
55,7150,367
56,8646,478
57,10241,529
58,12362,654
59,14826,735
60,17656,897
61,20873,1093
62,24870,1267
63,29810,1588
64,35691,1851
65,42983,2147
66,50449,2594
67,60998,3237
68,72718,3884
