1,1,0
2,0,0
3,1,0
4,3,0
5,10,0
6,14,0
7,11,0
8,8,0
9,11,0
10,11,1
11,17,3
12,19,1
13,21,0
14,20,0
15,29,2
16,24,0
17,49,1
18,53,3
19,77,2
20,79,1
21,106,5
22,115,8
23,141,9
24,166,8
25,215,12
26,263,10
27,305,7
28,308,19
29,392,22
30,415,26
31,572,29
32,614,40
33,796,51
34,903,47
35,1214,62
36,1291,73
37,1628,83
38,1895,114
39,2246,123
40,2787,138
41,3423,172
42,4051,228
43,4879,228
44,5818,264
45,6844,331
46,8264,394
47,9817,484
48,11744,652
49,14239,715
50,17027,933
51,20123,1036
52,23781,1267
53,28812,1506
54,34669,1747
55,41744,2171
56,49030,2558
57,53629,2851
58,51761,2972
59,42317,2640
60,31153,2222
61,20115,1745
62,11922,1180
63,6644,795
64,3608,501
65,1738,327
66,895,201
67,363,93
68,185,51
