1,1,0
2,0,0
3,1,0
4,0,0
5,2,0
6,0,0
7,4,0
8,4,0
9,5,0
10,1,0
11,4,1
12,7,0
13,4,0
14,7,0
15,5,1
16,6,0
17,2,0
18,7,2
19,7,2
20,1,1
21,0,2
22,1,2
23,2,0
24,1,1
25,1,0
26,9,0
27,17,0
28,15,0
29,19,0
30,17,1
31,11,0
32,18,2
33,20,2
34,22,3
35,15,2
36,17,1
37,19,2
38,25,3
39,22,1
40,45,1
41,51,3
42,63,6
43,92,0
44,107,5
45,152,8
46,164,5
47,211,9
48,249,10
49,294,23
50,353,16
51,374,27
52,442,24
53,600,40
54,642,48
55,799,46
56,1003,50
57,1116,54
58,1404,69
59,1663,84
60,2063,98
61,2611,127
62,3102,159
63,3583,198
64,4562,177
65,5394,269
66,6540,307
67,7876,360
68,9386,466
