1,1,0
2,0,0
3,0,0
4,4,0
5,6,0
6,5,0
7,10,0
8,5,0
9,14,0
10,9,0
11,12,0
12,26,0
13,41,0
14,40,0
15,58,2
16,70,3
17,82,1
18,110,6
19,152,2
20,160,7
21,184,9
22,266,6
23,292,10
24,307,13
25,372,21
26,442,24
27,556,39
28,624,38
29,795,40
30,928,35
31,1075,50
32,1322,85
33,1683,81
34,1943,101
35,2380,109
36,2758,142
37,3394,171
38,3975,192
39,4728,264
40,5656,297
41,6602,315
42,7729,427
43,9473,516
44,11173,560
45,13537,671
46,15867,866
47,19142,970
48,22890,1225
49,27517,1376
50,32655,1636
51,39041,1974
52,46687,2483
53,52805,2862
54,52423,2880
55,44881,2746
56,34118,2370
57,22877,1850
58,13681,1406
59,8103,972
60,4142,602
61,2099,359
62,1059,206
63,513,124
64,225,63
65,94,41
66,42,20
67,18,12
68,4,3
69,3,4
70,1,3
71,1,0
72,0,0
