1,1,0
2,0,0
3,4,0
4,2,0
5,15,0
6,7,0
7,9,0
8,13,1
9,7,0
10,9,1
11,2,1
12,3,1
13,12,0
14,4,0
15,10,0
16,18,0
17,12,1
18,10,0
19,16,1
20,39,0
21,28,0
22,33,4
23,44,3
24,46,2
25,61,5
26,72,5
27,92,4
28,106,4
29,161,6
30,188,5
31,194,11
32,226,12
33,255,14
34,333,17
35,389,18
36,449,17
37,495,18
38,693,39
39,794,51
40,923,62
41,1152,61
42,1305,77
43,1588,87
44,1961,115
45,2375,110
46,2769,156
47,3191,185
48,3898,231
49,4539,248
50,5608,270
51,6770,345
52,8013,421
53,9253,485
54,11249,578
55,13126,733
56,15717,882
57,18801,970
58,22399,1203
59,26422,1431
60,31716,1752
61,38424,1995
62,45061,2303
63,51244,2762
64,51081,2922
65,44622,2716
66,33491,2269
67,22398,1829
68,13746,1348
69,7705,878
70,4046,615
71,2015,377
72,1067,232
