1,1,0
2,0,0
3,0,0
4,1,0
5,0,0
6,0,0
7,2,0
8,0,0
9,1,0
10,6,0
11,7,0
12,5,0
13,13,0
14,12,0
15,17,1
16,20,1
17,15,0
18,18,0
19,19,1
20,35,1
21,45,2
22,42,2
23,44,0
24,60,5
25,56,5
26,74,9
27,83,5
28,104,7
29,122,8
30,116,6
31,135,7
32,218,6
33,231,15
34,250,13
35,305,15
36,392,19
37,458,32
38,511,28
39,670,19
40,734,37
41,887,54
42,1108,54
43,1271,63
44,1446,74
45,1792,110
46,2194,99
47,2678,133
48,3128,172
49,3769,200
50,4612,225
51,5540,275
52,6858,314
53,8186,371
54,9828,461
55,12100,559
56,14258,686
57,16964,817
58,20714,1067
59,24536,1205
60,29486,1438
61,35499,1811
62,42331,2115
63,49796,2578
64,54155,2954
65,52329,2961
66,43070,2757
67,31385,2317
68,20592,1734
69,12194,1254
70,6714,898
71,3632,550
72,1807,318
