1,1,0
2,0,0
3,0,0
4,0,0
5,0,0
6,0,0
7,0,0
8,1,0
9,0,0
10,1,0
11,2,1
12,6,0
13,1,0
14,6,0
15,8,0
16,14,0
17,8,0
18,9,0
19,10,0
20,13,1
21,8,4
22,13,2
23,13,3
24,11,0
25,16,0
26,21,1
27,30,3
28,29,1
29,36,1
30,29,1
31,51,4
32,47,3
33,65,7
34,64,8
35,86,4
36,92,11
37,110,2
38,143,4
39,152,13
40,177,10
41,255,11
42,266,15
43,376,17
44,448,24
45,493,25
46,628,35
47,787,32
48,921,45
49,1108,53
50,1304,72
51,1452,91
52,1786,95
53,2205,95
54,2610,147
55,3081,169
56,3577,171
57,4296,243
58,5203,317
59,6323,332
60,7348,402
61,8885,520
62,10639,523
63,12712,640
64,15121,819
65,18426,899
66,21792,1168
67,26128,1340
68,31379,1667
69,37722,1882
70,45149,2314
71,53912,2758
72,64763,3322
