1,1,0
2,0,0
3,0,0
4,0,0
5,0,0
6,2,0
7,1,0
8,0,0
9,0,0
10,2,0
11,1,0
12,0,0
13,0,1
14,1,0
15,0,0
16,1,1
17,1,0
18,1,0
19,5,0
20,6,0
21,9,0
22,8,0
23,12,1
24,10,0
25,11,0
26,11,0
27,18,0
28,13,1
29,20,0
30,22,2
31,15,0
32,25,2
33,29,1
34,31,4
35,45,4
36,29,5
37,43,2
38,58,3
39,51,6
40,49,0
41,77,1
42,77,10
43,87,8
44,87,6
45,79,10
46,111,4
47,149,12
48,177,13
49,206,15
50,241,15
51,270,14
52,349,19
53,380,31
54,466,29
55,526,34
56,594,36
57,628,40
58,787,42
59,984,55
60,1179,52
61,1364,90
62,1607,96
63,1987,109
64,2376,127
65,2741,147
66,3300,169
67,4125,189
68,4880,250
69,5667,302
70,6661,357
71,8097,443
72,9733,499
