1,1,0
2,0,0
3,0,0
4,4,0
5,3,0
6,4,0
7,4,0
8,7,0
9,4,0
10,4,0
11,5,0
12,2,1
13,8,0
14,5,0
15,6,0
16,6,0
17,5,0
18,14,0
19,10,0
20,12,1
21,21,0
22,22,0
23,21,1
24,36,0
25,42,1
26,44,2
27,69,3
28,67,4
29,83,6
30,108,4
31,147,7
32,179,8
33,215,4
34,269,12
35,331,12
36,376,21
37,399,29
38,515,18
39,620,42
40,778,29
41,903,41
42,1148,60
43,1363,72
44,1541,66
45,1852,105
46,2162,136
47,2619,143
48,3064,171
49,3600,189
50,4338,222
51,5075,274
52,6204,333
53,7427,373
54,8821,452
55,10328,577
56,12533,686
57,14886,764
58,18152,979
59,21759,1120
60,25884,1352
61,31208,1554
62,37103,1899
63,44481,2294
64,51626,2651
65,54719,2948
66,50000,2952
67,39059,2577
68,27820,2181
69,17605,1566
70,10367,1065
71,5730,708
72,3024,478
