1,1,0
2,0,0
3,1,0
4,0,0
5,0,0
6,2,0
7,2,0
8,4,0
9,4,0
10,6,0
11,14,0
12,10,0
13,20,0
14,17,4
15,30,1
16,30,1
17,35,2
18,42,2
19,57,6
20,75,1
21,102,5
22,132,13
23,173,7
24,189,5
25,259,13
26,278,17
27,372,15
28,383,15
29,490,19
30,628,30
31,732,38
32,811,54
33,1023,56
34,1248,61
35,1450,84
36,1719,88
37,2058,103
38,2410,144
39,2924,163
40,3578,196
41,4275,203
42,5052,250
43,6118,334
44,7277,375
45,8526,422
46,10025,527
47,12070,678
48,14387,763
49,17531,875
50,20806,1020
51,24877,1262
52,29687,1590
53,35714,1811
54,42184,2288
55,49784,2601
56,53181,2840
57,49469,2909
58,39830,2667
59,28573,2180
60,18259,1600
61,10811,1066
62,6023,742
63,3138,452
64,1573,288
65,722,161
66,347,102
67,143,72
68,66,24
69,17,12
70,7,11
71,4,2
72,1,1
