1,1,0
2,0,0
3,0,0
4,0,0
5,1,0
6,0,0
7,0,0
8,0,0
9,0,0
10,0,0
11,1,0
12,0,0
13,0,0
14,1,0
15,0,0
16,1,0
17,0,0
18,0,0
19,1,0
20,1,0
21,0,0
22,3,0
23,6,0
24,13,0
25,16,0
26,9,0
27,9,1
28,9,2
29,12,1
30,10,0
31,14,2
32,13,4
33,20,1
34,11,0
35,20,0
36,29,4
37,33,2
38,28,2
39,36,3
40,50,5
41,37,4
42,61,4
43,58,6
44,67,7
45,79,8
46,83,2
47,110,4
48,145,11
49,179,9
50,221,9
51,221,6
52,273,14
53,334,16
54,371,13
55,453,21
56,543,34
57,760,32
58,848,42
59,991,59
60,1258,77
61,1441,75
62,1589,86
63,1985,111
64,2275,150
65,2781,141
66,3268,171
67,3980,185
68,4829,237
69,5589,322
70,6460,367
71,7734,394
72,9214,504
