1,1,0
2,0,0
3,0,0
4,0,0
5,2,0
6,1,0
7,1,1
8,3,0
9,7,0
10,6,0
11,2,1
12,2,0
13,8,0
14,8,1
15,10,0
16,8,0
17,7,1
18,4,0
19,11,0
20,2,0
21,2,2
22,4,1
23,1,1
24,8,1
25,1,1
26,3,3
27,9,1
28,25,0
29,13,2
30,23,0
31,17,1
32,18,0
33,21,1
34,26,1
35,42,1
36,44,4
37,33,3
38,51,3
39,52,3
40,81,3
41,82,7
42,83,3
43,91,5
44,101,7
45,136,3
46,179,7
47,168,8
48,217,14
49,254,20
50,302,13
51,370,26
52,413,18
53,477,30
54,594,24
55,618,37
56,749,45
57,945,52
58,1121,64
59,1289,75
60,1521,74
61,1842,93
62,2266,131
63,2655,138
64,3330,153
65,3963,210
66,4702,242
67,5742,285
68,6785,344
69,8096,419
70,9730,501
71,11539,590
72,13606,691
