1,1,0
2,0,0
3,0,0
4,4,0
5,3,1
6,5,0
7,6,0
8,6,0
9,7,0
10,13,0
11,16,0
12,22,0
13,16,0
14,38,0
15,26,1
16,36,2
17,53,5
18,53,3
19,57,2
20,78,8
21,99,6
22,119,7
23,128,11
24,169,14
25,199,7
26,220,13
27,305,22
28,374,26
29,427,27
30,522,33
31,579,20
32,699,29
33,901,41
34,1042,60
35,1288,53
36,1552,71
37,1789,112
38,2093,116
39,2525,151
40,3116,152
41,3590,188
42,4332,224
43,5269,294
44,6179,344
45,7369,374
46,8829,490
47,10364,557
48,12290,716
49,14920,776
50,17831,876
51,21365,1159
52,25255,1346
53,30207,1503
54,36673,1901
55,43260,2273
56,49950,2623
57,52002,2888
58,46279,2764
59,36427,2443
60,25210,2059
61,15869,1541
62,9230,996
63,5042,645
64,2526,428
65,1252,243
66,592,140
67,257,94
68,145,52
69,51,18
70,26,16
71,15,6
72,3,7
