1,1,0
2,0,0
3,0,0
4,1,0
5,4,0
6,0,0
7,2,0
8,1,0
9,3,0
10,1,0
11,2,0
12,2,1
13,5,0
14,3,0
15,2,1
16,4,1
17,4,0
18,3,2
19,0,0
20,7,0
21,4,0
22,4,0
23,8,0
24,10,0
25,6,1
26,14,0
27,10,1
28,5,0
29,11,2
30,13,0
31,12,3
32,16,0
33,10,3
34,17,3
35,13,3
36,23,1
37,21,1
38,24,2
39,33,0
40,27,5
41,38,7
42,44,4
43,48,6
44,58,3
45,51,8
46,62,9
47,60,6
48,70,7
49,98,3
50,83,6
51,95,7
52,134,8
53,144,10
54,185,2
55,192,12
56,217,11
57,257,13
58,359,24
59,366,20
60,483,31
61,581,25
62,713,38
63,904,46
64,963,42
65,1245,57
66,1466,66
67,1766,100
68,2136,118
69,2547,129
70,3017,158
71,3696,194
72,4549,212
