1,1,0
2,0,0
3,0,0
4,0,0
5,2,0
6,8,0
7,3,0
8,1,0
9,2,1
10,2,1
11,4,1
12,7,1
13,13,1
14,12,0
15,22,0
16,19,0
17,52,1
18,44,3
19,62,0
20,74,2
21,74,6
22,88,3
23,105,5
24,153,6
25,165,10
26,212,3
27,241,10
28,275,17
29,356,17
30,365,22
31,502,26
32,629,44
33,733,37
34,954,49
35,1001,60
36,1285,65
37,1470,84
38,1701,82
39,1967,105
40,2385,144
41,2862,159
42,3294,170
43,4052,208
44,4802,269
45,5761,325
46,6839,401
47,8155,408
48,9691,476
49,11679,582
50,13807,754
51,16506,855
52,20106,1054
53,23698,1308
54,28161,1438
55,33767,1738
56,40613,2166
57,47652,2531
58,52578,2735
59,49747,2927
60,41454,2696
61,30041,2217
62,19352,1701
63,11687,1185
64,6715,854
65,3361,546
66,1776,318
67,790,186
68,385,101
69,174,51
70,65,25
71,22,24
72,2,10
73,6,2
74,5,1
75,2,0
76,0,1
77,0,1
78,0,0
79,0,0
80,0,0
81,0,0
82,0,0
83,0,0
84,0,0
85,0,0
86,0,0
87,0,0
88,0,0
89,0,0
90,0,0
91,0,0
92,0,0
93,0,0
94,0,0
95,0,0
96,0,0
97,0,0
98,0,0
99,0,0
100,0,0
101,0,0
102,0,0
103,0,0
104,0,0
105,0,0
106,0,0
107,0,0
108,0,0
109,0,0
110,0,0
111,0,0
112,0,0
113,0,0
114,0,0
115,0,0
116,0,0
117,0,0
118,0,0
119,0,0
120,0,0
121,0,0
122,0,0
123,0,0
124,0,0
