1,1,0
2,0,0
3,0,0
4,0,0
5,5,0
6,4,0
7,13,0
8,6,1
9,7,0
10,9,1
11,5,1
12,6,1
13,7,0
14,4,1
15,6,0
16,1,1
17,3,1
18,5,1
19,5,0
20,5,0
21,11,1
22,11,2
23,7,1
24,10,1
25,5,1
26,6,1
27,11,0
28,6,0
29,9,0
30,11,0
31,11,0
32,7,2
33,16,3
34,13,0
35,13,1
36,19,3
37,40,2
38,46,2
39,63,1
40,61,2
41,102,3
42,113,3
43,150,5
44,144,8
45,162,6
46,216,7
47,242,16
48,310,13
49,383,28
50,472,15
51,560,33
52,674,24
53,832,33
54,1021,54
55,1177,59
56,1452,59
57,1777,86
58,2127,88
59,2375,125
60,2908,151
61,3324,167
62,4062,224
63,4815,258
64,5689,319
65,7019,410
66,8333,427
67,9988,533
68,11930,593
69,14607,687
70,17463,868
71,20687,1005
72,24801,1255
73,28863,1522
74,34547,1909
75,41476,2191
76,49030,2545
77,52817,2853
78,49717,2844
79,40577,2713
80,28889,2188
81,18622,1666
82,11077,1147
83,6073,778
84,3251,494
85,1675,275
86,783,173
87,380,89
88,147,48
89,73,31
90,32,9
91,10,11
92,4,6
93,1,1
94,0,0
95,0,0
96,0,0
97,0,0
98,0,0
99,0,0
100,0,0
101,0,0
102,0,0
103,0,0
104,0,0
105,0,0
106,0,0
107,0,0
108,0,0
109,0,0
110,0,0
111,0,0
112,0,0
113,0,0
114,0,0
115,0,0
116,0,0
117,0,0
118,0,0
119,0,0
120,0,0
121,0,0
122,0,0
123,0,0
124,0,0
