1,1,0
2,0,0
3,0,0
4,3,0
5,4,0
6,6,0
7,7,0
8,6,0
9,6,0
10,19,1
11,14,3
12,14,0
13,26,1
14,22,0
15,20,0
16,39,1
17,37,3
18,38,2
19,46,3
20,64,4
21,91,3
22,110,1
23,115,3
24,100,5
25,134,8
26,213,12
27,253,17
28,342,14
29,422,23
30,477,20
31,604,21
32,740,36
33,873,42
34,1050,44
35,1233,46
36,1424,88
37,1803,85
38,2170,106
39,2580,135
40,2974,173
41,3713,190
42,4445,218
43,5138,246
44,6290,311
45,7524,347
46,8919,464
47,10742,521
48,12987,625
49,15614,797
50,18481,968
51,21855,1076
52,25970,1415
53,31345,1615
54,37762,1934
55,45342,2319
56,51671,2705
57,53308,2994
58,47095,2769
59,36404,2521
60,24956,1954
61,15361,1452
62,8915,980
63,4846,645
64,2435,432
65,1188,229
66,591,127
67,268,77
68,115,53
69,52,31
70,30,14
71,11,8
72,3,3
73,2,2
74,2,0
75,0,0
76,0,1
77,0,0
78,0,0
79,0,0
80,0,0
81,0,0
82,0,0
83,0,0
84,0,0
85,0,0
86,0,0
87,0,0
88,0,0
89,0,0
90,0,0
91,0,0
92,0,0
93,0,0
94,0,0
95,0,0
96,0,0
97,0,0
98,0,0
99,0,0
100,0,0
101,0,0
102,0,0
103,0,0
104,0,0
105,0,0
106,0,0
107,0,0
108,0,0
109,0,0
110,0,0
111,0,0
112,0,0
113,0,0
114,0,0
115,0,0
116,0,0
117,0,0
118,0,0
119,0,0
120,0,0
121,0,0
122,0,0
123,0,0
124,0,0
