1,1,0
2,0,0
3,0,0
4,0,0
5,1,0
6,0,0
7,2,0
8,0,0
9,3,0
10,4,0
11,2,0
12,4,0
13,6,0
14,9,0
15,3,1
16,6,0
17,5,1
18,3,3
19,3,1
20,1,1
21,3,1
22,2,0
23,1,0
24,0,0
25,0,0
26,3,0
27,2,0
28,0,0
29,1,0
30,2,0
31,0,1
32,3,0
33,2,0
34,1,0
35,4,0
36,4,0
37,4,1
38,3,2
39,5,0
40,1,1
41,5,0
42,5,1
43,5,0
44,5,0
45,13,0
46,6,0
47,15,0
48,15,0
49,36,2
50,24,1
51,34,2
52,35,3
53,60,4
54,50,3
55,60,5
56,80,3
57,92,4
58,118,5
59,146,6
60,191,10
61,231,11
62,328,10
63,339,13
64,438,19
65,516,20
66,644,38
67,736,30
68,841,49
69,968,63
70,1294,56
71,1544,76
72,1740,86
73,2043,106
74,2602,145
75,3073,168
76,3597,187
77,4173,220
78,5093,290
79,6220,320
80,7316,372
81,8711,487
82,10445,479
83,12694,644
84,15219,745
85,18451,910
86,22243,1148
87,26623,1368
88,31863,1559
89,37962,1911
90,45320,2378
91,51739,2672
92,53258,2916
93,47626,2949
94,36540,2511
95,24842,1984
96,15933,1464
97,9081,987
98,4955,656
99,2550,401
100,1249,272
101,590,159
102,244,89
103,110,39
104,52,20
105,17,7
106,14,9
107,3,0
108,0,1
109,2,2
110,0,0
111,0,0
112,0,0
113,0,0
114,0,0
115,0,0
116,0,0
117,0,0
118,0,0
119,0,0
120,0,0
121,0,0
122,0,0
123,0,0
124,0,0
