1,1,0
2,0,0
3,0,0
4,3,0
5,3,0
6,7,0
7,4,0
8,11,0
9,9,1
10,11,1
11,20,1
12,17,0
13,22,0
14,29,1
15,22,1
16,43,3
17,42,2
18,57,4
19,67,0
20,75,4
21,86,5
22,88,13
23,122,3
24,166,9
25,153,12
26,212,8
27,277,8
28,309,17
29,350,20
30,435,24
31,499,23
32,621,39
33,743,36
34,874,44
35,1071,59
36,1172,63
37,1441,78
38,1763,98
39,2240,124
40,2700,135
41,3205,163
42,3746,201
43,4452,241
44,5159,259
45,6172,317
46,7415,397
47,8967,455
48,10761,576
49,12858,680
50,15406,820
51,18404,917
52,22188,1148
53,26272,1376
54,31472,1583
55,37887,1975
56,45547,2316
57,52223,2828
58,53026,2888
59,46472,2798
60,35724,2455
61,24043,1922
62,15180,1406
63,8563,953
64,4614,603
65,2311,401
66,1231,229
67,561,115
68,230,72
69,97,26
70,46,10
71,19,13
72,5,5
73,4,5
74,1,1
75,0,0
76,0,0
77,0,0
78,0,0
79,0,0
80,0,0
81,0,0
82,0,0
83,0,0
84,0,0
85,0,0
86,0,0
87,0,0
88,0,0
89,0,0
90,0,0
91,0,0
92,0,0
93,0,0
94,0,0
95,0,0
96,0,0
97,0,0
98,0,0
99,0,0
100,0,0
101,0,0
102,0,0
103,0,0
104,0,0
105,0,0
106,0,0
107,0,0
108,0,0
109,0,0
110,0,0
111,0,0
112,0,0
113,0,0
114,0,0
115,0,0
116,0,0
117,0,0
118,0,0
119,0,0
120,0,0
121,0,0
122,0,0
123,0,0
124,0,0
