1,1,0
2,0,0
3,0,0
4,1,0
5,1,0
6,3,0
7,1,0
8,1,0
9,0,0
10,1,0
11,1,0
12,1,0
13,0,0
14,1,0
15,0,0
16,0,1
17,2,0
18,1,0
19,1,0
20,2,0
21,4,0
22,6,0
23,12,0
24,18,0
25,18,0
26,16,1
27,34,2
28,25,0
29,35,2
30,58,3
31,55,0
32,86,6
33,101,7
34,105,5
35,152,9
36,181,5
37,198,5
38,245,14
39,296,12
40,363,12
41,404,28
42,486,25
43,593,29
44,722,36
45,908,40
46,1131,62
47,1244,64
48,1549,73
49,1846,101
50,2168,107
51,2593,136
52,3010,159
53,3726,218
54,4325,223
55,5225,268
56,6154,325
57,7305,403
58,8712,490
59,10180,599
60,12264,679
61,14477,777
62,17167,924
63,20344,1104
64,24710,1286
65,29242,1545
66,35169,1745
67,41978,2255
68,48843,2609
69,51736,2793
70,47095,2772
71,37319,2438
72,26495,2053
73,16767,1639
74,9694,998
75,5404,727
76,2728,408
77,1267,261
78,643,155
79,300,99
80,137,51
81,54,32
82,25,15
83,11,7
84,5,2
85,2,1
86,0,1
87,1,0
88,0,1
89,0,0
90,0,0
91,0,0
92,0,0
93,0,0
94,0,0
95,0,0
96,0,0
97,0,0
98,0,0
99,0,0
100,0,0
101,0,0
102,0,0
103,0,0
104,0,0
105,0,0
106,0,0
107,0,0
108,0,0
109,0,0
110,0,0
111,0,0
112,0,0
113,0,0
114,0,0
115,0,0
116,0,0
117,0,0
118,0,0
119,0,0
120,0,0
121,0,0
122,0,0
123,0,0
124,0,0
