1,1,0
2,0,0
3,0,0
4,1,0
5,6,0
6,3,0
7,1,0
8,3,0
9,3,0
10,3,0
11,13,0
12,5,0
13,7,1
14,10,0
15,9,0
16,13,0
17,16,0
18,36,1
19,36,3
20,37,2
21,51,1
22,42,1
23,60,4
24,62,5
25,60,5
26,74,6
27,102,7
28,96,6
29,115,4
30,134,4
31,212,5
32,281,11
33,270,16
34,341,11
35,400,34
36,505,26
37,613,34
38,692,32
39,875,46
40,986,63
41,1155,67
42,1424,61
43,1735,89
44,2139,111
45,2454,117
46,2951,144
47,3525,199
48,4195,221
49,5023,257
50,6136,326
51,7252,382
52,8758,445
53,10243,532
54,12304,637
55,14696,760
56,17525,892
57,20726,1112
58,25460,1266
59,29916,1570
60,35974,1826
61,42871,2238
62,49416,2643
63,52189,2835
64,47719,2836
65,37654,2608
66,26558,2059
67,16759,1569
68,9932,1059
69,5373,739
70,2844,477
71,1406,265
72,679,164
73,299,91
74,140,48
75,73,38
76,27,16
77,11,7
78,6,4
79,0,1
80,0,2
81,0,1
82,1,0
83,0,0
84,0,0
85,0,0
86,0,0
87,0,0
88,0,0
89,0,0
90,0,0
91,0,0
92,0,0
93,0,0
94,0,0
95,0,0
96,0,0
97,0,0
98,0,0
99,0,0
100,0,0
101,0,0
102,0,0
103,0,0
104,0,0
105,0,0
106,0,0
107,0,0
108,0,0
109,0,0
110,0,0
111,0,0
112,0,0
113,0,0
114,0,0
115,0,0
116,0,0
117,0,0
118,0,0
119,0,0
120,0,0
121,0,0
122,0,0
123,0,0
124,0,0
