1,1,0
2,0,0
3,2,0
4,0,0
5,4,0
6,6,0
7,6,0
8,5,0
9,2,0
10,6,1
11,12,0
12,14,0
13,17,4
14,7,1
15,6,1
16,19,1
17,18,1
18,22,4
19,33,2
20,33,2
21,39,1
22,44,1
23,45,5
24,43,4
25,74,4
26,79,2
27,82,6
28,104,4
29,100,8
30,116,4
31,138,10
32,172,13
33,203,12
34,251,10
35,293,20
36,388,20
37,475,16
38,550,24
39,697,36
40,807,47
41,1007,49
42,1203,63
43,1432,69
44,1725,84
45,2190,92
46,2459,124
47,3088,159
48,3795,196
49,4442,241
50,5397,247
51,6330,339
52,7822,374
53,9336,464
54,11217,580
55,13153,692
56,15624,790
57,18585,981
58,22509,1136
59,26920,1445
60,31991,1707
61,38369,1976
62,46038,2291
63,52864,2782
64,53628,2914
65,46752,2799
66,36073,2425
67,24421,1886
68,15211,1386
69,8679,1027
70,4751,665
71,2448,386
72,1183,238
73,541,142
74,228,88
75,85,33
76,57,19
77,14,13
78,14,7
79,4,3
80,5,3
81,1,1
82,0,1
83,0,0
84,0,0
85,0,0
86,0,0
87,0,0
88,0,0
89,0,0
90,0,0
91,0,0
92,0,0
93,0,0
94,0,0
95,0,0
96,0,0
97,0,0
98,0,0
99,0,0
100,0,0
101,0,0
102,0,0
103,0,0
104,0,0
105,0,0
106,0,0
107,0,0
108,0,0
109,0,0
110,0,0
111,0,0
112,0,0
113,0,0
114,0,0
115,0,0
116,0,0
117,0,0
118,0,0
119,0,0
120,0,0
121,0,0
122,0,0
123,0,0
124,0,0
