1,1,0
2,0,0
3,0,0
4,0,0
5,1,0
6,0,0
7,0,0
8,0,0
9,2,0
10,1,0
11,0,0
12,1,0
13,3,0
14,5,0
15,1,0
16,4,0
17,1,0
18,0,0
19,2,0
20,0,0
21,2,0
22,2,0
23,7,0
24,2,0
25,5,0
26,8,0
27,16,0
28,16,1
29,29,0
30,32,1
31,32,2
32,46,2
33,42,1
34,69,1
35,97,4
36,103,9
37,108,1
38,155,4
39,147,7
40,157,5
41,187,23
42,204,19
43,257,20
44,282,23
45,372,27
46,439,22
47,486,34
48,597,31
49,682,29
50,882,45
51,938,56
52,1116,57
53,1444,74
54,1698,101
55,2098,105
56,2523,134
57,2945,153
58,3488,165
59,4360,184
60,5088,247
61,6078,318
62,7297,388
63,8808,434
64,10440,517
65,12532,678
66,14629,772
67,17571,917
68,20997,1118
69,25549,1349
70,30116,1578
71,36032,1885
72,42750,2196
73,49673,2647
74,52674,2870
75,48337,2829
76,38510,2576
77,26973,2003
78,17032,1545
79,9945,1046
80,5484,696
81,2848,438
82,1389,275
83,627,162
84,278,90
85,156,47
86,67,23
87,13,11
88,6,3
89,4,7
90,3,2
91,3,0
92,1,0
93,0,1
94,0,0
95,0,0
96,0,0
97,0,0
98,0,0
99,0,0
100,0,0
101,0,0
102,0,0
103,0,0
104,0,0
105,0,0
106,0,0
107,0,0
108,0,0
109,0,0
110,0,0
111,0,0
112,0,0
113,0,0
114,0,0
115,0,0
116,0,0
117,0,0
118,0,0
119,0,0
120,0,0
121,0,0
122,0,0
123,0,0
124,0,0
