1,1,0
2,0,0
3,0,0
4,3,0
5,3,0
6,10,1
7,8,0
8,13,1
9,14,0
10,14,0
11,20,4
12,27,0
13,17,0
14,20,4
15,30,2
16,20,6
17,28,2
18,40,1
19,39,2
20,58,3
21,71,4
22,95,1
23,107,4
24,148,9
25,189,9
26,197,15
27,265,8
28,312,17
29,354,24
30,450,17
31,493,27
32,634,29
33,817,49
34,945,51
35,1197,52
36,1423,67
37,1626,78
38,2037,103
39,2520,120
40,2975,145
41,3491,174
42,4273,213
43,5091,260
44,6013,293
45,7218,357
46,8611,483
47,10390,536
48,12414,664
49,14950,784
50,17805,910
51,21221,1072
52,25370,1238
53,30079,1510
54,36559,1900
55,43745,2278
56,50963,2665
57,53316,2862
58,48434,2812
59,38823,2561
60,26892,2094
61,17222,1588
62,10101,1079
63,5493,685
64,2792,480
65,1407,274
66,648,147
67,294,87
68,137,60
69,69,31
70,27,12
71,11,8
72,4,4
73,2,4
74,0,1
75,0,0
76,0,0
77,0,0
78,0,0
79,0,0
80,0,0
81,0,0
82,0,0
83,0,0
84,0,0
85,0,0
86,0,0
87,0,0
88,0,0
89,0,0
90,0,0
91,0,0
92,0,0
93,0,0
94,0,0
95,0,0
96,0,0
97,0,0
98,0,0
99,0,0
100,0,0
101,0,0
102,0,0
103,0,0
104,0,0
105,0,0
106,0,0
107,0,0
108,0,0
109,0,0
110,0,0
111,0,0
112,0,0
113,0,0
114,0,0
115,0,0
116,0,0
117,0,0
118,0,0
119,0,0
120,0,0
121,0,0
122,0,0
123,0,0
124,0,0
