1,1,0
2,0,0
3,0,0
4,1,0
5,2,0
6,4,0
7,1,0
8,1,0
9,2,0
10,3,1
11,3,0
12,0,0
13,6,0
14,6,1
15,5,1
16,13,1
17,16,0
18,21,0
19,28,1
20,32,0
21,39,4
22,35,2
23,52,1
24,56,3
25,79,4
26,84,7
27,106,3
28,126,6
29,128,11
30,149,7
31,175,13
32,209,8
33,269,10
34,305,17
35,396,25
36,418,15
37,579,26
38,638,34
39,803,46
40,980,49
41,1118,53
42,1418,69
43,1618,80
44,1862,95
45,2331,102
46,2859,138
47,3432,183
48,4096,197
49,4843,236
50,5885,298
51,7100,365
52,8289,452
53,10142,546
54,12078,584
55,14555,733
56,17512,883
57,21090,1048
58,25321,1367
59,30201,1588
60,36023,1803
61,43221,2208
62,50767,2609
63,53549,2963
64,49099,2829
65,38729,2523
66,27440,2042
67,17182,1608
68,10225,1143
69,5562,699
70,2849,414
71,1405,261
72,718,160
73,307,88
74,133,52
75,71,24
76,32,25
77,10,8
78,4,6
79,0,4
80,0,0
81,0,0
82,0,0
83,0,0
84,0,0
85,0,0
86,0,0
87,0,0
88,0,0
89,0,0
90,0,0
91,0,0
92,0,0
93,0,0
94,0,0
95,0,0
96,0,0
97,0,0
98,0,0
99,0,0
100,0,0
101,0,0
102,0,0
103,0,0
104,0,0
105,0,0
106,0,0
107,0,0
108,0,0
109,0,0
110,0,0
111,0,0
112,0,0
113,0,0
114,0,0
115,0,0
116,0,0
117,0,0
118,0,0
119,0,0
120,0,0
121,0,0
122,0,0
123,0,0
124,0,0
