1,1,0
2,0,0
3,0,0
4,3,0
5,4,0
6,7,0
7,7,1
8,17,0
9,23,0
10,36,0
11,31,1
12,45,0
13,48,1
14,49,3
15,52,5
16,49,3
17,60,9
18,86,6
19,107,5
20,112,9
21,124,6
22,183,10
23,217,8
24,268,18
25,284,10
26,366,24
27,465,26
28,502,30
29,636,23
30,734,40
31,822,53
32,965,55
33,1122,62
34,1383,93
35,1585,96
36,1876,103
37,2232,108
38,2686,151
39,3128,193
40,3822,184
41,4508,229
42,5120,315
43,6433,327
44,7850,391
45,9481,439
46,10986,578
47,13234,678
48,15777,790
49,18969,957
50,22639,1161
51,26663,1430
52,31867,1676
53,38041,1991
54,45457,2393
55,50645,2774
56,50467,2943
57,43220,2729
58,33110,2411
59,21682,1811
60,13667,1354
61,7778,906
62,4241,573
63,2070,404
64,1045,228
65,487,122
66,230,73
67,114,33
68,43,22
69,15,15
70,5,5
71,7,2
72,2,0
73,0,1
74,0,0
75,0,1
76,0,0
77,0,0
78,0,0
79,0,0
80,0,0
81,0,0
82,0,0
83,0,0
84,0,0
85,0,0
86,0,0
87,0,0
88,0,0
89,0,0
90,0,0
91,0,0
92,0,0
93,0,0
94,0,0
95,0,0
96,0,0
97,0,0
98,0,0
99,0,0
100,0,0
101,0,0
102,0,0
103,0,0
104,0,0
105,0,0
106,0,0
107,0,0
108,0,0
109,0,0
110,0,0
111,0,0
112,0,0
113,0,0
114,0,0
115,0,0
116,0,0
117,0,0
118,0,0
119,0,0
120,0,0
121,0,0
122,0,0
123,0,0
124,0,0
