1,1,0
2,0,0
3,0,0
4,1,0
5,2,0
6,2,0
7,2,0
8,0,0
9,1,0
10,6,0
11,2,0
12,1,1
13,8,0
14,4,0
15,6,0
16,5,0
17,7,2
18,19,0
19,11,1
20,14,1
21,17,1
22,16,1
23,21,0
24,29,2
25,37,1
26,44,3
27,73,3
28,76,3
29,85,0
30,90,5
31,102,9
32,136,3
33,163,13
34,209,7
35,225,5
36,279,13
37,310,12
38,397,23
39,502,24
40,552,32
41,707,42
42,880,37
43,1007,48
44,1249,62
45,1468,77
46,1754,87
47,2097,105
48,2555,122
49,2998,163
50,3564,178
51,4392,218
52,5294,281
53,6233,263
54,7552,356
55,9303,475
56,10793,576
57,12972,679
58,15633,789
59,18624,990
60,22108,1139
61,25972,1384
62,31277,1638
63,37670,2031
64,44818,2326
65,51894,2799
66,52600,2877
67,46571,2851
68,35580,2478
69,24198,1981
70,15193,1475
71,8761,1017
72,4699,630
73,2442,399
74,1175,243
75,559,119
76,291,75
77,118,38
78,56,14
79,18,20
80,5,5
81,3,5
82,1,1
83,1,2
84,0,0
85,0,1
86,0,0
87,0,0
88,0,0
89,0,0
90,0,0
91,0,0
92,0,0
93,0,0
94,0,0
95,0,0
96,0,0
97,0,0
98,0,0
99,0,0
100,0,0
101,0,0
102,0,0
103,0,0
104,0,0
105,0,0
106,0,0
107,0,0
108,0,0
109,0,0
110,0,0
111,0,0
112,0,0
113,0,0
114,0,0
115,0,0
116,0,0
117,0,0
118,0,0
119,0,0
120,0,0
121,0,0
122,0,0
123,0,0
124,0,0
