1,1,0
2,0,0
3,1,0
4,1,0
5,0,0
6,1,0
7,0,0
8,4,0
9,3,0
10,6,0
11,4,0
12,6,0
13,4,0
14,4,0
15,4,0
16,5,1
17,11,0
18,13,1
19,20,3
20,13,0
21,15,2
22,6,1
23,9,1
24,11,2
25,11,1
26,9,2
27,4,4
28,8,4
29,16,1
30,27,2
31,33,0
32,54,0
33,59,2
34,63,3
35,82,4
36,78,5
37,77,2
38,95,7
39,120,4
40,136,7
41,153,9
42,169,17
43,226,12
44,221,18
45,361,18
46,383,20
47,476,27
48,558,19
49,672,38
50,926,40
51,1120,46
52,1331,58
53,1579,65
54,1818,90
55,2317,106
56,2740,137
57,3312,148
58,3958,195
59,4678,230
60,5542,296
61,6875,347
62,8199,410
63,9946,548
64,11461,612
65,13774,711
66,16384,806
67,19264,1018
68,22833,1215
69,27636,1474
70,33154,1741
71,39447,2005
72,46813,2555
73,51409,2716
74,50186,2950
75,41987,2615
76,31240,2263
77,20523,1736
78,12449,1235
79,6988,815
80,3720,516
81,1871,347
82,888,209
83,409,102
84,190,63
85,79,34
86,37,21
87,16,13
88,7,5
89,3,2
90,1,2
91,0,0
92,1,0
93,0,0
94,0,0
95,0,0
96,0,0
97,0,0
98,0,0
99,0,0
100,0,0
101,0,0
102,0,0
103,0,0
104,0,0
105,0,0
106,0,0
107,0,0
108,0,0
109,0,0
110,0,0
111,0,0
112,0,0
113,0,0
114,0,0
115,0,0
116,0,0
117,0,0
118,0,0
119,0,0
120,0,0
121,0,0
122,0,0
123,0,0
124,0,0
