1,1,0
2,0,0
3,0,0
4,0,0
5,1,0
6,0,0
7,0,0
8,3,0
9,0,0
10,0,0
11,0,0
12,3,0
13,1,0
14,2,0
15,6,0
16,7,0
17,6,0
18,15,0
19,20,1
20,9,1
21,32,1
22,37,1
23,46,4
24,40,1
25,94,4
26,76,6
27,112,3
28,111,5
29,124,9
30,144,12
31,188,7
32,216,11
33,266,16
34,331,15
35,382,19
36,472,27
37,601,36
38,671,30
39,835,25
40,954,48
41,1117,68
42,1295,74
43,1596,88
44,1949,95
45,2226,105
46,2676,147
47,3178,186
48,4015,206
49,4847,257
50,5978,294
51,7051,335
52,8434,442
53,10302,501
54,12408,650
55,14621,703
56,17512,914
57,21163,1113
58,25189,1303
59,30409,1552
60,36395,1924
61,42807,2200
62,50124,2634
63,52843,2868
64,48443,2855
65,38379,2600
66,26811,2061
67,17298,1589
68,9940,1033
69,5527,679
70,2925,425
71,1406,286
72,680,175
73,342,99
74,127,61
75,46,23
76,28,15
77,8,5
78,1,2
79,1,2
80,0,1
81,0,0
82,1,0
83,0,1
84,0,0
85,0,0
86,0,0
87,0,0
88,0,0
89,0,0
90,0,0
91,0,0
92,0,0
93,0,0
94,0,0
95,0,0
96,0,0
97,0,0
98,0,0
99,0,0
100,0,0
101,0,0
102,0,0
103,0,0
104,0,0
105,0,0
106,0,0
107,0,0
