1,1,0
2,0,0
3,2,0
4,3,0
5,1,0
6,6,0
7,8,0
8,4,0
9,11,0
10,8,0
11,15,1
12,11,1
13,18,2
14,20,1
15,17,2
16,21,0
17,28,1
18,32,1
19,36,2
20,42,3
21,28,3
22,40,3
23,63,4
24,53,7
25,73,5
26,87,6
27,81,5
28,113,6
29,106,7
30,107,12
31,163,10
32,201,13
33,244,13
34,249,19
35,334,20
36,446,25
37,504,23
38,615,37
39,687,32
40,837,42
41,1012,54
42,1240,55
43,1424,66
44,1719,99
45,2185,124
46,2505,115
47,2988,164
48,3541,177
49,4046,234
50,4809,267
51,5967,323
52,6960,373
53,8193,463
54,9899,529
55,11796,605
56,14017,731
57,16861,864
58,19903,1064
59,23521,1278
60,28509,1448
61,34155,1737
62,40770,2068
63,47935,2461
64,52394,2792
65,49975,2851
66,41313,2623
67,30045,2192
68,19628,1717
69,11828,1202
70,6582,834
71,3507,500
72,1739,303
73,834,195
74,420,115
75,192,43
76,80,27
77,25,12
78,15,15
79,9,3
80,4,4
81,0,3
82,0,0
83,0,0
84,0,1
85,0,0
86,0,0
87,0,0
88,0,0
89,0,0
90,0,0
91,0,0
92,0,0
93,0,0
94,0,0
95,0,0
96,0,0
97,0,0
98,0,0
99,0,0
100,0,0
101,0,0
102,0,0
103,0,0
104,0,0
105,0,0
106,0,0
107,0,0
