1,1,0
2,0,0
3,0,0
4,0,0
5,0,0
6,4,0
7,4,0
8,0,0
9,2,0
10,2,0
11,2,0
12,1,0
13,2,0
14,2,0
15,2,0
16,3,0
17,6,1
18,7,0
19,5,1
20,3,1
21,5,0
22,6,0
23,7,2
24,9,0
25,15,0
26,23,0
27,41,2
28,40,1
29,48,1
30,100,4
31,75,3
32,107,8
33,132,4
34,145,3
35,226,7
36,240,15
37,308,18
38,374,20
39,441,20
40,510,21
41,603,27
42,761,30
43,868,46
44,1037,50
45,1296,60
46,1527,67
47,1809,97
48,2175,127
49,2635,129
50,3109,138
51,3550,185
52,4342,212
53,5148,353
54,6062,341
55,7354,391
56,8858,452
57,10155,521
58,12005,669
59,14623,770
60,17527,923
61,20714,1132
62,24923,1306
63,29400,1537
64,35058,1828
65,42255,2217
66,48906,2549
67,51327,2790
68,46723,2840
69,36797,2513
70,25984,2071
71,16323,1526
72,9452,1072
73,5267,699
74,2738,471
75,1325,249
76,593,145
77,270,103
78,142,51
79,62,26
80,24,10
81,13,9
82,3,2
83,2,2
84,0,1
85,0,0
86,0,0
87,0,0
88,0,0
89,0,0
90,0,0
91,0,0
92,0,0
93,0,0
94,0,0
95,0,0
96,0,0
97,0,0
98,0,0
99,0,0
100,0,0
101,0,0
102,0,0
103,0,0
104,0,0
105,0,0
106,0,0
107,0,0
