1,1,0
2,0,0
3,0,0
4,1,0
5,0,0
6,1,1
7,2,0
8,3,0
9,3,0
10,2,0
11,4,0
12,2,1
13,5,1
14,8,0
15,10,0
16,7,1
17,4,2
18,9,0
19,6,0
20,9,1
21,14,0
22,12,1
23,21,2
24,19,0
25,19,1
26,28,0
27,38,2
28,48,1
29,43,4
30,44,4
31,47,1
32,54,2
33,65,2
34,67,6
35,88,6
36,81,5
37,93,7
38,127,6
39,150,5
40,220,13
41,209,7
42,269,25
43,330,13
44,363,20
45,383,19
46,480,33
47,536,31
48,682,34
49,809,45
50,919,65
51,1201,60
52,1322,72
53,1522,98
54,1886,115
55,2274,123
56,2698,155
57,3300,177
58,3825,196
59,4629,251
60,5334,283
61,6682,325
62,7911,434
63,9574,476
64,11390,614
65,13423,684
66,16203,808
67,19265,1029
68,23254,1184
69,27480,1436
70,33370,1676
71,39811,2048
72,47732,2430
73,52547,2712
74,51201,2916
75,42700,2653
76,31413,2292
77,20612,1820
78,12411,1249
79,6988,865
80,3764,486
81,1875,321
82,893,189
83,430,109
84,182,65
85,82,40
86,37,14
87,15,10
88,5,0
89,2,1
90,2,2
91,1,0
92,0,0
93,0,0
94,0,0
95,0,0
96,0,0
97,0,0
98,0,0
99,0,0
100,0,0
101,0,0
102,0,0
103,0,0
104,0,0
105,0,0
106,0,0
107,0,0
