1,1,0
2,0,0
3,0,0
4,0,0
5,0,0
6,2,0
7,1,0
8,1,0
9,2,0
10,1,0
11,1,0
12,1,0
13,1,0
14,0,0
15,0,0
16,1,0
17,0,0
18,1,0
19,2,0
20,0,0
21,0,0
22,1,0
23,2,1
24,7,0
25,2,0
26,5,0
27,2,0
28,6,0
29,5,0
30,4,0
31,2,1
32,5,1
33,4,0
34,7,1
35,3,0
36,11,0
37,11,0
38,19,0
39,31,0
40,47,1
41,64,2
42,54,1
43,70,1
44,70,4
45,77,6
46,87,8
47,102,5
48,139,12
49,144,10
50,203,14
51,247,12
52,304,14
53,371,16
54,413,15
55,464,25
56,576,22
57,654,32
58,847,42
59,947,50
60,1158,53
61,1431,79
62,1643,92
63,2010,105
64,2408,115
65,2863,150
66,3548,178
67,4079,219
68,4827,255
69,5898,298
70,7156,307
71,8673,393
72,10412,538
73,12524,634
74,14680,775
75,17942,893
76,20976,1044
77,24861,1273
78,29917,1520
79,36244,1819
80,43296,2247
81,50488,2632
82,53957,2806
83,50065,2885
84,40279,2653
85,28426,2136
86,18151,1707
87,10612,1103
88,6033,757
89,3165,423
90,1515,265
91,723,163
92,354,99
93,138,62
94,64,31
95,35,10
96,11,11
97,5,3
98,1,2
99,0,0
100,2,1
101,0,0
102,0,0
103,0,0
104,0,0
105,0,0
106,0,0
107,0,0
