1,1,0
2,0,0
3,0,0
4,0,0
5,1,0
6,0,0
7,1,0
8,0,0
9,1,0
10,3,0
11,4,0
12,3,0
13,5,0
14,12,1
15,17,0
16,12,1
17,21,1
18,30,2
19,33,1
20,54,0
21,65,3
22,51,3
23,87,1
24,136,6
25,166,8
26,176,5
27,224,7
28,336,10
29,328,15
30,398,20
31,502,28
32,605,31
33,770,28
34,930,39
35,1031,56
36,1235,68
37,1404,78
38,1755,94
39,2005,119
40,2374,142
41,2934,150
42,3462,186
43,4244,214
44,5057,251
45,5869,294
46,7224,362
47,8629,419
48,10487,530
49,12485,638
50,14734,831
51,17713,843
52,21180,1081
53,25436,1240
54,30419,1587
55,36809,1899
56,43521,2324
57,50114,2740
58,51869,2889
59,46889,2869
60,36580,2503
61,25117,1962
62,15786,1439
63,9283,1038
64,4976,661
65,2616,457
66,1248,254
67,623,132
68,276,66
69,109,53
70,57,24
71,20,14
72,4,4
73,4,4
74,0,1
75,0,0
76,0,0
77,0,0
78,0,0
79,0,0
80,0,0
81,0,0
82,0,0
83,0,0
84,0,0
85,0,0
86,0,0
87,0,0
88,0,0
89,0,0
90,0,0
91,0,0
92,0,0
93,0,0
94,0,0
95,0,0
96,0,0
97,0,0
98,0,0
99,0,0
100,0,0
101,0,0
102,0,0
103,0,0
104,0,0
105,0,0
106,0,0
107,0,0
