1,1,0
2,0,0
3,0,0
4,2,0
5,2,0
6,2,0
7,2,0
8,5,0
9,4,0
10,6,0
11,6,1
12,9,0
13,8,1
14,17,1
15,21,2
16,10,0
17,26,1
18,29,1
19,46,0
20,33,4
21,40,3
22,38,2
23,59,4
24,72,6
25,71,4
26,94,7
27,100,10
28,111,11
29,134,12
30,152,11
31,212,11
32,244,9
33,245,16
34,335,19
35,375,16
36,449,25
37,544,41
38,700,39
39,808,47
40,897,36
41,1152,64
42,1389,67
43,1688,72
44,2111,97
45,2338,100
46,2898,163
47,3392,171
48,4003,218
49,4757,260
50,5751,333
51,6561,355
52,7636,424
53,9356,505
54,11320,581
55,13640,729
56,16269,797
57,19219,985
58,23214,1192
59,27752,1475
60,33395,1724
61,39848,2059
62,47102,2335
63,53112,2840
64,52113,2871
65,44125,2767
66,32946,2256
67,21774,1827
68,13260,1294
69,7623,896
70,4039,551
71,1981,357
72,953,199
73,490,125
74,225,59
75,89,25
76,29,19
77,19,8
78,6,9
79,2,2
80,1,1
81,0,1
82,0,0
83,0,0
84,0,0
85,0,0
86,0,0
87,0,0
88,0,0
89,0,0
90,0,0
91,0,0
92,0,0
93,0,0
94,0,0
95,0,0
96,0,0
97,0,0
98,0,0
99,0,0
100,0,0
101,0,0
102,0,0
103,0,0
104,0,0
105,0,0
106,0,0
107,0,0
