1,1,0
2,0,0
3,0,0
4,0,0
5,3,0
6,3,1
7,0,0
8,1,0
9,1,0
10,2,2
11,2,0
12,6,0
13,9,0
14,5,0
15,12,1
16,5,1
17,8,0
18,5,0
19,11,2
20,13,2
21,11,0
22,7,0
23,14,1
24,9,1
25,11,1
26,13,0
27,11,1
28,27,3
29,28,4
30,40,3
31,43,1
32,64,3
33,70,5
34,80,3
35,119,2
36,148,1
37,179,7
38,215,7
39,249,11
40,305,11
41,361,13
42,409,21
43,528,19
44,562,23
45,678,33
46,878,41
47,991,42
48,1159,50
49,1447,68
50,1712,74
51,2067,91
52,2576,123
53,3061,143
54,3657,206
55,4448,222
56,5345,260
57,6491,334
58,7842,361
59,9329,421
60,11092,589
61,13559,663
62,15667,787
63,18815,941
64,22597,1148
65,26684,1443
66,31915,1660
67,38508,2058
68,46099,2396
69,51914,2743
70,53279,2826
71,46035,2830
72,35079,2432
73,23671,1976
74,14643,1442
75,8506,969
76,4511,639
77,2335,385
78,1131,229
79,556,136
80,257,79
81,120,41
82,43,25
83,18,14
84,9,8
85,2,4
86,2,2
87,0,1
88,0,0
89,0,0
90,0,0
91,0,0
92,1,0
93,0,0
94,0,0
95,0,0
96,0,0
97,0,0
98,0,0
99,0,0
100,0,0
101,0,0
102,0,0
103,0,0
104,0,0
105,0,0
106,0,0
107,0,0
