1,1,0
2,0,0
3,3,0
4,5,0
5,12,0
6,16,1
7,8,0
8,19,0
9,16,0
10,35,1
11,35,0
12,46,1
13,47,2
14,69,2
15,102,1
16,105,7
17,133,2
18,148,12
19,177,5
20,213,11
21,257,14
22,326,17
23,365,15
24,480,21
25,516,23
26,631,35
27,849,35
28,866,46
29,1044,62
30,1197,62
31,1484,80
32,1750,101
33,2024,113
34,2552,134
35,3167,168
36,3735,208
37,4605,228
38,5355,272
39,6605,334
40,7898,355
41,9364,493
42,11159,585
43,13481,656
44,16058,825
45,19386,972
46,23275,1184
47,27470,1415
48,33408,1691
49,39311,2037
50,46814,2530
51,51901,2778
52,50763,2899
53,43710,2773
54,32521,2210
55,21811,1909
56,12905,1370
57,7325,867
58,3828,549
59,2013,375
60,911,216
61,451,108
62,210,69
63,81,33
64,47,27
65,13,8
66,9,5
67,3,7
68,2,1
69,0,1
70,0,0
71,0,1
72,0,0
73,0,0
74,0,0
75,0,0
76,0,0
77,0,0
78,0,0
79,0,0
80,0,0
81,0,0
82,0,0
83,0,0
84,0,0
85,0,0
86,0,0
87,0,0
88,0,0
89,0,0
90,0,0
91,0,0
92,0,0
93,0,0
94,0,0
95,0,0
96,0,0
97,0,0
98,0,0
99,0,0
100,0,0
101,0,0
102,0,0
103,0,0
104,0,0
105,0,0
106,0,0
107,0,0
