1,1,0
2,0,0
3,0,0
4,1,0
5,1,0
6,2,0
7,1,0
8,1,0
9,1,0
10,1,0
11,2,0
12,3,0
13,2,0
14,2,0
15,0,1
16,1,0
17,4,1
18,3,0
19,5,0
20,6,0
21,20,0
22,16,0
23,18,0
24,30,0
25,30,1
26,36,1
27,50,0
28,59,3
29,78,6
30,81,6
31,93,5
32,99,1
33,120,8
34,167,8
35,173,13
36,193,15
37,230,9
38,299,22
39,344,20
40,398,19
41,491,25
42,561,46
43,705,42
44,839,46
45,1054,56
46,1235,56
47,1489,68
48,1731,92
49,2014,104
50,2499,154
51,2978,146
52,3602,184
53,4288,209
54,5282,261
55,6363,306
56,7804,399
57,9390,505
58,11188,554
59,13220,665
60,15663,816
61,18988,918
62,22443,1132
63,27109,1395
64,32492,1678
65,38517,2001
66,45993,2415
67,51688,2740
68,51032,2798
69,44668,2762
70,33713,2428
71,22508,1888
72,13743,1384
73,7887,917
74,4340,600
75,2038,359
76,1042,204
77,484,116
78,221,73
79,120,45
80,40,23
81,21,12
82,8,7
83,6,3
84,2,1
85,1,1
86,1,0
87,0,1
88,0,0
89,0,0
90,0,0
91,0,0
92,0,0
93,0,0
94,0,0
95,0,0
96,0,0
97,0,0
98,0,0
99,0,0
100,0,0
101,0,0
102,0,0
103,0,0
104,0,0
105,0,0
106,0,0
107,0,0
