1,1,0
2,0,0
3,0,0
4,0,0
5,1,0
6,0,0
7,1,0
8,0,1
9,0,0
10,2,0
11,0,1
12,0,0
13,1,0
14,0,0
15,0,0
16,1,0
17,0,0
18,2,0
19,3,0
20,7,0
21,7,0
22,3,1
23,5,0
24,6,1
25,5,1
26,4,0
27,6,1
28,5,1
29,9,0
30,7,2
31,13,1
32,26,1
33,23,0
34,37,1
35,58,0
36,51,1
37,68,4
38,69,5
39,80,2
40,87,4
41,121,7
42,126,7
43,152,10
44,179,13
45,236,16
46,279,14
47,345,25
48,463,7
49,576,31
50,624,26
51,808,36
52,849,45
53,1123,70
54,1314,76
55,1579,81
56,1910,101
57,2234,119
58,2620,142
59,3158,158
60,3885,188
61,4662,218
62,5567,266
63,6466,339
64,7656,426
65,9363,510
66,11316,549
67,13310,730
68,15755,840
69,19251,1010
70,22883,1188
71,27349,1398
72,32422,1653
73,38881,1994
74,46224,2456
75,52444,2636
76,51751,2915
77,44827,2804
78,33529,2435
79,22498,1855
80,13860,1379
81,7813,822
82,4222,605
83,2103,377
84,983,219
85,449,117
86,230,93
87,101,36
88,43,24
89,10,17
90,4,6
91,2,2
92,2,1
93,0,0
94,1,0
95,0,0
96,0,1
97,0,0
98,0,0
99,0,0
100,0,0
101,0,0
102,0,0
103,0,0
104,0,0
105,0,0
106,0,0
107,0,0
