1,1,0
2,0,0
3,0,0
4,0,0
5,0,0
6,1,0
7,0,0
8,2,0
9,1,0
10,3,0
11,3,0
12,6,0
13,2,0
14,5,0
15,2,0
16,5,0
17,8,0
18,11,0
19,4,1
20,3,1
21,5,1
22,4,0
23,5,1
24,6,1
25,4,2
26,5,0
27,5,0
28,4,1
29,4,1
30,1,2
31,2,0
32,4,0
33,5,1
34,8,0
35,6,1
36,7,0
37,7,1
38,12,1
39,9,0
40,6,1
41,2,2
42,11,1
43,10,1
44,8,2
45,10,1
46,14,3
47,26,1
48,23,0
49,28,2
50,39,1
51,42,1
52,48,2
53,58,2
54,65,0
55,78,3
56,102,5
57,106,4
58,102,6
59,141,10
60,158,11
61,220,11
62,222,9
63,255,14
64,293,16
65,343,27
66,433,18
67,536,28
68,604,35
69,620,43
70,795,34
71,903,57
72,1140,64
73,1369,70
74,1633,100
75,1864,96
76,2234,131
77,2738,147
78,3297,178
79,3901,203
80,4604,244
81,5530,293
82,6766,363
83,8054,371
84,9560,500
85,11500,569
86,13600,672
87,16309,836
88,19575,1001
89,23076,1227
90,27599,1440
91,33338,1710
92,39610,2091
93,46880,2447
94,51985,2765
95,51252,2878
96,43592,2740
97,32057,2331
98,21545,1857
99,13178,1309
100,7460,884
101,3851,570
102,1992,376
103,971,193
104,475,109
105,188,72
106,88,32
107,38,14
