1,1,0
2,0,0
3,0,0
4,0,0
5,1,0
6,3,0
7,2,0
8,2,0
9,7,0
10,7,0
11,12,0
12,16,0
13,17,0
14,19,0
15,24,1
16,31,1
17,28,1
18,49,2
19,71,6
20,70,3
21,89,7
22,97,3
23,137,7
24,139,8
25,207,12
26,226,13
27,291,21
28,360,13
29,487,15
30,521,33
31,660,31
32,809,35
33,974,41
34,1093,62
35,1366,59
36,1756,80
37,2044,104
38,2579,136
39,2828,140
40,3432,164
41,4081,201
42,4844,252
43,5829,309
44,6812,351
45,8265,428
46,9751,541
47,11883,643
48,14220,713
49,17046,883
50,20101,1042
51,24224,1281
52,28631,1465
53,34683,1789
54,41109,2152
55,48833,2541
56,52964,2829
57,49296,2931
58,39928,2543
59,29066,2195
60,18842,1706
61,11301,1176
62,6177,746
63,3358,489
64,1670,326
65,769,162
66,371,106
67,159,53
68,67,33
69,32,14
70,5,5
71,7,4
72,2,3
73,1,0
74,0,0
75,0,1
76,0,0
77,0,0
78,0,0
79,0,0
80,0,0
81,0,0
82,0,0
83,0,0
84,0,0
85,0,0
86,0,0
87,0,0
88,0,0
89,0,0
90,0,0
91,0,0
92,0,0
93,0,0
94,0,0
95,0,0
96,0,0
97,0,0
98,0,0
99,0,0
100,0,0
101,0,0
102,0,0
103,0,0
104,0,0
105,0,0
106,0,0
107,0,0
