1,1,0
2,0,0
3,0,0
4,0,0
5,0,0
6,1,0
7,1,0
8,1,0
9,0,0
10,1,0
11,0,0
12,1,0
13,1,0
14,1,0
15,2,0
16,1,1
17,3,0
18,7,0
19,7,0
20,13,0
21,23,1
22,18,0
23,27,0
24,27,0
25,33,3
26,27,3
27,42,3
28,34,1
29,67,3
30,69,6
31,81,7
32,130,5
33,149,8
34,178,6
35,251,9
36,289,10
37,318,15
38,344,25
39,453,22
40,519,25
41,668,38
42,744,42
43,892,50
44,1055,54
45,1217,66
46,1538,70
47,1834,100
48,2301,110
49,2650,130
50,3361,163
51,3911,182
52,4751,232
53,5778,278
54,6658,301
55,7939,381
56,9357,500
57,11213,552
58,13360,706
59,15854,880
60,19118,936
61,22772,1211
62,27339,1436
63,32268,1671
64,38634,2004
65,45858,2412
66,51097,2758
67,51001,2900
68,43687,2830
69,33028,2441
70,22317,1872
71,13618,1339
72,7750,947
73,4078,602
74,2046,384
75,988,223
76,522,143
77,229,54
78,77,43
79,46,19
80,23,12
81,4,4
82,3,0
83,0,3
84,0,1
85,0,0
86,0,1
87,0,0
88,0,0
89,0,0
90,0,0
91,0,0
92,0,0
93,0,0
94,0,0
95,0,0
96,0,0
97,0,0
98,0,0
99,0,0
100,0,0
101,0,0
102,0,0
103,0,0
104,0,0
105,0,0
106,0,0
107,0,0
