1,1,0
2,0,0
3,0,0
4,1,0
5,0,0
6,0,0
7,2,0
8,6,0
9,2,0
10,2,0
11,8,1
12,6,1
13,11,0
14,7,0
15,18,0
16,5,2
17,10,0
18,8,2
19,11,1
20,18,2
21,13,2
22,32,2
23,22,2
24,24,3
25,36,2
26,46,0
27,60,2
28,87,2
29,96,2
30,112,2
31,118,4
32,196,4
33,191,7
34,255,14
35,294,14
36,374,13
37,429,24
38,498,29
39,582,32
40,690,42
41,816,39
42,951,51
43,1115,59
44,1393,72
45,1614,100
46,1932,95
47,2296,132
48,2847,143
49,3522,179
50,4051,199
51,4892,242
52,5926,263
53,7035,360
54,8610,407
55,9976,487
56,11942,604
57,13972,770
58,16811,910
59,19909,1062
60,23673,1247
61,28525,1497
62,34163,1857
63,40013,2106
64,47179,2566
65,52058,2812
66,49596,2732
67,39813,2516
68,28791,2249
69,18780,1669
70,11105,1171
71,6228,740
72,3303,465
73,1643,319
74,796,183
75,303,116
76,172,49
77,80,30
78,28,15
79,15,5
80,5,2
81,3,1
82,1,2
83,0,0
84,0,0
85,0,0
86,0,0
87,0,0
88,0,0
89,0,0
90,0,0
91,0,0
92,0,0
93,0,0
94,0,0
95,0,0
96,0,0
97,0,0
98,0,0
99,0,0
100,0,0
101,0,0
102,0,0
103,0,0
104,0,0
105,0,0
106,0,0
107,0,0
108,0,0
109,0,0
110,0,0
111,0,0
112,0,0
113,0,0
114,0,0
115,0,0
116,0,0
117,0,0
118,0,0
119,0,0
120,0,0
121,0,0
122,0,0
123,0,0
124,0,0
125,0,0
126,0,0
127,0,0
128,0,0
129,0,0
130,0,0
131,0,0
132,0,0
133,0,0
134,0,0
135,0,0
