1,1,0
2,0,0
3,0,0
4,0,0
5,2,0
6,3,0
7,4,0
8,3,0
9,4,0
10,2,1
11,7,0
12,4,1
13,6,0
14,7,0
15,6,1
16,9,1
17,11,1
18,13,0
19,13,0
20,12,3
21,22,2
22,22,1
23,14,1
24,24,2
25,24,2
26,20,3
27,22,2
28,39,3
29,34,3
30,52,3
31,59,2
32,85,6
33,103,4
34,143,5
35,141,6
36,162,5
37,144,6
38,223,16
39,295,11
40,304,15
41,374,24
42,453,20
43,519,29
44,662,29
45,791,34
46,958,43
47,946,50
48,1308,68
49,1487,78
50,1863,81
51,2172,125
52,2491,130
53,2976,172
54,3418,184
55,4211,230
56,4862,271
57,5952,304
58,6984,386
59,8191,430
60,9942,569
61,11812,629
62,14108,757
63,16820,893
64,20197,1095
65,24407,1205
66,29167,1487
67,35093,1758
68,41770,2139
69,48758,2560
70,51755,2816
71,48099,2860
72,38844,2563
73,27376,2136
74,17611,1606
75,10416,1173
76,5643,710
77,2899,446
78,1494,306
79,700,150
80,307,90
81,139,59
82,63,21
83,30,19
84,17,8
85,3,3
86,3,4
87,2,0
88,0,0
89,0,0
90,0,0
91,0,0
92,0,0
93,0,0
94,0,0
95,0,0
96,0,0
97,0,0
98,0,0
99,0,0
100,0,0
101,0,0
102,0,0
103,0,0
104,0,0
105,0,0
106,0,0
107,0,0
108,0,0
109,0,0
110,0,0
111,0,0
112,0,0
113,0,0
114,0,0
115,0,0
116,0,0
117,0,0
118,0,0
119,0,0
120,0,0
121,0,0
122,0,0
123,0,0
124,0,0
125,0,0
126,0,0
127,0,0
128,0,0
129,0,0
130,0,0
131,0,0
132,0,0
133,0,0
134,0,0
135,0,0
