1,1,0
2,0,0
3,1,0
4,1,0
5,0,0
6,0,0
7,3,0
8,2,0
9,1,0
10,3,0
11,4,0
12,4,0
13,6,0
14,3,1
15,4,1
16,9,0
17,11,1
18,14,0
19,33,0
20,39,0
21,51,1
22,77,4
23,98,4
24,100,3
25,134,4
26,184,6
27,199,13
28,239,13
29,296,14
30,344,18
31,453,14
32,510,24
33,630,34
34,789,39
35,849,49
36,1061,66
37,1285,69
38,1495,93
39,1788,97
40,2078,95
41,2542,138
42,3078,160
43,3627,173
44,4265,213
45,5177,266
46,6088,281
47,7246,394
48,8644,428
49,10264,589
50,12041,595
51,14598,812
52,17180,919
53,20632,1106
54,24469,1352
55,29574,1500
56,35587,1817
57,42169,2197
58,48971,2560
59,51644,2813
60,47537,2850
61,37683,2560
62,26075,2068
63,16699,1483
64,9756,1081
65,5337,718
66,2784,427
67,1373,258
68,630,155
69,290,94
70,139,50
71,45,32
72,23,17
73,7,7
74,1,4
75,4,3
76,0,2
77,0,0
78,0,0
79,0,1
80,0,0
81,0,0
82,0,0
83,0,0
84,0,0
85,0,0
86,0,0
87,0,0
88,0,0
89,0,0
90,0,0
91,0,0
92,0,0
93,0,0
94,0,0
95,0,0
96,0,0
97,0,0
98,0,0
99,0,0
100,0,0
101,0,0
102,0,0
103,0,0
104,0,0
105,0,0
106,0,0
107,0,0
108,0,0
109,0,0
110,0,0
111,0,0
112,0,0
113,0,0
114,0,0
115,0,0
116,0,0
117,0,0
118,0,0
119,0,0
120,0,0
121,0,0
122,0,0
123,0,0
124,0,0
125,0,0
126,0,0
127,0,0
128,0,0
129,0,0
130,0,0
131,0,0
132,0,0
133,0,0
134,0,0
135,0,0
