1,1,0
2,0,0
3,2,0
4,6,0
5,4,0
6,15,0
7,15,0
8,13,0
9,15,1
10,10,1
11,19,2
12,13,3
13,27,4
14,25,2
15,29,2
16,31,2
17,29,2
18,54,3
19,79,4
20,90,4
21,90,4
22,107,4
23,166,9
24,187,4
25,229,6
26,269,13
27,317,13
28,361,23
29,435,25
30,540,28
31,636,36
32,734,35
33,942,49
34,1074,55
35,1298,68
36,1490,72
37,1808,102
38,2126,113
39,2576,134
40,3026,159
41,3666,183
42,4265,247
43,5065,260
44,6077,355
45,7328,374
46,8605,453
47,10446,514
48,12352,636
49,15006,746
50,18259,860
51,21518,1082
52,25864,1310
53,30988,1553
54,36983,1935
55,43834,2233
56,50929,2545
57,52811,2962
58,47350,2843
59,37081,2518
60,26124,2037
61,16566,1530
62,9601,1007
63,5209,703
64,2730,422
65,1285,245
66,609,135
67,284,75
68,116,39
69,42,18
70,23,14
71,7,5
72,6,1
73,1,1
74,2,0
75,0,0
76,0,1
77,0,0
78,0,0
79,0,0
80,0,0
81,0,0
82,0,0
83,0,0
84,0,0
85,0,0
86,0,0
87,0,0
88,0,0
89,0,0
90,0,0
91,0,0
92,0,0
93,0,0
94,0,0
95,0,0
96,0,0
97,0,0
98,0,0
99,0,0
100,0,0
101,0,0
102,0,0
103,0,0
104,0,0
105,0,0
106,0,0
107,0,0
108,0,0
109,0,0
110,0,0
111,0,0
112,0,0
113,0,0
114,0,0
115,0,0
116,0,0
117,0,0
118,0,0
119,0,0
120,0,0
121,0,0
122,0,0
123,0,0
124,0,0
125,0,0
126,0,0
127,0,0
128,0,0
129,0,0
130,0,0
131,0,0
132,0,0
133,0,0
134,0,0
135,0,0
