1,1,0
2,0,0
3,2,0
4,2,0
5,0,0
6,4,0
7,9,0
8,2,0
9,0,0
10,3,0
11,1,0
12,3,1
13,2,2
14,0,0
15,4,0
16,2,1
17,5,0
18,4,0
19,12,0
20,21,0
21,16,0
22,23,0
23,18,1
24,20,0
25,22,3
26,33,1
27,51,2
28,54,2
29,53,2
30,77,5
31,70,6
32,108,5
33,120,5
34,156,6
35,170,8
36,254,4
37,258,18
38,345,14
39,386,27
40,430,21
41,532,38
42,666,32
43,768,29
44,907,46
45,1052,66
46,1282,63
47,1502,77
48,1766,108
49,2193,120
50,2611,135
51,2999,165
52,3572,175
53,4264,233
54,5175,254
55,6148,309
56,7386,394
57,8881,482
58,10572,533
59,12640,646
60,15209,768
61,17957,940
62,21441,1109
63,25931,1319
64,30829,1580
65,36502,1915
66,43922,2191
67,50624,2685
68,52153,2967
69,47205,2850
70,36657,2444
71,25482,2015
72,16002,1529
73,9351,1101
74,5079,658
75,2622,417
76,1220,257
77,586,150
78,258,72
79,115,58
80,51,23
81,20,8
82,13,4
83,4,4
84,3,3
85,0,0
86,1,1
87,0,0
88,0,0
89,0,0
90,0,0
91,0,0
92,0,0
93,0,0
94,0,0
95,0,0
96,0,0
97,0,0
98,0,0
99,0,0
100,0,0
101,0,0
102,0,0
103,0,0
104,0,0
105,0,0
106,0,0
107,0,0
108,0,0
109,0,0
110,0,0
111,0,0
112,0,0
113,0,0
114,0,0
115,0,0
116,0,0
117,0,0
118,0,0
119,0,0
120,0,0
121,0,0
122,0,0
123,0,0
124,0,0
125,0,0
126,0,0
127,0,0
128,0,0
129,0,0
130,0,0
131,0,0
132,0,0
133,0,0
134,0,0
135,0,0
