1,1,0
2,0,0
3,0,0
4,1,0
5,2,0
6,3,0
7,2,0
8,1,0
9,1,0
10,6,0
11,5,0
12,6,0
13,10,0
14,13,2
15,38,1
16,51,3
17,56,1
18,80,1
19,73,5
20,94,1
21,121,3
22,145,2
23,129,7
24,166,15
25,191,7
26,217,10
27,244,15
28,306,19
29,352,29
30,452,29
31,539,31
32,712,31
33,839,26
34,965,36
35,1115,65
36,1408,77
37,1572,70
38,1933,107
39,2316,119
40,2677,146
41,3189,168
42,3866,231
43,4607,250
44,5315,294
45,6254,330
46,7543,368
47,8982,501
48,10681,601
49,12654,673
50,15034,785
51,17674,918
52,21256,1178
53,25763,1353
54,30578,1596
55,36277,1849
56,43971,2257
57,50351,2675
58,52206,2825
59,47661,2844
60,37012,2537
61,25386,1921
62,16235,1443
63,9296,1047
64,5151,646
65,2592,455
66,1315,240
67,624,148
68,294,97
69,130,39
70,42,21
71,21,13
72,11,4
73,3,2
74,6,2
75,1,2
76,1,1
77,0,0
78,0,0
79,0,0
80,0,0
81,0,0
82,0,0
83,0,0
84,0,0
85,0,0
86,0,0
87,0,0
88,0,0
89,0,0
90,0,0
91,0,0
92,0,0
93,0,0
94,0,0
95,0,0
96,0,0
97,0,0
98,0,0
99,0,0
100,0,0
101,0,0
102,0,0
103,0,0
104,0,0
105,0,0
106,0,0
107,0,0
108,0,0
109,0,0
110,0,0
111,0,0
112,0,0
113,0,0
114,0,0
115,0,0
116,0,0
117,0,0
118,0,0
119,0,0
120,0,0
121,0,0
122,0,0
123,0,0
124,0,0
125,0,0
126,0,0
127,0,0
128,0,0
129,0,0
130,0,0
131,0,0
132,0,0
133,0,0
134,0,0
135,0,0
