1,1,0
2,0,0
3,0,0
4,0,0
5,0,0
6,1,0
7,0,0
8,1,0
9,1,0
10,3,0
11,4,0
12,4,0
13,7,1
14,1,0
15,5,0
16,7,0
17,4,1
18,9,2
19,10,0
20,12,1
21,17,0
22,19,0
23,28,3
24,31,1
25,38,0
26,41,3
27,59,3
28,60,1
29,60,2
30,72,3
31,95,3
32,111,10
33,120,10
34,128,8
35,140,6
36,169,9
37,215,10
38,252,10
39,273,20
40,335,19
41,396,32
42,508,36
43,579,30
44,699,32
45,863,37
46,1021,54
47,1184,65
48,1439,75
49,1541,88
50,1972,116
51,2361,125
52,2712,162
53,3275,165
54,3888,216
55,4842,235
56,5646,280
57,6719,377
58,7837,408
59,9293,491
60,11321,619
61,13423,685
62,16176,855
63,19338,1035
64,22982,1169
65,27461,1327
66,32518,1748
67,38957,2028
68,46169,2383
69,51701,2792
70,50938,2964
71,42925,2684
72,32209,2355
73,21262,1795
74,13029,1300
75,7463,908
76,3893,567
77,1944,322
78,974,230
79,459,117
80,212,59
81,80,33
82,36,19
83,17,7
84,11,2
85,1,1
86,2,0
87,0,2
88,0,0
89,0,0
90,0,0
