1,1,0
2,0,0
3,0,0
4,0,0
5,0,0
6,1,0
7,0,0
8,0,0
9,1,0
10,0,0
11,2,0
12,3,0
13,0,0
14,3,0
15,1,1
16,0,0
17,0,0
18,2,1
19,0,0
20,4,0
21,7,0
22,9,0
23,10,0
24,12,0
25,11,0
26,4,0
27,10,0
28,10,3
29,12,1
30,4,0
31,9,0
32,17,2
33,17,2
34,35,1
35,40,3
36,42,3
37,74,2
38,82,6
39,71,1
40,85,5
41,126,4
42,135,9
43,154,7
44,189,18
45,252,12
46,267,14
47,345,17
48,403,24
49,486,13
50,532,31
51,630,38
52,762,36
53,926,45
54,1137,61
55,1332,57
56,1625,85
57,1947,102
58,2073,140
59,2498,141
60,2895,163
61,3612,186
62,4477,223
63,5000,246
64,6243,323
65,7149,351
66,8629,428
67,10259,563
68,12326,610
69,14609,739
70,17564,882
71,20842,1153
72,25141,1332
73,30110,1526
74,35577,1877
75,42635,2301
76,49610,2645
77,52408,2882
78,47645,2867
79,38084,2527
80,26516,2048
81,16709,1589
82,9882,1086
83,5425,711
84,2773,437
85,1363,275
86,647,163
87,319,99
88,130,56
89,68,25
90,21,19
