1,1,0
2,0,0
3,0,0
4,1,0
5,1,0
6,1,0
7,0,0
8,0,0
9,0,0
10,1,0
11,0,0
12,0,0
13,0,0
14,3,0
15,2,0
16,0,0
17,0,0
18,1,0
19,0,0
20,3,0
21,0,0
22,1,0
23,3,0
24,3,0
25,7,0
26,2,0
27,3,1
28,4,0
29,3,0
30,2,0
31,13,0
32,2,0
33,6,0
34,10,1
35,11,0
36,15,0
37,16,1
38,22,1
39,25,0
40,30,4
41,37,0
42,48,0
43,47,2
44,41,5
45,56,6
46,61,7
47,72,8
48,111,2
49,113,15
50,109,12
51,136,7
52,158,6
53,189,14
54,257,17
55,367,16
56,500,20
57,583,22
58,707,23
59,801,33
60,961,37
61,1190,58
62,1454,73
63,1754,74
64,2228,96
65,2582,123
66,3236,160
67,3724,205
68,4637,202
69,5452,270
70,6504,344
71,7985,392
72,9455,515
73,11267,574
74,13336,692
75,15972,833
76,19352,975
77,23022,1159
78,27789,1482
79,33138,1688
80,39836,2040
81,47108,2372
82,53270,2824
83,53170,2917
84,45543,2917
85,34674,2398
86,23267,1904
87,14380,1368
88,8146,971
89,4407,580
90,2159,369
