1,1,0
2,0,0
3,0,0
4,0,0
5,0,0
6,1,0
7,0,0
8,0,0
9,0,0
10,1,0
11,0,0
12,2,0
13,2,0
14,9,0
15,4,0
16,5,0
17,8,1
18,21,0
19,23,0
20,14,0
21,19,3
22,15,0
23,22,1
24,32,4
25,44,0
26,55,5
27,68,4
28,89,3
29,87,2
30,102,7
31,142,6
32,171,5
33,211,14
34,229,9
35,255,16
36,299,12
37,339,23
38,413,18
39,450,23
40,572,22
41,705,42
42,888,52
43,980,51
44,1170,56
45,1355,71
46,1605,98
47,1973,116
48,2383,126
49,2825,159
50,3357,176
51,4120,214
52,4891,232
53,5894,282
54,6899,360
55,8373,426
56,9924,554
57,11818,670
58,14330,734
59,16971,907
60,20449,1061
61,24142,1217
62,29197,1532
63,35103,1880
64,42287,2143
65,48748,2530
66,52819,2874
67,49115,2783
68,39253,2535
69,27663,2071
70,17744,1616
71,10480,1137
72,5888,706
73,3096,480
74,1601,278
75,749,177
76,304,93
77,142,41
78,78,33
79,25,22
80,11,6
81,6,4
82,6,2
83,0,1
84,0,0
85,0,0
86,0,0
87,0,0
88,0,0
89,0,0
90,0,0
