1,1,0
2,0,0
3,1,0
4,2,0
5,1,0
6,6,1
7,2,0
8,2,0
9,3,0
10,3,0
11,7,0
12,13,1
13,14,1
14,28,0
15,42,1
16,41,0
17,60,3
18,61,3
19,72,4
20,66,4
21,84,3
22,98,7
23,93,8
24,90,10
25,121,11
26,161,8
27,196,15
28,202,13
29,234,12
30,287,20
31,368,19
32,436,22
33,502,17
34,610,18
35,707,48
36,841,55
37,1013,54
38,1243,70
39,1438,85
40,1694,92
41,2041,122
42,2444,135
43,2816,143
44,3288,182
45,4056,219
46,4704,259
47,5963,318
48,7087,357
49,8419,434
50,10087,507
51,12195,621
52,14121,688
53,16893,865
54,20650,1054
55,24873,1288
56,29222,1555
57,35030,1701
58,42267,2166
59,48963,2501
60,51952,2954
61,48481,2896
62,39227,2538
63,27777,2142
64,17556,1546
65,10486,1085
66,5814,785
67,2968,444
68,1520,284
69,706,164
70,334,102
71,154,57
72,64,31
73,28,23
74,9,5
75,5,5
76,7,2
77,0,2
78,0,1
79,0,0
80,0,0
81,0,0
82,0,0
83,0,0
84,0,0
85,0,0
86,0,0
87,0,0
88,0,0
89,0,0
90,0,0
