1,1,0
2,0,0
3,0,0
4,0,0
5,5,0
6,3,0
7,3,0
8,4,0
9,2,0
10,13,0
11,6,0
12,13,1
13,20,0
14,12,3
15,19,0
16,14,1
17,18,0
18,22,2
19,27,1
20,31,3
21,37,1
22,34,2
23,49,3
24,60,1
25,80,4
26,90,3
27,112,3
28,142,6
29,196,4
30,201,4
31,249,12
32,291,18
33,343,15
34,423,30
35,538,28
36,594,33
37,734,33
38,826,46
39,1077,54
40,1167,53
41,1453,75
42,1727,90
43,2093,114
44,2560,105
45,2941,147
46,3582,181
47,4354,200
48,5314,243
49,6371,315
50,7432,375
51,8832,468
52,10607,571
53,12596,679
54,15377,814
55,18603,904
56,22112,1147
57,26344,1340
58,31792,1610
59,38170,1935
60,45233,2295
61,52252,2665
62,53599,2833
63,47493,2912
64,36930,2544
65,25090,2031
66,16114,1481
67,9140,999
68,4857,684
69,2621,424
70,1305,230
71,577,156
72,276,82
73,129,42
74,52,28
75,17,6
76,7,13
77,3,1
78,3,0
79,2,0
80,0,0
81,0,0
82,0,0
83,0,0
84,0,0
85,0,0
86,0,0
87,0,0
88,0,0
89,0,0
90,0,0
