1,1,0
2,0,0
3,0,0
4,0,0
5,1,0
6,0,0
7,1,0
8,1,0
9,8,0
10,7,0
11,9,0
12,3,0
13,14,0
14,11,0
15,11,1
16,11,0
17,15,1
18,26,0
19,20,1
20,21,1
21,16,2
22,25,2
23,31,3
24,30,4
25,39,5
26,50,1
27,43,2
28,52,3
29,62,6
30,69,9
31,79,7
32,88,7
33,108,7
34,122,5
35,138,9
36,171,11
37,203,8
38,228,12
39,295,18
40,388,19
41,492,17
42,588,18
43,722,32
44,869,50
45,1062,58
46,1200,45
47,1358,70
48,1642,78
49,1973,119
50,2372,116
51,2909,161
52,3458,186
53,4085,191
54,4895,263
55,5849,309
56,6977,363
57,8137,449
58,9960,547
59,11954,588
60,14202,754
61,16856,865
62,20275,1042
63,24389,1317
64,29286,1507
65,34971,1842
66,42416,2112
67,48983,2549
68,53115,2840
69,49777,2938
70,40669,2665
71,29102,2230
72,18859,1638
73,11083,1207
74,6164,817
75,3380,505
76,1666,258
77,740,195
78,361,80
79,166,54
80,85,20
81,32,17
82,14,8
83,6,4
84,3,0
85,0,1
86,1,1
87,0,0
88,0,0
89,0,0
90,0,0
