1,1,0
2,0,0
3,0,0
4,1,0
5,1,0
6,5,0
7,3,0
8,6,0
9,5,0
10,8,1
11,13,1
12,10,0
13,25,0
14,22,1
15,26,2
16,22,2
17,15,1
18,24,1
19,27,4
20,54,5
21,48,1
22,74,2
23,67,6
24,88,2
25,80,6
26,162,8
27,136,14
28,195,7
29,221,12
30,253,12
31,324,20
32,367,22
33,381,23
34,550,23
35,696,32
36,852,34
37,986,34
38,1197,62
39,1383,74
40,1696,93
41,1907,131
42,2365,106
43,2834,136
44,3407,182
45,3946,177
46,4889,224
47,5731,289
48,6960,337
49,8341,424
50,10120,521
51,12295,576
52,14645,772
53,17332,880
54,21245,1080
55,25077,1331
56,29537,1538
57,35727,1859
58,42648,2186
59,50441,2634
60,53615,2833
61,49682,2919
62,39583,2550
63,27782,2137
64,18036,1624
65,10537,1127
66,5736,722
67,3033,463
68,1469,295
69,728,174
70,356,105
71,161,52
72,59,35
73,37,9
74,15,8
75,10,3
76,1,2
77,3,1
78,0,0
79,0,2
80,0,0
81,0,0
82,0,0
83,0,0
84,0,0
85,0,0
86,0,0
87,0,0
88,0,0
89,0,0
90,0,0
