1,1,0
2,0,0
3,1,0
4,1,0
5,0,0
6,1,0
7,2,1
8,4,0
9,8,0
10,4,0
11,3,0
12,4,0
13,4,1
14,6,0
15,2,1
16,4,0
17,7,0
18,4,2
19,6,2
20,5,1
21,9,1
22,3,0
23,4,0
24,2,0
25,8,1
26,2,1
27,2,0
28,4,0
29,1,1
30,5,0
31,6,0
32,7,1
33,12,0
34,22,0
35,21,0
36,24,0
37,30,1
38,42,5
39,55,1
40,80,6
41,90,0
42,123,3
43,127,4
44,192,7
45,204,8
46,237,7
47,252,12
48,263,17
49,326,24
50,407,24
51,471,34
52,535,36
53,678,40
54,739,51
55,935,46
56,1104,58
57,1260,66
58,1639,75
59,1901,111
60,2156,112
61,2565,141
62,3172,162
63,3722,188
64,4220,222
65,5152,277
66,6161,367
67,7441,411
68,8796,443
69,10618,569
70,12800,696
71,15192,762
72,18275,937
73,21837,1072
74,26188,1345
75,31379,1570
76,37797,1922
77,44820,2362
78,51084,2618
79,52546,2878
80,46465,2784
81,35874,2591
82,24961,2024
83,15446,1392
84,8777,948
85,4745,679
86,2508,415
87,1295,233
88,584,131
89,259,70
90,107,47
