1,1,0
2,0,0
3,0,0
4,0,0
5,1,0
6,2,0
7,0,0
8,0,0
9,3,0
10,8,0
11,10,0
12,8,0
13,7,0
14,9,0
15,23,3
16,33,0
17,46,3
18,43,0
19,59,2
20,74,2
21,71,3
22,94,9
23,138,5
24,190,5
25,259,6
26,322,12
27,347,12
28,397,15
29,503,30
30,655,28
31,732,48
32,916,42
33,1050,60
34,1364,63
35,1535,85
36,1877,85
37,2160,90
38,2704,134
39,3233,147
40,3768,190
41,4431,225
42,5205,284
43,6430,352
44,7645,428
45,9099,461
46,10980,573
47,13137,670
48,15707,826
49,18667,977
50,22288,1071
51,26757,1333
52,31795,1601
53,38490,2031
54,45623,2322
55,52365,2602
56,52317,2953
57,45663,2798
58,35297,2381
59,23340,1887
60,14476,1438
61,8359,993
62,4502,627
63,2306,421
64,1050,227
65,545,131
66,241,84
67,92,31
68,52,18
69,19,15
70,8,8
71,5,5
72,0,1
73,0,1
74,0,0
75,0,0
76,0,0
77,0,0
78,0,0
79,0,0
80,0,0
81,0,0
82,0,0
83,0,0
84,0,0
85,0,0
86,0,0
87,0,0
88,0,0
89,0,0
90,0,0
