1,1,0
2,0,0
3,0,0
4,4,0
5,6,0
6,5,0
7,8,0
8,7,0
9,6,0
10,9,0
11,4,2
12,12,0
13,12,0
14,18,1
15,21,0
16,32,2
17,29,2
18,37,1
19,46,1
20,74,2
21,60,6
22,81,5
23,77,2
24,93,6
25,124,7
26,144,12
27,205,7
28,264,14
29,306,16
30,367,20
31,345,18
32,471,20
33,546,30
34,654,42
35,855,44
36,1055,44
37,1179,66
38,1475,78
39,1694,81
40,2175,100
41,2611,133
42,3183,166
43,3904,172
44,4625,218
45,5499,265
46,6599,336
47,8091,362
48,9428,499
49,11285,575
50,13535,724
51,16067,811
52,19236,1038
53,23151,1270
54,27387,1432
55,33299,1688
56,39018,2086
57,47030,2484
58,52198,2778
59,50718,2923
60,42870,2810
61,31945,2363
62,21119,1839
63,13033,1313
64,7374,842
65,3864,543
66,1916,370
67,962,219
68,465,126
69,204,60
70,87,38
71,30,19
72,18,13
73,8,6
74,3,2
75,1,3
76,0,1
77,0,0
78,0,0
79,1,0
80,0,0
81,0,0
82,0,0
83,0,0
84,0,0
85,0,0
86,0,0
87,0,0
88,0,0
89,0,0
90,0,0
