1,1,0
2,0,0
3,0,0
4,0,0
5,0,0
6,0,0
7,1,0
8,0,0
9,1,0
10,0,0
11,0,0
12,1,0
13,1,0
14,0,0
15,0,0
16,2,0
17,1,0
18,1,0
19,2,0
20,0,0
21,5,0
22,2,0
23,0,0
24,0,0
25,1,0
26,0,2
27,2,0
28,4,0
29,3,0
30,2,1
31,3,1
32,1,0
33,1,0
34,1,0
35,1,0
36,1,0
37,2,1
38,0,1
39,0,0
40,2,0
41,4,1
42,4,0
43,11,0
44,17,0
45,16,0
46,15,0
47,20,1
48,26,1
49,34,0
50,34,4
51,34,3
52,42,2
53,65,5
54,81,3
55,103,2
56,119,6
57,144,7
58,146,11
59,179,9
60,208,14
61,265,17
62,321,12
63,391,21
64,437,14
65,571,29
66,685,31
67,794,40
68,1002,50
69,1253,46
70,1482,76
71,1736,79
72,2100,106
73,2502,145
74,2941,139
75,3607,215
76,4226,207
77,5149,279
78,6205,317
79,7441,376
80,8680,454
81,10544,573
82,12837,658
83,15248,766
84,18195,938
85,21936,1099
86,26639,1387
87,31583,1595
88,37952,1914
89,44927,2226
90,54046,2746
