1,1,0
2,0,0
3,0,0
4,0,0
5,0,0
6,2,0
7,0,0
8,1,0
9,0,0
10,0,0
11,0,0
12,0,0
13,0,0
14,1,0
15,1,0
16,1,0
17,1,0
18,0,0
19,1,0
20,1,0
21,0,0
22,1,0
23,3,0
24,0,0
25,3,0
26,2,0
27,3,0
28,4,1
29,6,1
30,6,0
31,3,1
32,8,0
33,12,1
34,5,0
35,18,1
36,13,0
37,14,2
38,32,0
39,31,3
40,42,2
41,35,0
42,39,2
43,40,2
44,45,2
45,51,6
46,65,5
47,59,6
48,90,6
49,132,4
50,173,7
51,219,9
52,270,14
53,342,21
54,407,19
55,452,21
56,565,27
57,705,38
58,847,39
59,1041,50
60,1251,49
61,1463,51
62,1785,86
63,2245,99
64,2740,129
65,3374,165
66,3995,210
67,4955,236
68,5892,286
69,6999,346
70,8375,405
71,10184,522
72,11949,597
73,14401,773
74,16963,866
75,20578,1023
76,24572,1312
77,29239,1495
78,34999,1805
79,42194,2170
80,50083,2497
81,54237,2847
82,52444,3026
83,43235,2720
84,31113,2272
85,20284,1754
86,12182,1255
87,6858,803
88,3644,520
89,1723,308
90,887,204
