1,1,0
2,0,0
3,0,0
4,1,0
5,1,0
6,2,0
7,1,0
8,1,0
9,1,0
10,1,0
11,1,0
12,2,0
13,3,0
14,2,0
15,2,0
16,3,1
17,3,1
18,13,0
19,9,0
20,3,0
21,11,1
22,13,0
23,8,0
24,8,1
25,14,0
26,19,0
27,39,1
28,41,2
29,48,3
30,70,1
31,77,4
32,61,6
33,98,0
34,100,5
35,111,7
36,140,11
37,148,12
38,206,14
39,220,8
40,264,15
41,351,15
42,387,22
43,479,30
44,600,29
45,697,37
46,817,43
47,975,42
48,1288,54
49,1427,77
50,1837,71
51,2109,98
52,2693,121
53,3128,150
54,3804,209
55,4530,251
56,5384,283
57,6415,343
58,7500,403
59,8810,488
60,10650,559
61,12807,689
62,15376,751
63,18452,973
64,22195,1140
65,26505,1374
66,31540,1647
67,37557,1997
68,44535,2277
69,50685,2655
70,51811,2953
71,45120,2749
72,34312,2426
73,23388,1894
74,14444,1349
75,8259,930
76,4444,622
77,2354,404
78,1207,224
79,505,113
80,219,76
81,99,51
82,53,28
83,22,12
84,10,4
85,6,1
86,1,2
87,2,0
88,0,0
89,0,0
90,0,0
91,0,0
92,0,0
93,0,0
94,0,0
95,0,0
96,0,0
97,0,0
98,0,0
99,0,0
100,0,0
101,0,0
102,0,0
103,0,0
104,0,0
105,0,0
106,0,0
107,0,0
108,0,0
109,0,0
110,0,0
