1,1,0
2,0,0
3,1,0
4,1,0
5,2,0
6,7,0
7,6,0
8,10,0
9,7,1
10,24,1
11,17,1
12,35,0
13,34,0
14,31,2
15,43,2
16,48,3
17,51,3
18,49,1
19,78,2
20,94,1
21,119,7
22,153,2
23,178,6
24,243,10
25,296,12
26,309,11
27,394,20
28,479,25
29,629,40
30,695,28
31,875,40
32,1029,54
33,1278,56
34,1390,83
35,1667,82
36,1992,120
37,2536,109
38,2939,150
39,3626,184
40,4249,233
41,5075,270
42,5902,323
43,7257,374
44,8512,422
45,10020,545
46,11977,589
47,14065,722
48,17160,912
49,20424,1149
50,24115,1220
51,28907,1468
52,34203,1774
53,41225,2154
54,48773,2609
55,52384,2804
56,49381,2785
57,39663,2562
58,28442,2149
59,18676,1629
60,11274,1166
61,6170,747
62,3229,504
63,1562,307
64,808,195
65,353,88
66,166,49
67,74,39
68,30,12
69,13,8
70,3,1
71,0,1
72,2,0
73,1,0
74,0,2
75,0,0
76,0,0
77,0,0
78,0,0
79,0,0
80,0,0
81,0,0
82,0,0
83,0,0
84,0,0
85,0,0
86,0,0
87,0,0
88,0,0
89,0,0
90,0,0
91,0,0
92,0,0
93,0,0
94,0,0
95,0,0
96,0,0
97,0,0
98,0,0
99,0,0
100,0,0
101,0,0
102,0,0
103,0,0
104,0,0
105,0,0
106,0,0
107,0,0
108,0,0
109,0,0
110,0,0
