1,1,0
2,0,0
3,0,0
4,2,0
5,2,0
6,0,0
7,2,1
8,4,1
9,2,0
10,1,1
11,1,0
12,1,1
13,1,1
14,1,0
15,1,0
16,1,0
17,0,0
18,0,0
19,9,0
20,4,0
21,9,0
22,7,1
23,10,0
24,8,0
25,12,0
26,5,2
27,15,0
28,11,2
29,16,2
30,17,2
31,23,2
32,25,4
33,21,3
34,36,2
35,38,3
36,47,5
37,46,6
38,68,2
39,84,2
40,96,4
41,133,10
42,146,6
43,192,9
44,231,11
45,301,14
46,355,12
47,384,20
48,433,24
49,562,23
50,601,35
51,790,39
52,1041,42
53,1181,48
54,1482,63
55,1761,80
56,2104,106
57,2475,137
58,2968,162
59,3588,196
60,4330,223
61,5306,269
62,6179,313
63,7373,350
64,8539,447
65,10362,595
66,12448,631
67,14582,822
68,17520,936
69,21185,1060
70,25194,1292
71,29899,1577
72,36311,1805
73,43445,2196
74,50857,2623
75,53026,2946
76,48758,2934
77,38341,2505
78,26711,2149
79,17038,1496
80,10079,1072
81,5543,759
82,2793,451
83,1383,238
84,683,178
85,273,80
86,130,55
87,62,21
88,22,17
89,5,6
90,5,4
91,3,2
92,0,1
93,0,0
94,0,2
95,0,0
96,0,0
97,0,0
98,0,0
99,0,0
100,0,0
101,0,0
102,0,0
103,0,0
104,0,0
105,0,0
106,0,0
107,0,0
108,0,0
109,0,0
110,0,0
