1,1,0
2,0,0
3,0,0
4,3,0
5,4,0
6,7,0
7,8,0
8,5,0
9,9,1
10,10,0
11,12,0
12,19,0
13,14,1
14,27,0
15,26,1
16,36,0
17,49,0
18,47,3
19,61,6
20,68,2
21,64,7
22,104,6
23,104,1
24,123,4
25,142,9
26,194,12
27,208,12
28,221,11
29,252,18
30,338,24
31,394,20
32,488,25
33,558,32
34,745,30
35,871,31
36,1064,55
37,1308,60
38,1510,73
39,1737,83
40,2089,122
41,2483,132
42,2986,163
43,3435,192
44,4186,234
45,5023,257
46,6146,324
47,7364,346
48,9010,412
49,10894,566
50,12679,661
51,15385,800
52,18503,942
53,22006,1156
54,26667,1349
55,31509,1569
56,37245,1906
57,44542,2305
58,51022,2662
59,52542,2958
60,46545,2938
61,36442,2538
62,24873,1969
63,15424,1518
64,8958,1019
65,4836,645
66,2507,389
67,1157,265
68,539,151
69,273,90
70,105,48
71,50,23
72,19,13
73,2,4
74,4,3
75,0,0
76,2,0
77,0,0
78,0,0
79,0,1
80,0,0
81,0,0
82,0,0
83,0,0
84,0,0
85,0,0
86,0,0
87,0,0
88,0,0
89,0,0
90,0,0
91,0,0
92,0,0
93,0,0
94,0,0
95,0,0
96,0,0
97,0,0
98,0,0
99,0,0
100,0,0
101,0,0
102,0,0
103,0,0
104,0,0
105,0,0
106,0,0
107,0,0
108,0,0
109,0,0
110,0,0
