1,1,0
2,0,0
3,0,0
4,0,0
5,0,0
6,2,0
7,0,0
8,0,0
9,4,0
10,5,0
11,1,0
12,7,0
13,7,0
14,8,0
15,10,1
16,8,0
17,8,1
18,14,0
19,13,1
20,14,0
21,16,0
22,14,1
23,21,4
24,26,0
25,24,3
26,37,4
27,24,2
28,43,5
29,62,5
30,65,2
31,59,5
32,112,5
33,126,3
34,178,14
35,253,5
36,287,6
37,278,17
38,421,14
39,409,23
40,498,25
41,631,40
42,769,34
43,899,44
44,1074,58
45,1267,53
46,1461,71
47,1707,103
48,2200,94
49,2689,136
50,3102,149
51,3737,206
52,4462,244
53,5134,260
54,6276,343
55,7308,376
56,8898,460
57,10588,588
58,12795,659
59,15525,806
60,18271,934
61,22173,1081
62,26004,1391
63,31439,1570
64,37601,1985
65,44403,2334
66,50325,2709
67,51331,2865
68,44792,2838
69,34196,2507
70,23073,1858
71,14094,1376
72,8185,993
73,4414,615
74,2277,407
75,1127,237
76,517,133
77,228,68
78,119,37
79,42,17
80,19,4
81,7,6
82,7,0
83,2,2
84,0,3
85,0,3
86,0,1
87,0,0
88,0,0
89,0,0
90,0,0
91,0,0
92,0,0
93,0,0
94,0,0
95,0,0
96,0,0
97,0,0
98,0,0
99,0,0
100,0,0
101,0,0
102,0,0
103,0,0
104,0,0
105,0,0
106,0,0
107,0,0
108,0,0
109,0,0
110,0,0
