1,1,0
2,0,0
3,0,0
4,1,0
5,1,0
6,3,0
7,4,0
8,1,0
9,2,0
10,7,0
11,11,1
12,4,0
13,7,0
14,5,0
15,24,2
16,7,0
17,13,1
18,18,1
19,21,3
20,29,3
21,39,2
22,44,2
23,67,2
24,75,3
25,64,3
26,95,7
27,107,4
28,127,5
29,154,7
30,163,12
31,230,17
32,273,7
33,373,13
34,373,21
35,428,21
36,554,24
37,710,33
38,764,52
39,946,52
40,1140,62
41,1284,85
42,1501,71
43,1827,102
44,2073,142
45,2423,144
46,3012,154
47,3568,197
48,4291,251
49,5140,256
50,6077,323
51,7193,361
52,8687,457
53,10375,556
54,12847,644
55,15329,759
56,18299,943
57,22153,1092
58,26263,1303
59,31625,1574
60,37200,1995
61,44593,2289
62,51016,2747
63,52199,2938
64,46412,2862
65,36154,2378
66,24600,2067
67,15349,1415
68,8834,994
69,4759,672
70,2552,395
71,1246,248
72,554,138
73,231,65
74,108,40
75,49,21
76,10,13
77,4,5
78,2,3
79,1,2
80,2,0
81,0,1
82,0,2
83,0,0
84,0,0
85,0,0
86,0,0
87,0,0
88,0,0
89,0,0
90,0,0
91,0,0
92,0,0
93,0,0
94,0,0
95,0,0
96,0,0
97,0,0
98,0,0
99,0,0
100,0,0
101,0,0
102,0,0
103,0,0
104,0,0
105,0,0
106,0,0
107,0,0
108,0,0
109,0,0
110,0,0
