1,1,0
2,0,0
3,0,0
4,5,0
5,14,0
6,11,0
7,10,0
8,13,1
9,27,1
10,29,1
11,35,0
12,45,2
13,37,4
14,47,4
15,67,1
16,68,5
17,100,3
18,98,9
19,112,5
20,119,4
21,180,10
22,213,8
23,282,10
24,314,15
25,372,21
26,412,18
27,504,35
28,587,32
29,674,37
30,823,39
31,910,62
32,1071,66
33,1347,72
34,1674,88
35,1900,115
36,2294,127
37,2807,145
38,3326,179
39,3988,219
40,4813,236
41,5570,289
42,6839,349
43,8187,422
44,9885,482
45,11842,600
46,14375,695
47,17204,860
48,20571,1034
49,24358,1285
50,29416,1504
51,35210,1822
52,42295,2164
53,49971,2567
54,53505,2827
55,50003,2927
56,41105,2685
57,29540,2179
58,18780,1667
59,11285,1176
60,6340,744
61,3266,464
62,1656,274
63,799,152
64,389,114
65,155,48
66,64,31
67,28,16
68,7,11
69,7,4
70,2,1
71,0,1
72,0,1
73,0,0
74,0,0
75,0,0
76,0,0
77,0,0
78,0,0
79,0,0
80,0,0
81,0,0
82,0,0
83,0,0
84,0,0
85,0,0
86,0,0
87,0,0
88,0,0
89,0,0
90,0,0
91,0,0
92,0,0
93,0,0
94,0,0
95,0,0
96,0,0
97,0,0
98,0,0
99,0,0
100,0,0
101,0,0
102,0,0
103,0,0
104,0,0
105,0,0
106,0,0
107,0,0
108,0,0
109,0,0
110,0,0
