1,1,0
2,0,0
3,0,0
4,2,0
5,3,0
6,3,0
7,2,0
8,2,0
9,7,0
10,9,0
11,10,0
12,11,0
13,12,2
14,31,1
15,26,0
16,35,1
17,46,0
18,56,2
19,77,3
20,74,5
21,80,0
22,98,6
23,116,8
24,130,11
25,165,9
26,170,10
27,242,7
28,272,9
29,354,13
30,402,15
31,506,21
32,578,46
33,654,42
34,892,37
35,1006,61
36,1288,68
37,1528,77
38,1925,68
39,2313,109
40,2695,117
41,3242,141
42,3948,207
43,4818,224
44,5494,290
45,6578,311
46,8172,373
47,9720,507
48,11439,608
49,13779,739
50,16325,848
51,19462,961
52,23584,1130
53,28309,1464
54,33786,1711
55,40092,2092
56,47890,2468
57,52829,2796
58,50991,2992
59,42976,2713
60,31697,2217
61,20710,1770
62,12622,1247
63,7093,882
64,3774,533
65,1828,333
66,901,203
67,436,109
68,185,58
69,90,43
70,30,20
71,11,8
72,8,7
73,6,3
74,0,0
75,0,0
76,0,0
77,0,0
78,0,0
79,0,0
80,0,0
81,0,0
82,0,0
83,0,0
84,0,0
85,0,0
86,0,0
87,0,0
88,0,0
89,0,0
90,0,0
91,0,0
92,0,0
93,0,0
94,0,0
95,0,0
96,0,0
97,0,0
98,0,0
99,0,0
100,0,0
101,0,0
102,0,0
103,0,0
104,0,0
105,0,0
106,0,0
107,0,0
108,0,0
109,0,0
110,0,0
