1,1,0
2,0,0
3,2,0
4,4,0
5,9,0
6,7,0
7,21,0
8,25,0
9,30,1
10,28,0
11,44,1
12,39,0
13,52,3
14,60,3
15,79,4
16,125,4
17,129,4
18,167,7
19,192,8
20,215,20
21,307,19
22,357,13
23,390,16
24,511,33
25,543,35
26,662,38
27,717,36
28,995,59
29,1099,57
30,1436,81
31,1648,68
32,1936,103
33,2261,122
34,2673,143
35,3409,166
36,3862,233
37,4716,251
38,5710,300
39,6939,328
40,8006,439
41,9684,498
42,11553,600
43,13896,710
44,17029,901
45,20521,988
46,24135,1196
47,29029,1524
48,34381,1802
49,40893,2113
50,48210,2458
51,52388,2851
52,49456,2859
53,40094,2696
54,29035,2227
55,18516,1604
56,11245,1116
57,6214,819
58,3246,493
59,1640,300
60,758,195
61,339,98
62,163,64
63,69,28
64,38,21
65,10,15
66,5,4
67,2,2
68,1,2
69,1,1
70,0,0
71,0,0
72,0,0
73,0,0
74,0,0
75,0,0
76,0,0
77,0,0
78,0,0
79,0,0
80,0,0
81,0,0
82,0,0
83,0,0
84,0,0
85,0,0
86,0,0
87,0,0
88,0,0
89,0,0
90,0,0
91,0,0
92,0,0
93,0,0
94,0,0
95,0,0
96,0,0
97,0,0
98,0,0
99,0,0
100,0,0
101,0,0
102,0,0
103,0,0
104,0,0
105,0,0
106,0,0
107,0,0
108,0,0
109,0,0
110,0,0
