1,1,0
2,0,0
3,1,0
4,5,0
5,4,0
6,5,0
7,5,0
8,2,1
9,13,0
10,5,0
11,19,0
12,20,0
13,16,3
14,13,1
15,31,1
16,47,1
17,58,1
18,54,2
19,83,1
20,77,1
21,72,5
22,101,6
23,132,8
24,190,15
25,211,12
26,272,12
27,363,14
28,402,15
29,452,20
30,563,30
31,659,41
32,857,37
33,951,53
34,1135,68
35,1319,72
36,1626,89
37,1856,103
38,2168,124
39,2653,130
40,3164,166
41,3610,185
42,4410,243
43,5351,281
44,6316,338
45,7568,372
46,9228,485
47,10598,572
48,13044,694
49,15754,876
50,18735,964
51,22456,1203
52,26894,1347
53,31748,1592
54,38102,1964
55,46025,2277
56,51908,2698
57,51065,3000
58,45014,2746
59,33216,2294
60,22566,1885
61,13769,1343
62,7862,910
63,4179,619
64,2117,371
65,1001,223
66,491,122
67,205,74
68,109,31
69,43,20
70,19,14
71,5,5
72,2,2
73,1,1
74,0,0
75,0,0
76,1,1
77,0,0
78,0,0
79,0,0
80,0,0
81,0,0
82,0,0
83,0,0
84,0,0
85,0,0
86,0,0
87,0,0
88,0,0
89,0,0
90,0,0
91,0,0
92,0,0
93,0,0
94,0,0
95,0,0
96,0,0
97,0,0
98,0,0
99,0,0
100,0,0
101,0,0
102,0,0
103,0,0
104,0,0
105,0,0
106,0,0
107,0,0
108,0,0
109,0,0
110,0,0
