1,1,0
2,0,0
3,1,0
4,2,0
5,1,0
6,3,0
7,1,0
8,6,0
9,2,0
10,3,1
11,2,0
12,2,0
13,4,0
14,4,0
15,4,0
16,8,0
17,8,0
18,11,0
19,10,0
20,9,1
21,18,1
22,15,3
23,17,1
24,27,3
25,23,1
26,22,5
27,14,1
28,28,0
29,40,2
30,67,4
31,67,4
32,72,3
33,79,6
34,87,5
35,106,7
36,167,9
37,160,9
38,168,19
39,250,13
40,260,23
41,358,16
42,410,20
43,516,18
44,572,27
45,691,39
46,820,44
47,974,54
48,1160,53
49,1372,76
50,1663,88
51,1999,102
52,2425,113
53,2810,122
54,3358,182
55,4145,187
56,5044,253
57,5810,327
58,7055,353
59,8445,470
60,9988,524
61,12191,633
62,14746,770
63,17349,919
64,20797,1037
65,25130,1312
66,29659,1636
67,36012,1833
68,42696,2199
69,49363,2529
70,52411,2913
71,47849,2863
72,38040,2546
73,26544,2098
74,16819,1495
75,9955,1078
76,5370,717
77,2817,452
78,1414,272
79,621,175
80,324,86
81,128,54
82,64,19
83,24,17
84,7,8
85,6,6
86,1,0
87,0,1
88,0,0
89,1,0
90,0,0
91,0,0
92,0,0
93,0,0
94,0,0
95,0,0
96,0,0
97,0,0
98,0,0
99,0,0
100,0,0
101,0,0
102,0,0
103,0,0
104,0,0
105,0,0
106,0,0
107,0,0
108,0,0
109,0,0
110,0,0
