1,1,0
2,0,0
3,0,0
4,0,0
5,0,0
6,1,0
7,0,0
8,3,0
9,1,0
10,1,0
11,0,0
12,6,0
13,3,1
14,1,0
15,4,0
16,0,0
17,0,0
18,6,0
19,2,0
20,5,1
21,5,0
22,6,1
23,9,0
24,7,0
25,8,0
26,4,1
27,9,2
28,9,0
29,11,1
30,16,1
31,28,0
32,30,0
33,37,3
34,35,1
35,39,3
36,51,1
37,63,6
38,55,3
39,76,8
40,94,8
41,125,4
42,117,8
43,149,10
44,188,14
45,211,11
46,264,13
47,323,21
48,314,15
49,400,19
50,498,27
51,529,31
52,696,32
53,805,41
54,1105,45
55,1166,75
56,1343,71
57,1751,95
58,2055,100
59,2495,114
60,2994,133
61,3613,188
62,4268,207
63,4956,244
64,6023,333
65,7277,410
66,8435,454
67,10302,507
68,12404,590
69,14877,763
70,17645,912
71,21194,1111
72,25355,1312
73,30039,1602
74,36364,1916
75,43521,2301
76,49604,2603
77,51617,2854
78,46407,2809
79,35835,2488
80,24977,1985
81,15574,1538
82,9077,1047
83,4981,718
84,2677,408
85,1294,257
86,579,147
87,274,68
88,120,37
89,64,22
90,24,9
91,13,11
92,3,2
