1,1,0
2,0,0
3,1,0
4,3,0
5,1,0
6,4,0
7,3,0
8,1,0
9,0,1
10,6,0
11,9,0
12,4,0
13,8,0
14,16,0
15,16,0
16,23,1
17,28,1
18,25,0
19,38,1
20,55,4
21,54,4
22,64,1
23,86,4
24,78,8
25,103,8
26,99,7
27,125,10
28,128,14
29,183,14
30,197,6
31,247,17
32,292,12
33,349,26
34,379,25
35,468,20
36,583,28
37,781,40
38,838,46
39,949,63
40,1133,64
41,1407,96
42,1698,80
43,2033,81
44,2410,137
45,2888,166
46,3485,160
47,4159,211
48,5072,252
49,5970,306
50,7050,348
51,8413,439
52,9985,565
53,11917,658
54,14541,755
55,16917,924
56,20712,1058
57,24367,1323
58,29190,1569
59,34749,1791
60,41845,2188
61,48792,2595
62,52257,2692
63,48076,2801
64,38502,2615
65,27419,2073
66,17610,1574
67,10354,1172
68,5520,722
69,2973,462
70,1445,312
71,686,156
72,314,91
73,148,48
74,66,21
75,30,14
76,8,7
77,6,3
78,1,1
79,1,1
80,0,2
81,1,0
82,0,0
83,0,0
84,0,0
85,0,0
86,0,0
87,0,0
88,0,0
89,0,0
90,0,0
91,0,0
92,0,0
