1,1,0
2,0,0
3,0,0
4,0,0
5,1,0
6,2,0
7,1,0
8,0,0
9,2,0
10,1,0
11,0,0
12,3,0
13,5,0
14,10,0
15,14,0
16,8,0
17,10,0
18,15,0
19,29,0
20,25,1
21,29,3
22,45,3
23,49,2
24,66,2
25,74,2
26,68,9
27,77,4
28,78,13
29,90,5
30,116,9
31,160,4
32,171,3
33,198,8
34,215,12
35,291,13
36,343,26
37,394,21
38,474,27
39,578,29
40,656,45
41,789,45
42,961,54
43,1153,55
44,1380,67
45,1546,90
46,1921,106
47,2175,133
48,2781,135
49,3300,159
50,3868,218
51,4811,226
52,5833,301
53,7066,324
54,8246,438
55,9888,500
56,11883,593
57,13973,708
58,16797,867
59,20418,1039
60,24330,1254
61,28937,1527
62,34352,1857
63,41287,2098
64,48441,2506
65,52703,2797
66,49639,2878
67,40615,2651
68,29413,2159
69,18875,1645
70,11125,1205
71,6278,810
72,3187,489
73,1651,288
74,787,171
75,360,74
76,166,57
77,64,26
78,20,18
79,17,9
80,4,5
81,5,3
82,1,3
83,0,0
84,1,0
85,1,0
86,0,0
87,0,0
88,0,0
89,0,0
90,0,0
91,0,0
92,0,0
