1,1,0
2,0,0
3,0,0
4,0,0
5,0,0
6,0,0
7,0,0
8,1,0
9,0,0
10,0,0
11,0,0
12,1,0
13,1,0
14,0,0
15,1,0
16,1,0
17,1,0
18,0,0
19,1,1
20,1,0
21,2,1
22,4,1
23,4,0
24,13,0
25,10,0
26,9,0
27,10,1
28,12,0
29,18,1
30,18,2
31,17,1
32,29,0
33,26,3
34,33,1
35,54,2
36,90,2
37,111,2
38,136,10
39,162,3
40,195,10
41,260,10
42,327,15
43,418,10
44,580,23
45,553,24
46,716,31
47,765,45
48,988,51
49,1173,69
50,1522,87
51,1743,97
52,2165,99
53,2505,126
54,3020,138
55,3778,166
56,4467,210
57,5437,237
58,6453,326
59,7755,381
60,9440,464
61,11043,533
62,13369,712
63,15744,768
64,18683,968
65,22594,1178
66,27257,1456
67,32315,1679
68,38636,2032
69,45842,2407
70,51793,2745
71,52151,2847
72,44973,2809
73,33957,2378
74,22632,1899
75,14225,1475
76,8054,892
77,4342,564
78,2166,347
79,1057,225
80,440,124
81,245,74
82,110,34
83,30,15
84,13,8
85,4,1
86,5,4
87,1,3
88,1,0
89,0,0
90,0,0
91,0,0
92,0,0
