1,1,0
2,0,0
3,0,0
4,0,0
5,0,0
6,1,0
7,2,0
8,2,0
9,0,0
10,2,0
11,4,0
12,8,0
13,6,0
14,7,0
15,15,0
16,24,0
17,26,1
18,22,0
19,32,1
20,21,2
21,18,2
22,30,1
23,39,3
24,40,1
25,45,4
26,49,3
27,68,3
28,81,6
29,93,5
30,117,11
31,134,9
32,160,6
33,162,3
34,207,15
35,268,19
36,294,21
37,339,26
38,349,19
39,497,27
40,539,36
41,660,40
42,849,41
43,921,43
44,1216,61
45,1411,77
46,1727,69
47,2131,95
48,2388,132
49,2936,156
50,3522,183
51,4299,216
52,5341,268
53,6227,305
54,7473,369
55,8950,506
56,10678,548
57,12725,670
58,15168,769
59,18378,897
60,21642,1122
61,26032,1318
62,31272,1576
63,37731,1936
64,44950,2277
65,51827,2592
66,53458,2863
67,47597,2907
68,36293,2418
69,24899,2015
70,15567,1490
71,9194,1024
72,4997,681
73,2569,399
74,1193,222
75,567,131
76,245,80
77,110,43
78,46,33
79,33,6
80,8,11
81,7,3
82,1,2
83,1,0
84,0,0
85,0,0
86,0,1
87,0,0
88,0,0
89,0,0
90,0,0
91,0,0
92,0,0
