1,1,0
2,0,0
3,0,0
4,0,0
5,0,0
6,0,0
7,1,0
8,0,0
9,0,0
10,0,0
11,1,0
12,0,0
13,0,0
14,0,0
15,2,0
16,2,0
17,1,0
18,1,0
19,0,0
20,2,0
21,1,0
22,0,0
23,0,1
24,3,0
25,1,0
26,6,0
27,9,0
28,8,0
29,9,0
30,15,0
31,15,0
32,13,1
33,17,3
34,29,0
35,54,3
36,60,2
37,69,3
38,92,2
39,120,6
40,124,3
41,149,8
42,195,8
43,215,17
44,260,9
45,362,17
46,434,14
47,549,28
48,630,24
49,788,19
50,853,42
51,1120,63
52,1225,52
53,1535,77
54,1752,89
55,2089,107
56,2410,139
57,2829,162
58,3259,220
59,3925,203
60,4717,274
61,5739,328
62,6768,377
63,7946,403
64,9604,533
65,11582,587
66,13711,701
67,16355,851
68,19442,981
69,23804,1220
70,28356,1450
71,33885,1719
72,40664,2025
73,48304,2452
74,52821,2738
75,51173,2925
76,42350,2709
77,31204,2312
78,20577,1798
79,12406,1234
80,7041,816
81,3623,566
82,1822,319
83,932,194
84,392,106
85,187,50
86,73,51
87,42,22
88,18,11
89,2,5
90,1,1
91,3,0
92,0,0
