1,1,0
2,0,0
3,0,0
4,0,0
5,3,0
6,1,0
7,1,0
8,4,0
9,6,0
10,2,0
11,7,0
12,7,0
13,15,0
14,23,1
15,22,2
16,33,1
17,41,1
18,48,2
19,60,2
20,72,3
21,83,4
22,85,7
23,89,6
24,111,6
25,124,6
26,188,12
27,203,14
28,201,19
29,295,17
30,315,14
31,392,22
32,434,19
33,530,28
34,618,34
35,817,39
36,925,52
37,1189,58
38,1304,72
39,1707,79
40,1995,96
41,2457,122
42,2935,158
43,3633,171
44,4299,211
45,5137,257
46,6185,295
47,7393,352
48,9012,444
49,10877,579
50,13034,667
51,15402,759
52,18509,980
53,22246,1062
54,26339,1347
55,31721,1643
56,37914,1916
57,45143,2300
58,51802,2696
59,52625,2925
60,47054,2804
61,36683,2505
62,25132,1949
63,15596,1495
64,9029,1054
65,4911,629
66,2492,386
67,1306,246
68,542,156
69,287,84
70,138,44
71,39,21
72,18,14
73,12,4
74,7,4
75,1,1
76,1,1
77,0,0
78,0,1
79,0,0
80,0,0
81,0,0
82,0,0
83,0,0
84,0,0
85,0,0
86,0,0
87,0,0
88,0,0
89,0,0
90,0,0
91,0,0
92,0,0
