1,1,0
2,0,0
3,0,0
4,1,0
5,2,0
6,0,0
7,7,0
8,2,1
9,5,0
10,4,0
11,3,0
12,7,0
13,7,0
14,7,1
15,9,0
16,17,1
17,15,1
18,16,3
19,30,1
20,29,3
21,33,2
22,46,2
23,40,2
24,43,3
25,83,4
26,111,0
27,118,5
28,136,5
29,157,7
30,194,7
31,224,11
32,248,19
33,329,20
34,349,21
35,445,21
36,499,25
37,693,36
38,796,34
39,974,59
40,1288,60
41,1440,72
42,1775,80
43,2085,103
44,2461,118
45,2903,145
46,3377,167
47,4129,229
48,4923,248
49,5831,333
50,7061,403
51,8205,425
52,9800,540
53,11493,655
54,13862,689
55,16636,907
56,19937,1015
57,24171,1187
58,28966,1450
59,34600,1736
60,41209,2107
61,48630,2615
62,52523,2752
63,49410,2907
64,39847,2684
65,28524,2145
66,18716,1566
67,10999,1149
68,6197,813
69,3186,487
70,1553,328
71,751,193
72,349,113
73,152,57
74,81,33
75,32,17
76,14,6
77,1,8
78,2,5
79,1,1
80,1,0
81,1,0
82,0,0
83,0,0
84,0,0
85,0,0
86,0,0
87,0,0
88,0,0
89,0,0
90,0,0
91,0,0
92,0,0
