1,1,0
2,0,0
3,0,0
4,0,0
5,4,0
6,1,0
7,4,0
8,3,0
9,1,0
10,1,0
11,3,0
12,4,0
13,4,0
14,5,0
15,5,0
16,1,0
17,0,0
18,2,1
19,0,2
20,4,0
21,3,0
22,2,0
23,2,0
24,7,0
25,6,0
26,10,0
27,13,0
28,6,1
29,23,0
30,11,1
31,33,0
32,28,1
33,25,1
34,37,1
35,47,2
36,55,4
37,64,2
38,111,2
39,111,7
40,129,3
41,167,12
42,215,7
43,289,19
44,320,15
45,355,26
46,489,18
47,564,28
48,719,30
49,806,43
50,944,55
51,1103,63
52,1286,62
53,1449,83
54,1757,106
55,2080,139
56,2456,132
57,3062,141
58,3533,184
59,4392,198
60,5244,242
61,6411,334
62,7487,370
63,9106,457
64,10621,516
65,12857,644
66,15202,764
67,18227,901
68,21780,1111
69,26237,1363
70,31293,1654
71,37586,1991
72,44232,2295
73,50728,2709
74,51819,2910
75,45991,2824
76,35144,2445
77,24276,1944
78,15249,1437
79,8679,1013
80,4741,620
81,2401,421
82,1221,233
83,538,159
84,274,73
85,122,37
86,43,24
87,17,8
88,8,11
89,5,1
90,0,1
91,1,1
92,0,1
