1,1,0
2,0,0
3,0,0
4,1,0
5,2,0
6,5,0
7,2,0
8,3,1
9,5,0
10,5,1
11,5,0
12,7,0
13,8,0
14,8,0
15,12,0
16,13,1
17,13,1
18,13,0
19,8,1
20,10,1
21,18,1
22,19,2
23,21,2
24,21,2
25,49,0
26,58,1
27,74,3
28,72,4
29,76,2
30,109,5
31,143,5
32,219,11
33,225,8
34,286,16
35,351,15
36,447,27
37,498,18
38,629,33
39,807,36
40,895,41
41,1031,49
42,1302,87
43,1549,96
44,1922,104
45,2346,113
46,2714,131
47,3259,165
48,3906,185
49,4910,220
50,5692,268
51,6836,358
52,8086,459
53,9641,514
54,11699,558
55,14260,698
56,16673,844
57,20115,1062
58,24446,1257
59,29248,1441
60,34740,1774
61,41745,2108
62,49557,2468
63,54653,2886
64,51547,2898
65,42603,2785
66,30560,2292
67,20243,1732
68,12100,1221
69,6670,828
70,3551,531
71,1778,296
72,861,190
73,427,107
74,198,54
75,69,39
76,26,16
77,12,6
78,6,5
79,1,1
80,1,1
81,0,0
82,0,0
83,0,0
84,0,0
85,0,0
86,0,0
87,0,0
88,0,0
89,0,0
90,0,0
91,0,0
92,0,0
