1,1,0
2,0,0
3,0,0
4,0,0
5,1,0
6,4,0
7,4,0
8,7,0
9,8,0
10,15,0
11,16,1
12,14,0
13,15,0
14,20,1
15,42,0
16,36,1
17,39,2
18,60,2
19,61,6
20,90,4
21,92,3
22,127,5
23,123,3
24,143,8
25,179,9
26,251,17
27,307,15
28,332,15
29,410,16
30,507,24
31,646,28
32,718,43
33,897,39
34,1013,46
35,1249,50
36,1466,73
37,1709,88
38,2089,105
39,2396,151
40,3001,151
41,3479,197
42,4222,206
43,4886,257
44,6009,305
45,7015,360
46,8630,406
47,10139,527
48,12316,650
49,14531,744
50,17084,854
51,20625,1070
52,24708,1300
53,29689,1511
54,35491,1801
55,42220,2190
56,49293,2531
57,52855,2867
58,48867,2871
59,39317,2533
60,27998,2079
61,17905,1528
62,10525,1178
63,5824,806
64,3094,500
65,1513,276
66,714,172
67,337,95
68,149,51
69,70,19
70,24,10
71,14,6
72,7,4
73,5,1
74,1,1
75,0,0
76,0,0
77,0,1
78,0,0
79,0,0
80,0,0
81,0,0
82,0,0
83,0,0
84,0,0
85,0,0
86,0,0
87,0,0
88,0,0
89,0,0
90,0,0
91,0,0
92,0,0
93,0,0
94,0,0
95,0,0
96,0,0
97,0,0
98,0,0
99,0,0
100,0,0
101,0,0
102,0,0
103,0,0
104,0,0
105,0,0
106,0,0
107,0,0
108,0,0
109,0,0
110,0,0
111,0,0
112,0,0
113,0,0
114,0,0
115,0,0
116,0,0
117,0,0
118,0,0
119,0,0
120,0,0
121,0,0
122,0,0
123,0,0
124,0,0
125,0,0
126,0,0
127,0,0
128,0,0
129,0,0
130,0,0
131,0,0
132,0,0
133,0,0
134,0,0
