1,1,0
2,0,0
3,0,0
4,4,0
5,6,0
6,9,0
7,10,0
8,14,1
9,21,0
10,28,1
11,42,0
12,41,0
13,39,1
14,55,4
15,58,4
16,67,6
17,81,3
18,64,3
19,73,7
20,87,11
21,99,8
22,116,13
23,171,10
24,170,11
25,207,11
26,282,14
27,308,15
28,347,22
29,432,24
30,532,30
31,632,37
32,728,29
33,909,42
34,971,62
35,1209,63
36,1405,83
37,1657,89
38,1980,115
39,2326,133
40,2874,152
41,3282,151
42,3998,221
43,4653,243
44,5637,286
45,6604,368
46,7714,409
47,9278,517
48,11130,584
49,13295,694
50,15906,852
51,19442,989
52,22894,1159
53,27438,1438
54,32666,1686
55,39104,2041
56,46859,2439
57,52438,2723
58,51308,2876
59,43467,2756
60,32610,2269
61,21696,1749
62,13151,1319
63,7444,875
64,3858,509
65,1996,345
66,983,192
67,419,130
68,197,74
69,97,33
70,34,13
71,16,5
72,6,0
73,1,5
74,0,3
75,1,2
76,0,1
77,0,0
78,0,0
79,0,0
80,0,0
81,0,0
82,0,0
83,0,0
84,0,0
85,0,0
86,0,0
87,0,0
88,0,0
89,0,0
90,0,0
91,0,0
92,0,0
93,0,0
94,0,0
95,0,0
96,0,0
97,0,0
98,0,0
99,0,0
100,0,0
101,0,0
102,0,0
103,0,0
104,0,0
105,0,0
106,0,0
107,0,0
108,0,0
109,0,0
110,0,0
111,0,0
112,0,0
113,0,0
114,0,0
115,0,0
116,0,0
117,0,0
118,0,0
119,0,0
120,0,0
121,0,0
122,0,0
123,0,0
124,0,0
125,0,0
126,0,0
127,0,0
128,0,0
129,0,0
130,0,0
131,0,0
132,0,0
133,0,0
134,0,0
