1,1,0
2,0,0
3,0,0
4,0,0
5,2,0
6,1,0
7,1,0
8,0,0
9,2,0
10,6,0
11,5,0
12,2,0
13,4,0
14,1,1
15,1,0
16,6,0
17,4,0
18,7,1
19,7,0
20,2,0
21,3,0
22,5,1
23,12,1
24,12,3
25,6,1
26,11,0
27,17,0
28,15,0
29,9,2
30,9,4
31,16,1
32,25,2
33,16,1
34,24,1
35,37,2
36,42,1
37,53,2
38,82,4
39,79,1
40,96,4
41,141,3
42,158,7
43,212,10
44,218,11
45,289,11
46,297,17
47,391,19
48,434,27
49,542,32
50,587,29
51,697,39
52,832,51
53,1101,48
54,1282,56
55,1521,78
56,1794,90
57,2110,114
58,2530,131
59,3048,162
60,3594,196
61,4178,230
62,5124,294
63,5754,304
64,7142,428
65,8344,421
66,9951,525
67,11915,639
68,14149,742
69,16711,915
70,20049,1062
71,24658,1234
72,29451,1502
73,35586,1846
74,42319,2147
75,48976,2505
76,51658,2812
77,48234,2843
78,38539,2651
79,27252,2160
80,17233,1530
81,10337,1122
82,5553,780
83,2874,492
84,1430,278
85,711,156
86,308,81
87,144,56
88,41,34
89,23,19
90,7,7
91,10,2
92,4,3
93,0,2
94,1,1
95,0,0
96,0,0
97,0,0
98,0,0
99,0,0
100,0,0
101,0,0
102,0,0
103,0,0
104,0,0
105,0,0
106,0,0
107,0,0
108,0,0
109,0,0
110,0,0
111,0,0
112,0,0
113,0,0
114,0,0
115,0,0
116,0,0
117,0,0
118,0,0
119,0,0
120,0,0
121,0,0
122,0,0
123,0,0
124,0,0
125,0,0
126,0,0
127,0,0
128,0,0
129,0,0
130,0,0
131,0,0
132,0,0
133,0,0
134,0,0
