1,1,0
2,0,0
3,0,0
4,0,0
5,0,0
6,1,0
7,0,0
8,0,0
9,1,0
10,1,0
11,0,0
12,2,0
13,3,0
14,1,0
15,3,0
16,7,0
17,7,0
18,10,1
19,12,0
20,30,0
21,27,0
22,30,4
23,30,1
24,45,2
25,48,1
26,51,0
27,59,2
28,83,5
29,82,6
30,97,3
31,136,8
32,180,14
33,202,8
34,229,8
35,263,15
36,284,15
37,344,18
38,388,25
39,468,36
40,531,32
41,675,44
42,781,49
43,960,37
44,1073,52
45,1247,77
46,1578,80
47,1859,110
48,2257,102
49,2694,145
50,3222,162
51,3819,197
52,4580,241
53,5406,292
54,6553,345
55,7777,392
56,9232,457
57,11210,586
58,13464,702
59,15680,785
60,19010,942
61,22771,1156
62,27612,1412
63,32724,1672
64,39100,2037
65,46861,2343
66,52791,2774
67,52151,2939
68,45355,2746
69,33834,2449
70,22880,1859
71,13935,1386
72,7978,931
73,4221,608
74,2267,359
75,1018,229
76,514,129
77,199,97
78,105,34
79,40,21
80,18,6
81,3,5
82,6,3
83,1,1
84,0,0
85,0,0
86,0,0
87,0,0
88,0,0
89,0,0
90,0,0
91,0,0
92,0,0
93,0,0
94,0,0
95,0,0
96,0,0
97,0,0
98,0,0
99,0,0
100,0,0
101,0,0
102,0,0
103,0,0
104,0,0
105,0,0
106,0,0
107,0,0
108,0,0
109,0,0
110,0,0
111,0,0
112,0,0
113,0,0
114,0,0
115,0,0
116,0,0
117,0,0
118,0,0
119,0,0
120,0,0
121,0,0
122,0,0
123,0,0
124,0,0
125,0,0
126,0,0
127,0,0
128,0,0
129,0,0
130,0,0
131,0,0
132,0,0
133,0,0
134,0,0
