1,1,0
2,0,0
3,0,0
4,0,0
5,0,0
6,1,0
7,0,0
8,0,0
9,3,0
10,7,0
11,0,0
12,3,0
13,6,0
14,6,2
15,2,1
16,0,0
17,1,0
18,4,0
19,2,0
20,5,0
21,1,0
22,4,0
23,5,0
24,10,1
25,8,0
26,9,0
27,10,0
28,7,0
29,11,0
30,16,1
31,15,1
32,14,2
33,12,0
34,14,2
35,22,1
36,32,1
37,33,5
38,33,4
39,56,2
40,55,0
41,72,7
42,94,4
43,99,4
44,96,4
45,105,7
46,121,16
47,145,10
48,160,10
49,202,10
50,231,19
51,244,20
52,367,15
53,373,30
54,417,25
55,518,26
56,671,28
57,798,32
58,950,34
59,1043,71
60,1229,72
61,1445,73
62,1762,84
63,2078,114
64,2510,136
65,3114,155
66,3772,176
67,4487,220
68,5333,228
69,6094,305
70,7326,391
71,8721,433
72,10726,504
73,12824,653
74,14917,826
75,18374,985
76,21778,1136
77,25942,1341
78,30610,1611
79,37153,1911
80,44058,2256
81,50758,2655
82,52164,2934
83,46397,2847
84,35824,2454
85,24593,1998
86,15378,1427
87,8770,953
88,4663,672
89,2465,410
90,1169,252
91,542,135
92,257,80
93,112,49
94,46,24
95,26,12
96,6,7
97,3,2
98,3,3
99,0,1
100,0,0
101,0,0
102,0,0
103,0,0
104,0,0
105,0,0
106,0,0
107,0,0
108,0,0
109,0,0
110,0,0
111,0,0
112,0,0
113,0,0
114,0,0
115,0,0
116,0,0
117,0,0
118,0,0
119,0,0
120,0,0
121,0,0
122,0,0
123,0,0
124,0,0
125,0,0
126,0,0
127,0,0
128,0,0
129,0,0
130,0,0
131,0,0
132,0,0
133,0,0
134,0,0
