1,1,0
2,0,0
3,0,0
4,1,0
5,9,0
6,8,0
7,9,0
8,17,0
9,13,1
10,22,1
11,25,2
12,43,3
13,51,4
14,45,2
15,72,3
16,96,3
17,78,4
18,123,5
19,138,7
20,140,12
21,161,9
22,190,14
23,212,16
24,275,13
25,393,16
26,383,28
27,519,37
28,605,38
29,684,40
30,800,35
31,964,55
32,1182,58
33,1460,68
34,1812,82
35,2199,116
36,2633,119
37,3058,149
38,3543,203
39,4167,215
40,5053,297
41,6065,330
42,7388,380
43,8770,467
44,10528,551
45,12743,579
46,14975,811
47,18022,913
48,21473,1104
49,25725,1380
50,30296,1550
51,36844,1904
52,43724,2224
53,50116,2589
54,52593,2972
55,46962,2811
56,36832,2505
57,25494,1998
58,16129,1512
59,9334,1032
60,5192,708
61,2565,390
62,1308,248
63,637,138
64,276,71
65,129,40
66,58,26
67,30,12
68,11,12
69,2,2
70,1,3
71,0,2
72,1,0
73,0,1
74,0,0
75,0,0
76,0,1
77,0,0
78,0,0
79,0,0
80,0,0
81,0,0
82,0,0
83,0,0
84,0,0
85,0,0
86,0,0
87,0,0
88,0,0
89,0,0
90,0,0
91,0,0
92,0,0
93,0,0
94,0,0
95,0,0
96,0,0
97,0,0
98,0,0
99,0,0
100,0,0
101,0,0
102,0,0
103,0,0
104,0,0
105,0,0
106,0,0
107,0,0
108,0,0
109,0,0
110,0,0
111,0,0
112,0,0
113,0,0
114,0,0
115,0,0
116,0,0
117,0,0
118,0,0
119,0,0
120,0,0
121,0,0
122,0,0
123,0,0
124,0,0
125,0,0
126,0,0
127,0,0
128,0,0
129,0,0
130,0,0
131,0,0
132,0,0
133,0,0
134,0,0
