1,1,0
2,0,0
3,0,0
4,1,0
5,1,0
6,0,0
7,1,0
8,5,0
9,0,0
10,2,0
11,2,0
12,7,0
13,3,0
14,7,0
15,4,1
16,11,0
17,9,3
18,11,1
19,13,2
20,11,2
21,15,0
22,20,1
23,16,2
24,25,1
25,34,4
26,29,2
27,41,1
28,53,4
29,62,3
30,66,4
31,102,4
32,154,6
33,155,10
34,176,9
35,229,9
36,246,18
37,345,12
38,370,25
39,377,19
40,450,26
41,614,32
42,657,36
43,761,41
44,875,50
45,1023,54
46,1240,80
47,1558,88
48,1746,74
49,2112,95
50,2455,157
51,3100,167
52,3495,200
53,4180,193
54,5005,240
55,5899,311
56,7228,386
57,8648,441
58,10158,580
59,12208,670
60,14648,752
61,17651,873
62,21121,1100
63,25315,1303
64,29970,1548
65,36259,1865
66,42843,2235
67,50443,2678
68,52500,2816
69,48234,2859
70,38210,2518
71,26765,2076
72,16964,1570
73,9963,1078
74,5468,732
75,2918,474
76,1376,269
77,725,162
78,333,86
79,136,48
80,46,23
81,27,20
82,8,7
83,2,5
84,1,0
85,0,2
86,0,0
87,0,0
88,0,0
89,0,0
90,0,0
91,0,0
92,0,0
93,0,0
94,0,0
95,0,0
96,0,0
97,0,0
98,0,0
99,0,0
100,0,0
101,0,0
102,0,0
103,0,0
104,0,0
105,0,0
106,0,0
107,0,0
108,0,0
109,0,0
110,0,0
111,0,0
112,0,0
113,0,0
114,0,0
115,0,0
116,0,0
117,0,0
118,0,0
119,0,0
120,0,0
121,0,0
122,0,0
123,0,0
124,0,0
125,0,0
126,0,0
127,0,0
128,0,0
129,0,0
130,0,0
131,0,0
132,0,0
133,0,0
134,0,0
