1,1,0
2,0,0
3,0,0
4,1,0
5,3,0
6,4,0
7,4,0
8,1,0
9,3,0
10,4,0
11,4,0
12,4,0
13,4,0
14,9,2
15,2,0
16,6,1
17,13,0
18,14,2
19,9,0
20,10,0
21,22,1
22,25,0
23,34,1
24,43,4
25,41,1
26,47,1
27,37,3
28,57,2
29,62,1
30,65,6
31,97,3
32,129,6
33,170,3
34,187,5
35,211,15
36,253,12
37,292,18
38,339,19
39,358,21
40,449,31
41,528,34
42,661,28
43,790,44
44,924,45
45,1168,49
46,1449,87
47,1644,76
48,1980,90
49,2499,131
50,2969,147
51,3542,179
52,4099,249
53,5007,255
54,5898,337
55,6901,337
56,8414,425
57,9804,564
58,12015,608
59,14177,723
60,17160,917
61,20252,1014
62,24554,1231
63,28952,1502
64,34962,1881
65,42177,2142
66,49843,2494
67,53783,2766
68,50863,2979
69,41333,2687
70,30009,2120
71,19236,1609
72,11361,1184
73,6438,797
74,3224,508
75,1661,291
76,789,189
77,347,88
78,158,59
79,65,36
80,33,18
81,6,3
82,8,4
83,3,3
84,1,0
85,0,0
86,0,0
87,0,0
88,0,0
89,0,0
90,0,0
91,0,0
92,0,0
93,0,0
94,0,0
95,0,0
96,0,0
97,0,0
98,0,0
99,0,0
100,0,0
101,0,0
102,0,0
103,0,0
104,0,0
105,0,0
106,0,0
107,0,0
108,0,0
109,0,0
110,0,0
111,0,0
112,0,0
113,0,0
114,0,0
115,0,0
116,0,0
117,0,0
118,0,0
119,0,0
120,0,0
121,0,0
122,0,0
123,0,0
124,0,0
125,0,0
126,0,0
127,0,0
128,0,0
129,0,0
130,0,0
131,0,0
132,0,0
133,0,0
134,0,0
