1,1,0
2,0,0
3,0,0
4,0,0
5,1,0
6,5,0
7,4,0
8,2,0
9,3,0
10,1,0
11,6,2
12,3,0
13,3,0
14,3,1
15,1,1
16,2,0
17,0,0
18,3,1
19,1,0
20,3,0
21,5,0
22,6,0
23,4,0
24,4,2
25,0,0
26,10,1
27,9,0
28,3,1
29,17,1
30,10,2
31,9,1
32,20,0
33,26,1
34,29,0
35,28,1
36,41,2
37,44,1
38,53,2
39,61,5
40,60,6
41,78,3
42,112,2
43,115,9
44,166,5
45,213,12
46,229,9
47,266,14
48,327,20
49,386,16
50,449,20
51,528,24
52,696,30
53,811,43
54,992,55
55,1163,69
56,1404,68
57,1655,92
58,1888,102
59,2297,108
60,2738,177
61,3319,173
62,3872,200
63,4740,231
64,5621,306
65,6810,350
66,8028,424
67,9570,526
68,11637,624
69,13692,658
70,16331,904
71,19482,1026
72,23146,1169
73,27599,1419
74,33195,1729
75,39884,2131
76,46344,2487
77,51925,2768
78,49781,2942
79,42073,2661
80,30500,2300
81,20017,1781
82,12304,1212
83,6914,828
84,3689,510
85,1886,329
86,885,179
87,396,119
88,209,65
89,84,40
90,45,17
91,19,11
92,6,8
93,3,5
94,3,0
95,0,0
96,0,0
97,0,0
98,0,0
99,0,0
100,0,0
101,0,0
102,0,0
103,0,0
104,0,0
105,0,0
106,0,0
107,0,0
108,0,0
109,0,0
110,0,0
111,0,0
112,0,0
113,0,0
114,0,0
115,0,0
116,0,0
117,0,0
118,0,0
119,0,0
120,0,0
121,0,0
122,0,0
123,0,0
124,0,0
125,0,0
126,0,0
127,0,0
128,0,0
129,0,0
130,0,0
131,0,0
132,0,0
133,0,0
134,0,0
