1,1,0
2,0,0
3,1,0
4,2,0
5,11,0
6,11,0
7,14,0
8,22,0
9,29,1
10,36,1
11,42,1
12,59,1
13,63,2
14,76,5
15,61,3
16,78,4
17,95,6
18,108,7
19,145,10
20,154,7
21,206,9
22,215,11
23,285,19
24,311,18
25,381,30
26,453,19
27,556,33
28,674,43
29,726,48
30,828,53
31,1035,68
32,1216,60
33,1465,80
34,1811,96
35,2119,113
36,2574,146
37,3074,162
38,3747,185
39,4445,245
40,5245,282
41,6468,315
42,7787,384
43,9158,454
44,11064,579
45,12991,679
46,15286,779
47,18621,955
48,22069,1179
49,26276,1379
50,31050,1653
51,37732,1870
52,44443,2310
53,50113,2681
54,50354,2918
55,43857,2757
56,33228,2442
57,22424,1955
58,13801,1418
59,7800,895
60,4231,621
61,2167,373
62,1072,215
63,495,105
64,230,73
65,82,39
66,32,19
67,22,11
68,3,6
69,7,3
70,0,0
71,0,0
72,0,0
73,0,0
74,0,0
75,0,0
76,0,0
77,0,0
78,0,0
79,0,0
80,0,0
81,0,0
82,0,0
83,0,0
84,0,0
85,0,0
86,0,0
87,0,0
88,0,0
89,0,0
90,0,0
91,0,0
92,0,0
93,0,0
94,0,0
95,0,0
96,0,0
97,0,0
98,0,0
99,0,0
100,0,0
101,0,0
102,0,0
103,0,0
104,0,0
105,0,0
106,0,0
107,0,0
108,0,0
109,0,0
110,0,0
111,0,0
112,0,0
113,0,0
114,0,0
115,0,0
116,0,0
117,0,0
118,0,0
119,0,0
120,0,0
121,0,0
122,0,0
123,0,0
124,0,0
125,0,0
126,0,0
127,0,0
128,0,0
129,0,0
130,0,0
131,0,0
132,0,0
133,0,0
134,0,0
