1,1,0
2,0,0
3,0,0
4,1,0
5,0,0
6,0,0
7,2,0
8,5,1
9,3,0
10,3,0
11,1,0
12,2,0
13,3,0
14,2,0
15,4,0
16,11,1
17,16,0
18,15,1
19,17,1
20,23,2
21,26,2
22,25,2
23,32,1
24,22,1
25,36,1
26,48,4
27,52,2
28,64,6
29,53,5
30,96,4
31,119,4
32,176,7
33,201,5
34,197,15
35,257,18
36,315,13
37,390,25
38,476,25
39,520,16
40,675,43
41,760,50
42,954,59
43,1134,56
44,1275,68
45,1521,78
46,1885,103
47,2343,107
48,2660,142
49,3239,162
50,3763,188
51,4548,228
52,5427,293
53,6337,353
54,7467,407
55,9296,472
56,10882,528
57,13025,665
58,15425,858
59,18858,985
60,22073,1082
61,26321,1365
62,31466,1666
63,37997,1888
64,45419,2341
65,51580,2666
66,51937,2904
67,45015,2814
68,34276,2347
69,23226,1852
70,14557,1380
71,8311,986
72,4384,606
73,2339,379
74,1093,219
75,504,117
76,223,94
77,105,34
78,43,16
79,11,8
80,6,8
81,5,1
82,3,0
83,1,0
84,0,0
85,0,1
86,0,0
87,0,0
88,0,0
89,0,0
90,0,0
91,0,0
92,0,0
93,0,0
94,0,0
95,0,0
96,0,0
97,0,0
98,0,0
99,0,0
100,0,0
101,0,0
102,0,0
103,0,0
104,0,0
105,0,0
106,0,0
107,0,0
108,0,0
109,0,0
110,0,0
111,0,0
112,0,0
113,0,0
114,0,0
115,0,0
116,0,0
117,0,0
118,0,0
119,0,0
120,0,0
121,0,0
122,0,0
123,0,0
124,0,0
125,0,0
126,0,0
127,0,0
128,0,0
129,0,0
130,0,0
131,0,0
132,0,0
133,0,0
134,0,0
