1,1,0
2,0,0
3,0,0
4,1,0
5,0,0
6,0,0
7,1,0
8,3,0
9,2,0
10,2,0
11,0,1
12,4,0
13,3,1
14,6,0
15,16,1
16,17,1
17,14,0
18,18,0
19,24,0
20,35,1
21,50,3
22,45,2
23,79,3
24,84,1
25,125,4
26,120,7
27,180,5
28,194,6
29,206,11
30,231,8
31,286,13
32,334,29
33,397,22
34,488,27
35,539,28
36,651,34
37,751,43
38,902,48
39,1132,63
40,1243,66
41,1521,85
42,1791,102
43,2105,133
44,2605,150
45,3138,178
46,3861,160
47,4424,207
48,5310,282
49,6347,311
50,7630,414
51,9258,498
52,10955,571
53,13202,619
54,15781,808
55,18605,921
56,22562,1156
57,27067,1385
58,32374,1708
59,38725,2022
60,46184,2433
61,52025,2687
62,51553,2731
63,44587,2762
64,33432,2386
65,22189,1891
66,13813,1342
67,7967,988
68,4143,597
69,2155,385
70,1060,212
71,479,130
72,216,74
73,79,36
74,35,24
75,13,11
76,10,2
77,2,6
78,1,4
79,0,0
80,0,0
81,0,0
82,0,0
83,0,0
84,0,0
85,0,0
86,0,0
87,0,0
88,0,0
89,0,0
90,0,0
91,0,0
92,0,0
93,0,0
94,0,0
95,0,0
96,0,0
97,0,0
98,0,0
99,0,0
100,0,0
101,0,0
102,0,0
103,0,0
104,0,0
105,0,0
106,0,0
107,0,0
108,0,0
109,0,0
110,0,0
111,0,0
112,0,0
113,0,0
114,0,0
115,0,0
116,0,0
117,0,0
118,0,0
119,0,0
120,0,0
121,0,0
122,0,0
123,0,0
124,0,0
125,0,0
126,0,0
127,0,0
128,0,0
129,0,0
130,0,0
131,0,0
132,0,0
133,0,0
134,0,0
