1,1,0
2,0,0
3,1,0
4,1,0
5,0,0
6,2,0
7,0,0
8,6,0
9,3,0
10,1,0
11,4,1
12,5,0
13,11,0
14,7,0
15,9,1
16,6,4
17,11,1
18,22,0
19,18,1
20,17,1
21,21,1
22,13,2
23,26,2
24,27,2
25,34,3
26,37,4
27,50,1
28,51,3
29,61,5
30,102,2
31,87,5
32,82,5
33,120,3
34,157,10
35,175,11
36,222,11
37,287,17
38,303,18
39,388,15
40,464,26
41,564,26
42,615,23
43,701,36
44,820,51
45,1017,69
46,1174,73
47,1433,71
48,1799,103
49,2094,115
50,2622,117
51,3115,159
52,3612,173
53,4374,209
54,5177,254
55,6075,327
56,7137,398
57,8577,491
58,10244,528
59,12316,627
60,14695,756
61,17483,916
62,20783,1107
63,25036,1333
64,29799,1557
65,35969,1845
66,43383,2201
67,49875,2638
68,52718,2834
69,48098,2836
70,37846,2534
71,26727,2091
72,16688,1575
73,9737,1082
74,5375,693
75,2841,435
76,1384,267
77,650,153
78,290,81
79,128,43
80,66,23
81,26,13
82,11,6
83,4,5
84,4,1
85,2,2
86,0,0
87,0,1
88,0,0
89,0,0
90,0,0
91,0,0
92,0,0
93,0,0
94,0,0
95,0,0
96,0,0
97,0,0
98,0,0
99,0,0
100,0,0
101,0,0
102,0,0
103,0,0
104,0,0
105,0,0
106,0,0
107,0,0
108,0,0
109,0,0
110,0,0
111,0,0
112,0,0
113,0,0
114,0,0
115,0,0
116,0,0
117,0,0
118,0,0
119,0,0
120,0,0
121,0,0
122,0,0
123,0,0
124,0,0
125,0,0
126,0,0
127,0,0
128,0,0
129,0,0
130,0,0
131,0,0
132,0,0
133,0,0
134,0,0
