1,1,0
2,0,0
3,0,0
4,1,0
5,0,0
6,2,0
7,3,0
8,1,0
9,4,0
10,2,0
11,9,0
12,1,1
13,3,0
14,3,0
15,8,1
16,5,0
17,6,0
18,10,2
19,11,1
20,7,1
21,8,0
22,12,2
23,5,1
24,10,0
25,17,1
26,15,3
27,18,1
28,19,3
29,27,0
30,22,0
31,40,2
32,40,2
33,41,3
34,51,2
35,54,0
36,76,5
37,66,9
38,89,5
39,109,7
40,124,2
41,161,3
42,178,14
43,230,16
44,263,13
45,337,19
46,353,18
47,465,21
48,579,27
49,674,28
50,856,42
51,1033,56
52,1236,60
53,1554,64
54,1737,85
55,2102,112
56,2503,111
57,2994,163
58,3421,190
59,4340,212
60,5054,264
61,5988,302
62,7109,363
63,8752,436
64,10537,564
65,12294,622
66,14621,739
67,17467,887
68,21066,1089
69,25518,1299
70,30424,1528
71,36159,1904
72,43111,2252
73,50414,2643
74,53255,2869
75,48805,2887
76,38456,2564
77,27193,2083
78,17223,1565
79,10088,1135
80,5476,682
81,2872,464
82,1367,270
83,742,140
84,326,89
85,128,58
86,56,36
87,31,8
88,19,4
89,5,3
90,3,3
91,0,2
92,0,0
93,0,0
94,0,0
95,0,0
96,0,0
97,0,0
98,0,0
99,0,0
100,0,0
101,0,0
102,0,0
103,0,0
104,0,0
105,0,0
106,0,0
107,0,0
108,0,0
109,0,0
110,0,0
111,0,0
112,0,0
113,0,0
114,0,0
115,0,0
116,0,0
117,0,0
118,0,0
119,0,0
120,0,0
121,0,0
122,0,0
123,0,0
124,0,0
125,0,0
126,0,0
127,0,0
128,0,0
129,0,0
130,0,0
131,0,0
132,0,0
133,0,0
134,0,0
