1,1,0
2,0,0
3,0,0
4,4,0
5,5,0
6,7,0
7,8,0
8,4,0
9,7,1
10,5,1
11,14,2
12,22,0
13,22,0
14,32,2
15,36,1
16,59,0
17,59,2
18,75,6
19,68,2
20,99,6
21,134,7
22,157,6
23,172,8
24,185,9
25,209,13
26,273,14
27,276,17
28,358,27
29,429,22
30,555,29
31,635,29
32,745,47
33,972,37
34,1115,64
35,1298,63
36,1529,85
37,1755,103
38,2290,120
39,2591,130
40,3077,165
41,3736,201
42,4338,246
43,5177,279
44,6204,344
45,7559,416
46,8924,438
47,10874,556
48,12812,675
49,15534,798
50,18638,936
51,22324,1133
52,26641,1374
53,31626,1605
54,37795,1932
55,45050,2369
56,51049,2791
57,51216,2842
58,44198,2735
59,33287,2327
60,22421,1836
61,13575,1407
62,7663,956
63,3963,648
64,2105,375
65,1050,225
66,497,118
67,234,60
68,97,36
69,36,21
70,19,11
71,9,7
72,1,8
73,1,2
74,1,2
75,0,0
76,1,0
77,0,0
78,0,0
79,0,0
80,0,0
81,0,0
82,0,0
83,0,0
84,0,0
85,0,0
86,0,0
87,0,0
88,0,0
89,0,0
90,0,0
91,0,0
92,0,0
93,0,0
94,0,0
95,0,0
96,0,0
97,0,0
98,0,0
99,0,0
100,0,0
101,0,0
102,0,0
103,0,0
104,0,0
105,0,0
106,0,0
107,0,0
108,0,0
109,0,0
