1,1,0
2,0,0
3,0,0
4,1,0
5,2,0
6,1,0
7,1,0
8,1,0
9,4,0
10,5,0
11,3,0
12,5,0
13,5,0
14,2,1
15,5,0
16,9,0
17,18,0
18,17,0
19,11,0
20,5,1
21,11,1
22,10,1
23,7,2
24,16,1
25,24,0
26,18,3
27,35,0
28,47,1
29,55,3
30,64,1
31,80,3
32,98,4
33,109,4
34,127,6
35,138,11
36,180,9
37,207,17
38,257,11
39,270,11
40,381,20
41,440,20
42,453,27
43,581,36
44,674,43
45,819,35
46,935,60
47,1146,55
48,1311,86
49,1603,77
50,2028,90
51,2364,121
52,2746,163
53,3278,178
54,4017,215
55,4871,257
56,5829,299
57,6957,363
58,8410,455
59,10083,443
60,12037,597
61,14354,679
62,17138,837
63,20275,1042
64,24367,1258
65,29351,1476
66,35126,1778
67,41865,2054
68,49092,2574
69,52935,2922
70,49511,2856
71,39831,2677
72,28625,2210
73,18903,1720
74,10979,1189
75,6301,827
76,3193,523
77,1641,284
78,764,169
79,361,102
80,169,57
81,71,31
82,26,12
83,11,13
84,6,5
85,4,1
86,2,0
87,0,1
88,0,1
89,0,0
90,0,0
91,0,0
92,0,0
93,0,0
94,0,0
95,0,0
96,0,0
97,0,0
98,0,0
99,0,0
100,0,0
101,0,0
102,0,0
103,0,0
104,0,0
105,0,0
106,0,0
107,0,0
108,0,0
109,0,0
