1,1,0
2,0,0
3,0,0
4,0,0
5,2,0
6,3,0
7,0,0
8,1,0
9,0,0
10,0,1
11,2,0
12,3,0
13,0,0
14,1,1
15,5,0
16,2,0
17,3,0
18,9,0
19,8,0
20,5,0
21,1,2
22,6,0
23,11,1
24,8,1
25,9,2
26,9,4
27,10,0
28,13,0
29,23,1
30,24,1
31,29,1
32,24,1
33,38,1
34,29,3
35,44,1
36,43,2
37,48,1
38,43,6
39,63,6
40,88,8
41,113,1
42,104,5
43,145,6
44,165,5
45,222,16
46,242,12
47,291,25
48,332,9
49,348,18
50,432,31
51,570,24
52,665,26
53,780,46
54,979,43
55,1195,59
56,1420,75
57,1700,86
58,2060,103
59,2427,144
60,3057,130
61,3445,167
62,4126,223
63,4899,258
64,5860,313
65,7065,357
66,8421,427
67,9948,534
68,12015,620
69,14510,722
70,17499,863
71,21271,1068
72,25059,1260
73,30195,1522
74,35839,1841
75,42728,2144
76,49865,2597
77,53268,2928
78,49269,2951
79,39596,2593
80,28339,2148
81,17858,1648
82,10683,1182
83,5924,743
84,3059,509
85,1521,320
86,750,184
87,327,87
88,160,49
89,65,30
90,25,10
91,15,5
92,3,8
93,1,6
94,1,2
95,1,0
96,0,1
97,0,1
98,0,0
99,0,0
100,0,0
101,0,0
102,0,0
103,0,0
104,0,0
105,0,0
106,0,0
107,0,0
108,0,0
109,0,0
