1,1,0
2,0,0
3,0,0
4,0,0
5,1,0
6,4,0
7,2,0
8,5,0
9,5,1
10,6,0
11,6,0
12,16,1
13,12,0
14,12,1
15,27,1
16,35,0
17,42,2
18,58,1
19,60,1
20,58,2
21,79,5
22,87,4
23,118,9
24,155,6
25,162,8
26,177,15
27,266,16
28,274,12
29,338,19
30,372,20
31,418,24
32,533,28
33,625,34
34,789,41
35,907,40
36,1102,61
37,1241,68
38,1497,80
39,1921,89
40,2229,108
41,2735,128
42,3341,153
43,4053,205
44,4850,239
45,5687,245
46,6737,345
47,8138,428
48,9681,494
49,11576,611
50,14065,729
51,16672,906
52,19750,969
53,23213,1205
54,28299,1486
55,33767,1690
56,40370,2119
57,47717,2545
58,52272,2797
59,51193,3001
60,42767,2720
61,31263,2309
62,20706,1739
63,12398,1326
64,6965,819
65,3737,524
66,1901,337
67,862,196
68,424,117
69,184,63
70,78,26
71,32,13
72,20,9
73,5,5
74,1,7
75,1,1
76,0,1
77,0,0
78,0,0
79,0,0
80,0,0
81,0,0
82,0,0
83,0,0
84,0,0
85,0,0
86,0,0
87,0,0
88,0,0
89,0,0
90,0,0
91,0,0
92,0,0
93,0,0
94,0,0
95,0,0
96,0,0
97,0,0
98,0,0
99,0,0
100,0,0
101,0,0
102,0,0
103,0,0
104,0,0
105,0,0
106,0,0
107,0,0
108,0,0
109,0,0
