1,1,0
2,0,0
3,0,0
4,0,0
5,1,0
6,1,0
7,1,0
8,0,0
9,1,0
10,0,0
11,0,0
12,1,0
13,0,0
14,1,0
15,1,0
16,3,0
17,0,0
18,1,0
19,2,0
20,0,0
21,4,0
22,1,0
23,7,0
24,5,1
25,7,1
26,12,1
27,14,0
28,23,0
29,34,0
30,39,2
31,39,0
32,37,2
33,45,1
34,69,4
35,49,2
36,54,6
37,73,8
38,100,8
39,87,7
40,88,5
41,108,9
42,145,9
43,147,14
44,189,12
45,267,10
46,330,6
47,371,16
48,405,20
49,506,17
50,579,30
51,703,45
52,826,49
53,1001,50
54,1227,51
55,1413,76
56,1703,109
57,1983,105
58,2434,120
59,2910,142
60,3468,172
61,4201,222
62,4983,263
63,6050,300
64,7120,372
65,8589,460
66,9990,564
67,11931,629
68,14190,769
69,17289,924
70,20640,1051
71,24557,1268
72,28940,1493
73,34360,1852
74,41144,2158
75,48370,2500
76,51696,2778
77,47936,2789
78,38327,2498
79,27237,2171
80,17483,1639
81,10268,1092
82,5718,742
83,2881,460
84,1454,283
85,687,168
86,301,89
87,127,62
88,63,20
89,27,16
90,8,8
91,7,9
92,2,3
93,0,1
94,0,1
95,1,0
96,0,0
97,0,0
98,0,0
99,0,0
100,0,0
101,0,0
102,0,0
103,0,0
104,0,0
105,0,0
106,0,0
107,0,0
108,0,0
109,0,0
