1,1,0
2,0,0
3,0,0
4,0,0
5,2,0
6,2,0
7,1,0
8,1,0
9,1,0
10,2,0
11,0,0
12,0,0
13,0,1
14,1,0
15,1,0
16,0,0
17,7,0
18,4,0
19,7,1
20,8,0
21,6,0
22,3,1
23,5,0
24,8,1
25,14,0
26,5,1
27,1,1
28,9,1
29,7,0
30,12,1
31,6,0
32,17,0
33,20,0
34,25,0
35,25,2
36,23,0
37,27,2
38,29,3
39,23,0
40,35,6
41,41,3
42,30,4
43,51,10
44,72,4
45,97,3
46,87,6
47,106,5
48,123,6
49,178,7
50,184,10
51,211,10
52,253,15
53,298,19
54,285,13
55,341,24
56,467,32
57,501,30
58,629,36
59,692,54
60,814,53
61,966,58
62,1187,60
63,1359,82
64,1720,99
65,2069,102
66,2348,135
67,2715,151
68,3324,171
69,4035,176
70,4838,260
71,5798,309
72,6793,347
73,7979,411
74,9641,489
75,11322,597
76,13740,731
77,16491,884
78,19359,1014
79,23227,1190
80,27866,1444
81,33258,1716
82,40096,2015
83,47484,2453
84,51897,2799
85,50058,2966
86,41768,2643
87,30645,2168
88,20190,1767
89,12068,1214
90,6795,883
91,3710,591
92,1759,334
93,877,210
94,416,104
95,216,72
96,84,43
97,44,23
98,10,13
99,6,2
100,2,2
101,1,0
102,0,0
103,0,0
104,0,0
105,0,0
106,0,0
107,0,0
108,0,0
109,0,0
