1,1,0
2,0,0
3,0,0
4,1,0
5,7,0
6,4,0
7,4,0
8,2,0
9,7,0
10,7,1
11,5,0
12,11,0
13,14,0
14,25,2
15,24,1
16,31,0
17,42,2
18,28,1
19,30,1
20,57,2
21,66,3
22,72,2
23,70,6
24,115,6
25,128,4
26,174,5
27,218,7
28,248,14
29,376,14
30,384,26
31,463,23
32,552,26
33,670,43
34,776,47
35,931,40
36,1123,52
37,1336,58
38,1545,85
39,1829,99
40,2209,133
41,2657,127
42,3275,121
43,3902,210
44,4707,236
45,5514,298
46,6593,325
47,7910,420
48,9480,489
49,11296,582
50,13697,701
51,16385,839
52,19649,974
53,23310,1230
54,28099,1431
55,33551,1649
56,40426,2098
57,47491,2431
58,52561,2703
59,51100,2958
60,42805,2774
61,31824,2389
62,20898,1822
63,12807,1317
64,7056,833
65,3668,554
66,1944,341
67,890,179
68,428,107
69,168,70
70,86,39
71,34,16
72,21,12
73,7,4
74,3,4
75,2,0
76,0,1
77,0,0
78,0,0
79,0,0
80,0,0
81,0,0
82,0,0
83,0,0
84,0,0
85,0,0
86,0,0
87,0,0
88,0,0
89,0,0
90,0,0
91,0,0
92,0,0
93,0,0
94,0,0
95,0,0
96,0,0
97,0,0
98,0,0
99,0,0
100,0,0
101,0,0
102,0,0
103,0,0
104,0,0
105,0,0
106,0,0
107,0,0
108,0,0
109,0,0
