1,1,0
2,0,0
3,0,0
4,2,0
5,0,0
6,0,0
7,0,0
8,4,0
9,5,0
10,2,0
11,2,0
12,1,0
13,3,0
14,2,0
15,4,2
16,1,0
17,1,0
18,0,0
19,2,1
20,2,0
21,1,0
22,2,0
23,4,0
24,1,1
25,0,0
26,1,0
27,1,2
28,3,0
29,1,0
30,1,1
31,2,0
32,2,0
33,3,0
34,3,0
35,1,1
36,1,0
37,4,0
38,12,0
39,7,0
40,4,0
41,9,1
42,13,0
43,7,0
44,13,1
45,14,1
46,21,0
47,34,2
48,49,0
49,26,5
50,46,1
51,55,6
52,62,1
53,90,1
54,83,5
55,127,5
56,117,4
57,172,12
58,192,13
59,203,12
60,215,13
61,252,18
62,328,23
63,406,18
64,442,38
65,517,37
66,667,43
67,809,45
68,973,35
69,1185,59
70,1461,67
71,1604,84
72,1956,101
73,2293,124
74,2735,162
