1,1,0
2,0,0
3,0,0
4,2,0
5,3,0
6,2,0
7,3,0
8,4,1
9,4,2
10,10,0
11,7,0
12,11,0
13,5,0
14,9,0
15,14,1
16,15,0
17,22,2
18,21,3
19,30,1
20,33,1
21,49,1
22,51,1
23,57,3
24,88,4
25,122,3
26,121,4
27,143,8
28,167,13
29,192,12
30,247,18
31,257,17
32,285,19
33,381,28
34,423,19
35,532,23
36,568,31
37,718,36
38,810,45
39,1020,45
40,1168,58
41,1414,70
42,1585,97
43,1943,118
44,2299,144
45,2858,146
46,3423,164
47,4059,220
48,4789,237
49,5682,262
50,6857,307
51,8138,396
52,9941,497
53,11750,618
54,13861,725
55,16615,900
56,19832,1054
57,23368,1244
58,28029,1471
59,33583,1713
60,40485,2074
61,47134,2476
62,52132,2825
63,49914,2985
64,41138,2604
65,29900,2270
66,19551,1670
67,11780,1144
68,6505,814
69,3423,523
70,1720,295
71,846,181
72,376,94
73,176,59
74,69,30
