1,1,0
2,0,0
3,0,0
4,0,0
5,1,0
6,2,1
7,2,0
8,1,0
9,0,0
10,2,0
11,1,0
12,2,0
13,0,0
14,5,0
15,7,0
16,8,0
17,7,0
18,15,0
19,22,0
20,16,0
21,30,0
22,44,2
23,49,2
24,52,4
25,43,1
26,70,2
27,99,10
28,113,5
29,129,8
30,137,13
31,145,12
32,160,10
33,191,12
34,227,21
35,286,12
36,305,18
37,354,26
38,437,28
39,512,31
40,650,30
41,737,33
42,841,45
43,943,47
44,1210,69
45,1458,85
46,1715,100
47,2104,120
48,2482,159
49,3001,164
50,3562,154
51,4272,209
52,5120,239
53,6125,270
54,7339,377
55,8707,440
56,10330,518
57,12197,644
58,14991,747
59,17898,888
60,21221,1098
61,25687,1214
62,30465,1554
63,36630,1955
64,43216,2181
65,50623,2671
66,53135,2948
67,49005,3061
68,38514,2510
69,26897,2122
70,17112,1569
71,10165,1089
72,5464,759
73,2839,445
74,1399,269
