1,1,0
2,0,0
3,1,0
4,1,0
5,1,0
6,4,0
7,3,1
8,4,0
9,3,0
10,1,0
11,4,0
12,3,0
13,5,2
14,6,1
15,11,1
16,12,2
17,17,0
18,26,0
19,40,0
20,39,3
21,49,0
22,62,1
23,52,2
24,72,4
25,67,3
26,94,8
27,112,8
28,125,10
29,164,10
30,203,15
31,294,11
32,341,14
33,427,23
34,487,16
35,625,29
36,750,33
37,871,42
38,1108,52
39,1335,63
40,1548,69
41,1898,87
42,2206,112
43,2570,153
44,3058,174
45,3774,182
46,4667,264
47,5350,269
48,6405,317
49,7805,412
50,9333,505
51,11122,561
52,13442,659
53,16068,790
54,19307,981
55,23258,1222
56,27785,1372
57,32869,1711
58,39672,1930
59,47353,2440
60,52937,2719
61,53417,3002
62,45579,2766
63,34201,2492
64,23344,1899
65,14166,1379
66,8098,951
67,4390,581
68,2168,405
69,1046,214
70,499,118
71,243,84
72,98,47
73,40,26
74,11,16
