1,1,0
2,0,0
3,0,0
4,1,0
5,0,0
6,2,0
7,4,0
8,3,0
9,6,0
10,3,0
11,2,0
12,5,0
13,12,0
14,4,1
15,11,1
16,18,0
17,17,0
18,33,0
19,15,1
20,26,2
21,34,5
22,22,1
23,36,0
24,55,0
25,51,1
26,65,6
27,87,4
28,95,2
29,112,9
30,150,4
31,155,8
32,218,11
33,259,13
34,326,13
35,407,18
36,541,19
37,731,19
38,758,27
39,925,31
40,1160,55
41,1389,68
42,1707,90
43,1808,91
44,2252,162
45,2721,149
46,3248,190
47,3750,187
48,4446,260
49,5300,289
50,6459,372
51,7582,405
52,9056,473
53,10697,559
54,12738,663
55,15569,835
56,18299,963
57,21864,1139
58,26097,1303
59,31331,1571
60,37467,1951
61,44819,2273
62,51236,2694
63,52606,2877
64,46518,2786
65,36304,2496
66,24832,1921
67,15290,1502
68,8972,1015
69,4805,681
70,2402,382
71,1332,271
72,584,152
73,259,73
74,107,50
