1,1,0
2,0,0
3,0,0
4,0,0
5,1,0
6,3,0
7,3,0
8,2,0
9,0,0
10,2,0
11,3,0
12,0,0
13,0,0
14,1,0
15,4,0
16,1,0
17,2,1
18,6,0
19,3,0
20,6,0
21,10,0
22,13,0
23,14,0
24,14,1
25,10,1
26,17,0
27,23,2
28,34,1
29,31,1
30,41,0
31,51,4
32,39,4
33,56,4
34,46,6
35,63,2
36,83,5
37,74,10
38,116,10
39,131,11
40,179,7
41,196,8
42,260,12
43,286,17
44,339,8
45,397,25
46,447,28
47,544,18
48,646,41
49,729,32
50,891,45
51,973,69
52,1215,78
53,1370,82
54,1718,101
55,2047,112
56,2323,116
57,2822,181
58,3515,186
59,4324,206
60,4910,256
61,5897,313
62,7331,367
63,8633,431
64,10610,518
65,12623,599
66,15188,749
67,18144,929
68,22033,1091
69,26527,1343
70,31614,1574
71,37989,1915
72,45044,2332
73,54313,2831
74,65098,3278
