1,1,0
2,0,0
3,0,0
4,0,0
5,1,1
6,4,0
7,1,0
8,2,0
9,4,0
10,4,0
11,2,0
12,2,0
13,2,0
14,1,0
15,8,0
16,10,0
17,10,1
18,12,0
19,28,0
20,17,0
21,13,0
22,22,0
23,27,6
24,34,1
25,41,1
26,38,3
27,38,0
28,60,3
29,56,1
30,45,4
31,57,6
32,63,7
33,80,8
34,108,11
35,111,10
36,111,5
37,167,10
38,177,12
39,192,10
40,270,15
41,311,14
42,368,19
43,437,23
44,597,27
45,651,38
46,882,35
47,1044,54
48,1368,64
49,1640,67
50,1880,92
51,2241,103
52,2704,130
53,3214,169
54,4110,214
55,4730,224
56,5661,285
57,6824,360
58,8031,428
59,9889,510
60,11923,613
61,14043,746
62,16825,868
63,20279,1011
64,24516,1256
65,29347,1478
66,35196,1850
67,41386,2228
68,49581,2487
69,56426,3012
70,57389,3192
71,50153,3055
72,38604,2631
73,26214,2123
74,16271,1612
