1,1,0
2,0,0
3,0,0
4,1,0
5,0,0
6,0,0
7,1,0
8,0,0
9,2,0
10,5,0
11,7,0
12,8,0
13,8,0
14,11,0
15,10,2
16,14,1
17,21,1
18,31,3
19,46,0
20,46,1
21,50,1
22,69,2
23,87,5
24,99,5
25,151,6
26,179,6
27,195,6
28,238,5
29,299,11
30,343,19
31,397,17
32,504,29
33,620,30
34,662,51
35,784,51
36,950,48
37,1127,62
38,1321,94
39,1476,77
40,1744,98
41,2011,131
42,2405,152
43,2775,172
44,3294,186
45,4016,233
46,4878,218
47,5909,310
48,7007,357
49,8433,438
50,10120,507
51,12114,621
52,14959,710
53,17844,877
54,21360,1054
55,25206,1307
56,30390,1587
57,36030,1877
58,42878,2251
59,50352,2708
60,52806,2882
61,48566,2858
62,38624,2586
63,27148,2080
64,17337,1608
65,10052,1055
66,5482,696
67,2925,460
68,1434,278
69,662,144
70,315,77
71,145,49
72,52,24
73,35,16
74,12,5
