1,1,0
2,0,0
3,0,0
4,0,0
5,0,0
6,0,0
7,0,0
8,1,0
9,0,0
10,0,0
11,0,0
12,1,0
13,1,0
14,2,0
15,0,0
16,1,0
17,0,0
18,8,0
19,5,0
20,6,1
21,4,0
22,8,0
23,6,0
24,9,1
25,7,1
26,12,1
27,10,3
28,15,1
29,12,0
30,16,2
31,47,0
32,58,3
33,50,4
34,58,6
35,58,3
36,75,6
37,75,6
38,104,1
39,140,4
40,187,8
41,222,8
42,228,10
43,298,10
44,408,18
45,418,25
46,478,31
47,592,37
48,632,32
49,795,37
50,1018,45
51,1134,62
52,1325,64
53,1626,105
54,2017,127
55,2262,127
56,2773,147
57,3444,184
58,4005,228
59,4897,221
60,5760,294
61,6988,355
62,8218,462
63,9964,529
64,11731,584
65,14151,693
66,16954,808
67,20359,1063
68,24188,1236
69,28804,1532
70,34400,1754
71,40860,2141
72,49324,2497
73,58935,3083
74,69816,3558
