1,1,0
2,0,0
3,0,0
4,4,0
5,5,0
6,6,0
7,5,0
8,9,0
9,10,0
10,10,0
11,7,1
12,7,1
13,9,0
14,11,1
15,14,0
16,16,0
17,15,1
18,14,1
19,16,1
20,13,3
21,21,1
22,21,4
23,36,1
24,63,4
25,45,7
26,55,2
27,75,5
28,84,1
29,99,8
30,128,16
31,136,7
32,204,15
33,185,14
34,229,13
35,271,11
36,298,18
37,412,17
38,484,26
39,556,33
40,677,35
41,793,41
42,959,56
43,1143,64
44,1303,71
45,1582,81
46,1871,96
47,2281,124
48,2736,162
49,3170,169
50,3788,182
51,4629,225
52,5441,269
53,6405,337
54,7616,408
55,9178,454
56,11080,581
57,13220,690
58,15697,838
59,19091,1003
60,22373,1133
61,26936,1415
62,32488,1619
63,38888,2089
64,45783,2416
65,51656,2743
66,51952,2889
67,45012,2755
68,34121,2429
69,22825,1907
70,13934,1383
71,7905,950
72,4313,605
73,2196,412
74,1056,233
