1,1,0
2,0,0
3,2,0
4,2,0
5,4,0
6,7,0
7,10,0
8,9,1
9,12,1
10,9,1
11,7,0
12,11,2
13,9,2
14,17,0
15,13,2
16,21,1
17,31,1
18,53,3
19,53,1
20,48,1
21,78,1
22,69,3
23,99,6
24,107,6
25,193,11
26,187,5
27,176,6
28,237,9
29,315,15
30,329,20
31,395,24
32,514,38
33,603,29
34,797,42
35,903,35
36,1094,46
37,1325,50
38,1542,90
39,1884,92
40,2328,112
41,2710,129
42,3346,165
43,3963,207
44,4886,208
45,5729,271
46,6905,352
47,8478,461
48,9828,510
49,11954,577
50,14184,698
51,17153,897
52,20155,1091
53,24484,1277
54,29064,1519
55,34842,1779
56,41361,2137
57,49317,2533
58,53166,2886
59,50167,2961
60,40533,2614
61,29343,2253
62,18939,1648
63,11000,1189
64,6219,794
65,3275,453
66,1601,286
67,790,185
68,382,101
69,152,56
70,66,26
71,22,13
72,16,11
73,7,4
74,1,0
