1,1,0
2,0,0
3,0,0
4,0,0
5,10,0
6,7,0
7,11,0
8,9,0
9,11,0
10,22,0
11,23,0
12,27,3
13,27,0
14,36,3
15,62,1
16,70,4
17,70,5
18,70,3
19,96,3
20,132,9
21,124,9
22,130,6
23,175,12
24,202,11
25,251,20
26,258,17
27,337,20
28,335,22
29,433,30
30,498,25
31,609,40
32,808,46
33,936,49
34,1148,49
35,1247,70
36,1561,79
37,1911,90
38,2364,121
39,2826,137
40,3344,180
41,4081,213
42,4948,257
43,5803,291
44,6961,339
45,8330,482
46,9953,483
47,12051,586
48,14239,715
49,17081,902
50,20137,1066
51,24383,1291
52,29056,1574
53,34516,1830
54,41774,2164
55,49134,2495
56,53561,2847
57,50334,2897
58,41123,2603
59,29403,2193
60,18936,1642
61,11176,1140
62,6253,742
63,3325,487
64,1707,301
65,805,163
66,360,111
67,177,48
68,73,32
69,32,10
70,13,6
71,3,3
72,6,3
73,1,2
74,1,1
