1,1,0
2,0,0
3,0,0
4,4,0
5,2,0
6,7,0
7,4,0
8,4,0
9,9,0
10,17,0
11,7,0
12,9,0
13,10,1
14,15,0
15,21,2
16,25,0
17,27,3
18,29,2
19,41,0
20,50,0
21,57,2
22,57,4
23,81,2
24,99,7
25,90,5
26,124,4
27,143,8
28,157,4
29,138,14
30,215,8
31,249,20
32,287,18
33,368,24
34,399,16
35,485,31
36,544,35
37,689,30
38,787,49
39,914,68
40,1041,64
41,1378,67
42,1548,85
43,1872,115
44,2234,117
45,2684,145
46,3183,149
47,3697,198
48,4452,262
49,5294,269
50,6156,334
51,7369,381
52,8713,491
53,10569,570
54,12402,648
55,14890,764
56,17789,914
57,21358,1082
58,25449,1351
59,30441,1558
60,36333,1877
61,42936,2316
62,49927,2619
63,51553,2920
64,46363,2781
65,36328,2584
66,25065,2009
67,16008,1482
68,9025,1056
69,5043,657
70,2517,433
71,1271,250
72,572,147
73,301,76
74,123,46
