1,1,0
2,0,0
3,2,0
4,4,0
5,4,0
6,7,0
7,8,0
8,5,1
9,11,1
10,13,2
11,16,0
12,9,3
13,13,1
14,13,0
15,20,1
16,17,0
17,32,1
18,19,6
19,39,4
20,37,3
21,54,1
22,61,1
23,86,3
24,66,3
25,97,5
26,109,5
27,95,8
28,153,9
29,204,7
30,259,7
31,282,17
32,331,20
33,418,21
34,442,24
35,577,37
36,669,31
37,771,39
38,831,41
39,1069,59
40,1284,54
41,1478,89
42,1751,106
43,2004,101
44,2400,149
45,3048,206
46,3522,208
47,4179,229
48,4919,280
49,5788,331
50,6875,391
51,8207,453
52,9853,511
53,11845,610
54,14373,700
55,17665,907
56,20857,1025
57,25054,1276
58,30183,1493
59,36285,1846
60,42903,2169
61,50519,2548
62,53580,2908
63,49777,2864
64,39842,2607
65,28274,2133
66,18256,1633
67,10583,1150
68,5817,780
69,2964,457
70,1588,296
71,763,159
72,326,97
73,146,59
74,87,22
