1,1,0
2,0,0
3,0,0
4,1,0
5,1,0
6,2,0
7,2,0
8,4,0
9,0,0
10,2,0
11,1,1
12,1,0
13,2,0
14,4,1
15,5,0
16,8,0
17,15,0
18,7,1
19,13,0
20,12,1
21,24,2
22,23,4
23,23,2
24,32,2
25,46,0
26,68,5
27,67,3
28,72,1
29,87,2
30,100,6
31,118,4
32,141,7
33,186,9
34,201,10
35,262,10
36,311,15
37,369,19
38,437,16
39,620,31
40,735,42
41,851,44
42,994,54
43,1252,56
44,1480,73
45,1716,99
46,2024,101
47,2500,142
48,2938,160
49,3560,187
50,4288,220
51,5138,264
52,5973,331
53,7189,378
54,8557,409
55,10171,529
56,12096,626
57,14594,775
58,17517,936
59,21248,1093
60,25415,1278
61,30250,1516
62,36649,1847
63,43556,2184
64,50003,2574
65,53492,2945
66,48470,2867
67,38746,2625
68,26727,2082
69,16973,1548
70,10048,1174
71,5551,741
72,2962,421
73,1417,265
74,646,154
75,315,75
76,146,37
77,62,26
78,25,19
79,7,7
80,2,6
81,2,1
82,0,0
83,0,0
84,0,0
85,0,0
86,0,0
87,0,0
88,0,0
89,0,0
90,0,0
91,0,0
92,0,0
93,0,0
94,0,0
95,0,0
96,0,0
97,0,0
98,0,0
99,0,0
100,0,0
101,0,0
102,0,0
103,0,0
104,0,0
105,0,0
106,0,0
107,0,0
108,0,0
109,0,0
110,0,0
111,0,0
112,0,0
113,0,0
114,0,0
115,0,0
116,0,0
117,0,0
118,0,0
119,0,0
120,0,0
121,0,0
122,0,0
123,0,0
124,0,0
125,0,0
126,0,0
127,0,0
128,0,0
129,0,0
130,0,0
131,0,0
132,0,0
133,0,0
134,0,0
135,0,0
136,0,0
137,0,0
