1,1,0
2,0,0
3,0,0
4,0,0
5,0,0
6,0,0
7,0,0
8,2,0
9,0,0
10,1,0
11,0,0
12,2,0
13,1,0
14,0,0
15,1,1
16,0,0
17,1,0
18,2,1
19,1,0
20,0,0
21,3,0
22,10,0
23,6,0
24,7,1
25,9,0
26,13,1
27,15,0
28,20,0
29,37,0
30,23,3
31,35,3
32,36,4
33,39,2
34,48,5
35,50,2
36,64,4
37,78,3
38,89,5
39,120,5
40,141,7
41,161,7
42,208,9
43,236,9
44,289,20
45,318,16
46,411,21
47,432,30
48,484,32
49,611,36
50,713,30
51,859,42
52,999,53
53,1203,65
54,1485,62
55,1645,94
56,1967,106
57,2485,132
58,2849,147
59,3485,178
60,4264,211
61,5087,272
62,6131,315
63,7510,395
64,9020,450
65,10352,537
66,12563,640
67,15176,811
68,18110,879
69,21764,1161
70,25704,1359
71,30584,1627
72,37022,1944
73,43983,2345
74,50390,2695
75,51175,2885
76,45523,2803
77,35095,2377
78,23937,1897
79,15043,1421
80,8530,958
81,4551,653
82,2357,414
83,1164,234
84,550,147
85,245,76
86,128,39
87,44,27
88,15,15
89,9,7
90,4,7
91,1,3
92,0,1
93,0,1
94,0,0
95,0,0
96,0,0
97,0,0
98,0,0
99,0,0
100,0,0
101,0,0
102,0,0
103,0,0
104,0,0
105,0,0
106,0,0
107,0,0
108,0,0
109,0,0
110,0,0
111,0,0
112,0,0
113,0,0
114,0,0
115,0,0
116,0,0
117,0,0
118,0,0
119,0,0
120,0,0
121,0,0
122,0,0
123,0,0
124,0,0
125,0,0
126,0,0
127,0,0
128,0,0
129,0,0
130,0,0
131,0,0
132,0,0
133,0,0
134,0,0
135,0,0
136,0,0
137,0,0
