1,1,0
2,0,0
3,0,0
4,1,0
5,5,0
6,8,0
7,7,0
8,6,0
9,2,0
10,6,0
11,7,0
12,5,0
13,7,0
14,12,0
15,13,2
16,19,0
17,19,0
18,10,0
19,13,2
20,24,3
21,22,1
22,33,1
23,53,3
24,44,5
25,56,7
26,78,4
27,93,2
28,108,3
29,112,3
30,167,6
31,183,5
32,202,9
33,250,8
34,303,9
35,373,15
36,475,28
37,554,25
38,740,30
39,847,36
40,1046,43
41,1288,50
42,1611,70
43,1829,91
44,2300,94
45,2698,105
46,3129,162
47,3757,199
48,4473,232
49,5484,307
50,6421,374
51,7779,407
52,9239,496
53,10966,601
54,12963,683
55,15538,813
56,18356,992
57,21977,1153
58,25923,1397
59,31257,1671
60,37417,1994
61,44831,2363
62,51248,2652
63,51860,2917
64,45288,2765
65,34545,2458
66,23511,1891
67,14810,1393
68,8314,923
69,4420,578
70,2317,394
71,1167,255
72,541,123
73,254,80
74,102,38
75,34,14
76,24,13
77,6,3
78,3,2
79,1,2
80,0,3
81,0,0
82,0,0
83,0,1
84,0,0
85,0,0
86,0,0
87,0,0
88,0,0
89,0,0
90,0,0
91,0,0
92,0,0
93,0,0
94,0,0
95,0,0
96,0,0
97,0,0
98,0,0
99,0,0
100,0,0
101,0,0
102,0,0
103,0,0
104,0,0
105,0,0
106,0,0
107,0,0
108,0,0
109,0,0
110,0,0
111,0,0
112,0,0
113,0,0
114,0,0
115,0,0
116,0,0
117,0,0
118,0,0
119,0,0
120,0,0
121,0,0
122,0,0
123,0,0
124,0,0
125,0,0
126,0,0
127,0,0
128,0,0
129,0,0
130,0,0
131,0,0
132,0,0
133,0,0
134,0,0
135,0,0
136,0,0
137,0,0
