1,1,0
2,0,0
3,0,0
4,2,0
5,10,0
6,7,1
7,8,0
8,11,0
9,16,1
10,18,1
11,35,0
12,18,1
13,28,0
14,41,1
15,57,4
16,49,5
17,79,3
18,88,3
19,101,5
20,123,2
21,159,5
22,187,16
23,228,10
24,269,21
25,334,15
26,328,20
27,436,19
28,529,42
29,636,30
30,746,32
31,839,46
32,1035,55
33,1176,67
34,1478,90
35,1635,75
36,1984,117
37,2549,127
38,2914,152
39,3465,200
40,4129,227
41,4790,251
42,5945,307
43,7141,316
44,8629,451
45,10384,487
46,12212,634
47,14345,712
48,17172,877
49,20846,998
50,24965,1317
51,29860,1517
52,35681,1833
53,43001,2198
54,50993,2563
55,54043,2915
56,50046,2912
57,40356,2659
58,28584,2068
59,18176,1605
60,10591,1079
61,5988,772
62,3174,460
63,1547,269
64,746,156
65,339,88
66,161,61
67,64,30
68,35,9
69,8,12
70,5,3
71,2,1
72,1,0
73,0,0
74,3,0
75,0,0
76,0,0
77,0,0
78,0,0
79,0,0
80,0,0
81,0,0
82,0,0
83,0,0
84,0,0
85,0,0
86,0,0
87,0,0
88,0,0
89,0,0
90,0,0
91,0,0
92,0,0
93,0,0
94,0,0
95,0,0
96,0,0
97,0,0
98,0,0
99,0,0
100,0,0
101,0,0
102,0,0
103,0,0
104,0,0
105,0,0
106,0,0
107,0,0
108,0,0
109,0,0
110,0,0
111,0,0
112,0,0
113,0,0
114,0,0
115,0,0
116,0,0
117,0,0
118,0,0
119,0,0
120,0,0
121,0,0
122,0,0
123,0,0
124,0,0
125,0,0
126,0,0
127,0,0
128,0,0
129,0,0
130,0,0
131,0,0
132,0,0
133,0,0
134,0,0
135,0,0
136,0,0
137,0,0
