1,1,0
2,0,0
3,0,0
4,0,0
5,2,0
6,2,0
7,2,0
8,2,0
9,14,0
10,5,0
11,10,2
12,10,0
13,12,0
14,16,0
15,19,0
16,13,2
17,19,0
18,10,1
19,14,1
20,23,1
21,23,1
22,22,2
23,23,2
24,26,1
25,33,3
26,60,2
27,55,4
28,80,3
29,102,7
30,120,5
31,119,7
32,121,6
33,136,11
34,170,10
35,218,15
36,271,12
37,294,15
38,334,25
39,406,25
40,499,24
41,596,32
42,682,40
43,854,48
44,971,56
45,1168,60
46,1361,67
47,1609,82
48,2050,93
49,2391,119
50,2908,130
51,3349,189
52,4146,230
53,5043,272
54,6105,298
55,7192,380
56,8557,429
57,10419,485
58,12350,618
59,14753,789
60,17607,911
61,21165,1126
62,25668,1305
63,30532,1525
64,36716,1792
65,43463,2233
66,50567,2629
67,54070,2891
68,49607,2967
69,39188,2533
70,27642,2153
71,17460,1595
72,10161,1085
73,5547,799
74,2913,451
75,1427,298
76,671,142
77,314,83
78,144,53
79,75,35
80,28,12
81,7,8
82,1,6
83,3,3
84,1,0
85,0,0
86,0,1
87,0,0
88,0,0
89,0,0
90,0,0
91,0,0
92,0,0
93,0,0
94,0,0
95,0,0
96,0,0
97,0,0
98,0,0
99,0,0
100,0,0
101,0,0
102,0,0
103,0,0
104,0,0
105,0,0
106,0,0
107,0,0
108,0,0
109,0,0
110,0,0
111,0,0
112,0,0
113,0,0
114,0,0
115,0,0
116,0,0
117,0,0
118,0,0
119,0,0
120,0,0
121,0,0
122,0,0
123,0,0
124,0,0
125,0,0
126,0,0
127,0,0
128,0,0
129,0,0
130,0,0
131,0,0
132,0,0
133,0,0
134,0,0
135,0,0
136,0,0
137,0,0
