1,1,0
2,0,0
3,0,0
4,1,0
5,1,0
6,2,1
7,0,0
8,3,0
9,0,0
10,1,0
11,1,0
12,1,0
13,0,0
14,0,0
15,0,0
16,0,0
17,2,0
18,1,0
19,0,0
20,0,2
21,2,0
22,3,0
23,1,0
24,0,0
25,3,0
26,4,0
27,6,0
28,8,0
29,10,0
30,3,0
31,13,1
32,19,0
33,19,1
34,33,2
35,34,0
36,40,0
37,40,1
38,46,7
39,75,6
40,86,3
41,95,7
42,143,7
43,165,7
44,182,7
45,190,11
46,231,10
47,298,14
48,363,15
49,428,18
50,552,35
51,629,29
52,727,40
53,896,36
54,1039,38
55,1334,58
56,1517,80
57,1798,83
58,2107,124
59,2569,113
60,3029,155
61,3639,203
62,4412,204
63,5245,262
64,6109,316
65,7271,401
66,8735,448
67,10284,558
68,12230,651
69,14464,769
70,17378,894
71,20613,1078
72,24881,1298
73,29961,1594
74,35731,1840
75,42824,2205
76,49735,2638
77,52196,2891
78,47655,2796
79,38127,2585
80,26599,2076
81,16737,1528
82,10030,1052
83,5400,748
84,2822,428
85,1358,285
86,645,169
87,285,73
88,114,43
89,55,23
90,30,21
91,12,9
92,4,3
93,2,2
94,0,1
95,0,0
96,0,0
97,0,0
98,0,0
99,0,0
100,0,0
101,0,0
102,0,0
103,0,0
104,0,0
105,0,0
106,0,0
107,0,0
108,0,0
109,0,0
110,0,0
111,0,0
112,0,0
113,0,0
114,0,0
115,0,0
116,0,0
117,0,0
118,0,0
119,0,0
120,0,0
121,0,0
122,0,0
123,0,0
124,0,0
125,0,0
126,0,0
127,0,0
128,0,0
129,0,0
130,0,0
131,0,0
132,0,0
133,0,0
134,0,0
135,0,0
136,0,0
137,0,0
