1,1,0
2,0,0
3,0,0
4,1,0
5,1,0
6,5,1
7,6,0
8,4,0
9,10,0
10,9,0
11,7,0
12,11,1
13,6,0
14,8,1
15,11,0
16,16,2
17,16,2
18,15,0
19,13,1
20,22,2
21,10,1
22,18,1
23,19,3
24,24,1
25,18,4
26,30,3
27,48,8
28,54,2
29,56,1
30,64,4
31,81,8
32,77,8
33,72,6
34,100,7
35,142,9
36,147,9
37,170,5
38,225,19
39,266,11
40,336,14
41,425,18
42,503,29
43,599,28
44,728,25
45,856,52
46,980,60
47,1135,61
48,1472,80
49,1742,86
50,2082,100
51,2506,127
52,3002,171
53,3544,192
54,4347,209
55,5073,276
56,6018,312
57,7364,393
58,8864,455
59,10354,567
60,12553,654
61,15004,756
62,18073,936
63,21591,1124
64,25535,1375
65,30970,1573
66,36631,1893
67,43186,2307
68,50338,2700
69,52280,2882
70,46984,2808
71,36749,2526
72,25435,2038
73,15787,1450
74,9289,1045
75,4989,689
76,2653,425
77,1304,249
78,592,157
79,283,80
80,125,50
81,45,26
82,24,17
83,11,10
84,4,4
85,1,3
86,0,1
87,0,0
88,0,0
89,0,1
90,0,1
91,0,0
92,0,0
93,0,0
94,0,0
95,0,0
96,0,0
97,0,0
98,0,0
99,0,0
100,0,0
101,0,0
102,0,0
103,0,0
104,0,0
105,0,0
106,0,0
107,0,0
108,0,0
109,0,0
110,0,0
111,0,0
112,0,0
113,0,0
114,0,0
115,0,0
116,0,0
117,0,0
118,0,0
119,0,0
120,0,0
121,0,0
122,0,0
123,0,0
124,0,0
125,0,0
126,0,0
127,0,0
128,0,0
129,0,0
130,0,0
131,0,0
132,0,0
133,0,0
134,0,0
135,0,0
136,0,0
137,0,0
