1,1,0
2,0,0
3,0,0
4,0,0
5,1,0
6,0,0
7,0,0
8,0,0
9,0,0
10,1,0
11,0,0
12,0,0
13,3,0
14,3,0
15,1,0
16,2,0
17,8,0
18,5,0
19,6,0
20,12,0
21,15,0
22,15,0
23,11,1
24,13,1
25,16,2
26,19,0
27,28,4
28,35,3
29,46,0
30,45,0
31,53,1
32,63,1
33,74,5
34,79,4
35,99,4
36,140,5
37,169,8
38,180,9
39,203,13
40,285,11
41,326,20
42,398,26
43,456,21
44,586,21
45,636,41
46,769,37
47,886,55
48,1028,55
49,1233,77
50,1530,74
51,1879,107
52,2148,128
53,2510,127
54,3006,168
55,3681,177
56,4385,250
57,4977,286
58,6277,345
59,7503,395
60,8898,502
61,10731,548
62,12658,686
63,15290,761
64,18112,946
65,21790,1144
66,25789,1368
