1,1,0
2,0,0
3,1,0
4,1,0
5,1,0
6,0,0
7,3,0
8,1,0
9,4,0
10,2,1
11,0,0
12,2,0
13,8,0
14,9,0
15,4,0
16,3,0
17,5,1
18,5,0
19,8,2
20,7,1
21,5,0
22,5,1
23,10,1
24,4,2
25,4,2
26,3,0
27,4,1
28,0,1
29,3,2
30,3,0
31,10,3
32,7,0
33,19,2
34,22,0
35,37,1
36,40,2
37,45,4
38,52,3
39,53,3
40,73,2
41,96,5
42,116,8
43,130,4
44,109,8
45,170,12
46,194,10
47,205,8
48,274,12
49,325,9
50,400,16
51,479,16
52,562,14
53,680,33
54,875,36
55,1096,49
56,1243,53
57,1437,75
58,1812,93
59,2082,100
60,2527,144
61,3029,151
62,3588,181
63,4406,243
64,5454,258
65,6524,335
66,7423,369
