1,1,0
2,0,0
3,1,0
4,5,0
5,3,0
6,6,0
7,5,1
8,10,0
9,14,0
10,12,1
11,18,0
12,23,1
13,34,2
14,48,0
15,51,1
16,60,2
17,80,2
18,97,3
19,149,7
20,193,1
21,200,6
22,260,7
23,320,9
24,388,17
25,449,22
26,569,28
27,656,40
28,747,35
29,934,47
30,1079,63
31,1340,73
32,1654,83
33,1930,76
34,2325,116
35,2731,134
36,3435,165
37,3801,210
38,4701,243
39,5645,314
40,6743,333
41,8144,407
42,9796,492
43,11472,600
44,13903,686
45,16360,825
46,19623,1068
47,23650,1187
48,27953,1464
49,33879,1758
50,40901,2033
51,47699,2419
52,52938,2848
53,51566,2957
54,43602,2763
55,31695,2319
56,21038,1734
57,12906,1261
58,7151,808
59,3827,549
60,1878,373
61,926,188
62,442,131
63,176,49
64,94,19
65,28,17
66,20,19
