1,1,0
2,0,0
3,0,0
4,2,0
5,5,0
6,5,0
7,5,0
8,7,0
9,12,0
10,13,0
11,32,3
12,44,0
13,50,0
14,35,2
15,43,5
16,56,4
17,55,4
18,73,7
19,82,5
20,107,7
21,143,7
22,137,7
23,166,11
24,224,11
25,244,11
26,362,13
27,379,18
28,401,16
29,516,31
30,614,35
31,685,36
32,814,36
33,961,57
34,1251,58
35,1452,72
36,1708,102
37,1989,118
38,2307,132
39,2686,154
40,3262,156
41,4006,227
42,4773,247
43,5660,273
44,6716,353
45,8146,400
46,9881,463
47,11529,625
48,14164,666
49,16856,877
50,19973,1075
51,24172,1232
52,28713,1486
53,34362,1790
54,40908,2098
55,48612,2454
56,53457,2809
57,50788,2858
58,41566,2723
59,30183,2218
60,19794,1795
61,12078,1221
62,6646,830
63,3540,573
64,1712,328
65,904,184
66,367,100
