1,1,0
2,0,0
3,0,0
4,1,0
5,0,0
6,0,0
7,0,0
8,1,0
9,0,0
10,1,1
11,0,0
12,3,0
13,11,0
14,8,0
15,7,0
16,6,2
17,4,1
18,8,2
19,13,3
20,18,0
21,18,0
22,18,2
23,15,2
24,26,1
25,44,1
26,37,0
27,44,5
28,52,2
29,63,3
30,65,5
31,99,4
32,80,3
33,111,7
34,110,8
35,118,12
36,135,13
37,140,6
38,178,8
39,220,18
40,238,16
41,296,22
42,396,23
43,466,34
44,550,28
45,683,27
46,756,47
47,953,58
48,1071,50
49,1382,83
50,1624,98
51,1991,118
52,2285,124
53,2731,123
54,3157,178
55,3824,197
56,4574,234
57,5396,292
58,6407,307
59,7870,388
60,9347,494
61,11183,588
62,13417,700
63,15902,792
64,19287,1009
65,22809,1102
66,27314,1430
