1,1,0
2,0,0
3,0,0
4,2,0
5,1,0
6,1,0
7,0,0
8,0,0
9,2,0
10,4,0
11,1,0
12,3,0
13,9,0
14,8,0
15,16,0
16,22,0
17,14,0
18,41,1
19,25,1
20,55,3
21,39,1
22,37,4
23,52,1
24,63,6
25,74,7
26,64,2
27,94,6
28,118,2
29,145,8
30,188,11
31,200,10
32,227,10
33,279,14
34,330,15
35,399,21
36,480,33
37,605,29
38,728,31
39,878,42
40,1026,70
41,1178,71
42,1431,74
43,1742,89
44,2055,107
45,2387,143
46,2707,154
47,3299,185
48,3911,224
49,4682,264
50,5730,263
51,6854,325
52,8023,413
53,9773,506
54,11838,616
55,14383,719
56,16909,886
57,20255,1017
58,24373,1215
59,29215,1442
60,34732,1787
61,42002,2129
62,49370,2612
63,59319,3097
64,69802,3653
65,77720,4244
66,74961,4294
