1,1,0
2,0,0
3,0,0
4,1,0
5,2,0
6,4,0
7,5,0
8,8,0
9,7,0
10,16,0
11,4,1
12,14,1
13,19,1
14,22,0
15,24,4
16,32,1
17,42,3
18,35,2
19,44,2
20,74,2
21,78,7
22,100,5
23,89,4
24,121,3
25,146,11
26,184,11
27,212,11
28,258,11
29,281,16
30,364,15
31,421,14
32,509,27
33,641,30
34,730,40
35,878,52
36,1052,63
37,1269,62
38,1542,78
39,1859,87
40,2091,137
41,2646,128
42,3214,167
43,3909,183
44,4530,254
45,5574,272
46,6574,317
47,7909,419
48,9354,480
49,11201,604
50,13376,698
51,16236,858
52,19488,1046
53,23973,1146
54,28187,1392
55,33613,1738
56,40490,2003
57,47877,2444
58,54395,2767
59,54300,2945
60,47061,2795
61,35506,2453
62,23851,1924
63,14762,1441
64,8363,992
65,4407,585
66,2308,389
