1,1,0
2,0,0
3,0,0
4,0,0
5,0,0
6,0,0
7,1,0
8,2,0
9,2,0
10,1,0
11,2,0
12,1,0
13,2,0
14,1,0
15,2,0
16,2,0
17,3,0
18,0,0
19,3,0
20,6,0
21,6,0
22,3,0
23,14,0
24,9,0
25,15,0
26,6,0
27,11,0
28,8,0
29,13,0
30,9,1
31,12,0
32,7,1
33,10,1
34,12,4
35,13,3
36,28,3
37,35,1
38,45,4
39,41,0
40,36,0
41,55,3
42,46,2
43,59,2
44,86,7
45,93,5
46,120,6
47,117,3
48,143,8
49,201,10
50,246,11
51,308,14
52,330,14
53,450,15
54,505,36
55,636,33
56,715,43
57,858,37
58,978,45
59,1271,51
60,1437,68
61,1722,98
62,1971,102
63,2300,125
64,2848,155
65,3475,186
66,4121,218
