1,1,0
2,0,0
3,0,0
4,0,0
5,0,0
6,1,0
7,0,0
8,0,0
9,2,0
10,2,0
11,1,0
12,1,0
13,5,0
14,6,0
15,7,0
16,9,0
17,7,1
18,6,2
19,4,1
20,5,1
21,7,1
22,17,2
23,14,0
24,23,2
25,14,0
26,21,0
27,30,1
28,47,4
29,58,0
30,70,4
31,83,1
32,103,4
33,143,7
34,150,11
35,183,6
36,207,15
37,255,9
38,288,11
39,344,19
40,389,24
41,430,34
42,535,35
43,626,36
44,741,56
45,876,43
46,1071,58
47,1356,76
48,1569,67
49,1777,100
50,2319,106
51,2590,139
52,3225,160
53,3854,215
54,4391,241
55,5284,280
56,6573,321
57,7758,389
58,9061,467
59,10981,567
60,13183,671
61,15673,781
62,18770,989
63,22649,1178
64,27123,1440
65,32514,1613
66,38494,1986
