1,1,0
2,0,0
3,1,0
4,1,0
5,0,0
6,0,0
7,0,0
8,0,0
9,0,0
10,0,0
11,1,0
12,0,0
13,0,0
14,0,0
15,1,0
16,4,0
17,2,0
18,1,0
19,4,0
20,2,0
21,2,0
22,3,0
23,2,1
24,5,0
25,1,0
26,1,1
27,3,0
28,6,0
29,4,0
30,11,0
31,10,1
32,12,0
33,10,0
34,9,0
35,12,1
36,21,2
37,25,2
38,29,1
39,27,2
40,40,3
41,49,1
42,62,3
43,71,7
44,85,8
45,91,7
46,95,6
47,89,8
48,126,5
49,133,7
50,211,5
51,231,8
52,252,12
53,326,20
54,374,20
55,480,21
56,565,23
57,707,27
58,858,31
59,1001,51
60,1159,56
61,1317,73
62,1519,84
63,1788,98
64,2219,128
65,2572,146
66,3200,181
