1,1,0
2,0,0
3,0,0
4,0,0
5,0,0
6,0,0
7,1,0
8,0,0
9,2,0
10,6,0
11,5,0
12,10,0
13,22,0
14,12,0
15,23,1
16,24,0
17,28,0
18,53,2
19,48,2
20,51,1
21,73,3
22,91,6
23,106,6
24,113,5
25,130,6
26,178,13
27,173,12
28,230,13
29,263,16
30,297,11
31,404,20
32,462,21
33,536,26
34,589,30
35,783,42
36,827,51
37,1058,52
38,1194,71
39,1449,73
40,1588,100
41,2057,108
42,2296,140
43,2695,142
44,3343,170
45,4010,190
46,4672,240
47,5614,322
48,7073,343
49,8412,439
50,9864,511
51,11821,583
52,14067,711
53,16628,844
54,20083,1023
55,23876,1229
56,28841,1468
57,34541,1753
58,41347,2196
59,49002,2453
60,54940,2959
61,53507,3088
62,45830,2842
63,33507,2353
64,22481,1970
65,13606,1339
66,7782,952
