1,1,0
2,0,0
3,1,0
4,2,0
5,3,0
6,1,0
7,0,0
8,7,0
9,3,0
10,8,0
11,10,0
12,2,0
13,10,0
14,22,0
15,17,1
16,14,2
17,19,1
18,21,0
19,24,3
20,46,4
21,32,3
22,46,3
23,63,5
24,55,7
25,54,1
26,95,7
27,104,9
28,108,4
29,142,6
30,144,8
31,153,13
32,215,11
33,319,17
34,353,19
35,427,18
36,508,30
37,634,34
38,758,36
39,772,39
40,1036,33
41,1214,70
42,1468,78
43,1793,95
44,2006,105
45,2469,137
46,2978,169
47,3501,188
48,4151,208
49,4767,258
50,5745,314
51,6680,363
52,8175,433
53,9903,516
54,11706,603
55,13888,718
56,16769,812
57,20253,1024
58,23880,1170
59,28782,1469
60,34154,1788
61,40240,2073
62,47348,2499
63,52275,2821
64,49841,2978
65,41403,2655
66,30219,2192
67,19871,1708
68,11826,1268
69,6841,777
70,3584,583
71,1685,311
72,820,197
73,401,109
74,192,70
75,66,35
76,17,20
77,14,5
78,5,4
79,3,1
80,2,1
81,1,1
82,0,0
83,0,0
84,0,0
85,0,0
86,0,0
87,0,0
88,0,0
89,0,0
90,0,0
91,0,0
92,0,0
93,0,0
94,0,0
95,0,0
96,0,0
97,0,0
98,0,0
99,0,0
100,0,0
101,0,0
102,0,0
103,0,0
104,0,0
105,0,0
106,0,0
107,0,0
108,0,0
109,0,0
110,0,0
111,0,0
112,0,0
113,0,0
114,0,0
115,0,0
116,0,0
117,0,0
118,0,0
119,0,0
120,0,0
121,0,0
122,0,0
123,0,0
124,0,0
125,0,0
126,0,0
127,0,0
128,0,0
129,0,0
130,0,0
131,0,0
132,0,0
133,0,0
134,0,0
135,0,0
136,0,0
137,0,0
138,0,0
139,0,0
140,0,0
141,0,0
