1,1,0
2,0,0
3,0,0
4,0,0
5,0,0
6,2,0
7,6,0
8,0,0
9,1,0
10,3,0
11,1,1
12,1,0
13,4,0
14,2,0
15,1,0
16,6,0
17,3,0
18,3,0
19,8,0
20,10,0
21,18,0
22,20,0
23,16,0
24,16,0
25,42,1
26,23,2
27,35,3
28,56,4
29,56,8
30,78,5
31,81,5
32,95,6
33,126,7
34,149,6
35,159,4
36,186,18
37,219,13
38,255,13
39,325,19
40,446,23
41,485,28
42,628,26
43,689,39
44,916,48
45,1023,46
46,1225,52
47,1425,73
48,1718,75
49,2124,122
50,2465,132
51,2786,149
52,3284,176
53,4115,240
54,4778,265
55,5724,328
56,6818,361
57,8155,403
58,9876,518
59,11923,566
60,14309,751
61,16999,897
62,20552,1025
63,24843,1252
64,29631,1506
65,35220,1776
66,42169,2123
67,49122,2599
68,52460,2829
69,48647,2809
70,38967,2608
71,27789,2129
72,17767,1630
73,10490,1122
74,5836,745
75,3044,462
76,1511,314
77,717,164
78,323,82
79,148,59
80,71,25
81,30,20
82,16,8
83,4,7
84,2,3
85,0,2
86,0,0
87,1,0
88,0,0
89,0,0
90,0,0
91,0,0
92,0,0
93,0,0
94,0,0
95,0,0
96,0,0
97,0,0
98,0,0
99,0,0
100,0,0
101,0,0
102,0,0
103,0,0
104,0,0
105,0,0
106,0,0
107,0,0
108,0,0
109,0,0
110,0,0
111,0,0
112,0,0
113,0,0
114,0,0
115,0,0
116,0,0
117,0,0
118,0,0
119,0,0
120,0,0
121,0,0
122,0,0
123,0,0
124,0,0
125,0,0
126,0,0
127,0,0
128,0,0
129,0,0
130,0,0
131,0,0
132,0,0
133,0,0
134,0,0
135,0,0
136,0,0
137,0,0
138,0,0
139,0,0
140,0,0
141,0,0
