1,1,0
2,0,0
3,0,0
4,0,0
5,1,0
6,1,0
7,1,0
8,1,0
9,1,0
10,4,0
11,7,0
12,3,0
13,6,0
14,10,0
15,11,1
16,5,0
17,12,1
18,15,0
19,32,0
20,26,0
21,18,0
22,27,3
23,25,2
24,56,4
25,43,4
26,57,2
27,76,2
28,102,7
29,107,6
30,144,9
31,168,10
32,213,9
33,252,10
34,285,12
35,364,15
36,432,23
37,514,25
38,677,32
39,709,31
40,928,40
41,1116,60
42,1366,64
43,1555,76
44,1862,101
45,2245,136
46,2680,116
47,3292,164
48,3929,186
49,4764,238
50,5690,286
51,6961,363
52,8167,401
53,9846,480
54,11838,581
55,13979,722
56,16575,885
57,19873,1116
58,23803,1280
59,28037,1535
60,33514,1771
61,40310,2093
62,47151,2476
63,52141,2784
64,49243,2889
65,40797,2700
66,29788,2266
67,19245,1757
68,11364,1205
69,6410,856
70,3472,510
71,1731,296
72,799,152
73,370,134
74,141,52
75,79,36
76,31,12
77,9,11
78,4,1
79,6,2
80,0,2
81,0,0
82,0,1
83,0,0
84,0,1
85,0,0
86,0,0
87,0,0
88,0,0
89,0,0
90,0,0
91,0,0
92,0,0
93,0,0
94,0,0
95,0,0
96,0,0
97,0,0
98,0,0
99,0,0
100,0,0
101,0,0
102,0,0
103,0,0
104,0,0
105,0,0
106,0,0
107,0,0
108,0,0
109,0,0
110,0,0
111,0,0
112,0,0
113,0,0
114,0,0
115,0,0
116,0,0
117,0,0
118,0,0
119,0,0
120,0,0
121,0,0
122,0,0
123,0,0
124,0,0
125,0,0
126,0,0
127,0,0
128,0,0
129,0,0
130,0,0
131,0,0
132,0,0
133,0,0
134,0,0
135,0,0
136,0,0
137,0,0
138,0,0
139,0,0
140,0,0
141,0,0
