1,1,0
2,0,0
3,0,0
4,0,0
5,1,0
6,1,0
7,0,0
8,0,0
9,1,0
10,2,0
11,4,0
12,2,0
13,3,0
14,2,0
15,3,1
16,8,1
17,9,0
18,9,1
19,8,0
20,7,3
21,12,0
22,10,2
23,8,1
24,11,1
25,9,0
26,10,0
27,12,2
28,17,4
29,12,2
30,16,1
31,32,4
32,39,2
33,44,0
34,72,3
35,70,3
36,83,6
37,95,5
38,148,5
39,177,6
40,228,7
41,257,15
42,256,13
43,291,23
44,360,21
45,467,24
46,597,29
47,667,33
48,724,52
49,910,49
50,1040,46
51,1263,60
52,1435,87
53,1786,91
54,2090,124
55,2492,122
56,3027,155
57,3627,199
58,4519,224
59,5405,281
60,6028,299
61,7597,381
62,9019,483
63,10482,557
64,12744,682
65,15316,806
66,18158,968
67,21898,1083
68,25776,1351
69,30959,1630
70,36718,1971
71,43789,2283
72,50678,2729
73,51636,2847
74,46268,2735
75,35662,2462
76,24002,2050
77,14914,1484
78,8591,950
79,4754,658
80,2426,388
81,1205,266
82,544,138
83,248,73
84,129,39
85,49,26
86,17,12
87,9,4
88,2,2
89,1,3
90,1,0
91,0,1
92,0,0
93,0,0
94,0,0
95,0,0
96,0,0
97,0,0
98,0,0
99,0,0
100,0,0
101,0,0
102,0,0
103,0,0
104,0,0
105,0,0
106,0,0
107,0,0
108,0,0
109,0,0
110,0,0
111,0,0
112,0,0
113,0,0
114,0,0
115,0,0
116,0,0
117,0,0
118,0,0
119,0,0
120,0,0
121,0,0
122,0,0
123,0,0
124,0,0
125,0,0
126,0,0
127,0,0
128,0,0
129,0,0
130,0,0
131,0,0
132,0,0
133,0,0
134,0,0
135,0,0
136,0,0
137,0,0
138,0,0
139,0,0
140,0,0
141,0,0
