1,1,0
2,0,0
3,2,0
4,1,0
5,6,0
6,0,0
7,3,0
8,2,0
9,8,0
10,4,0
11,6,1
12,6,0
13,15,0
14,14,1
15,27,1
16,39,3
17,36,1
18,49,0
19,62,3
20,93,2
21,150,4
22,164,10
23,195,4
24,221,11
25,268,10
26,344,19
27,459,20
28,432,29
29,593,34
30,708,46
31,801,43
32,1015,40
33,1185,79
34,1491,70
35,1685,80
36,2036,100
37,2454,131
38,2853,159
39,3435,166
40,4232,224
41,4963,244
42,5837,305
43,7220,369
44,8714,415
45,10428,514
46,12527,601
47,14962,739
48,17980,882
49,21679,1067
50,25845,1328
51,31071,1595
52,37326,1840
53,44587,2268
54,51819,2617
55,52978,2979
56,47786,2887
57,37481,2529
58,25851,2152
59,16586,1596
60,9616,1089
61,5059,673
62,2679,405
63,1336,234
64,634,166
65,314,81
66,140,38
67,51,27
68,28,12
69,9,4
70,5,2
71,2,1
72,0,0
73,1,0
74,0,0
75,0,0
76,0,0
77,0,0
78,0,0
79,0,0
80,0,0
81,0,0
82,0,0
83,0,0
84,0,0
85,0,0
86,0,0
87,0,0
88,0,0
89,0,0
90,0,0
91,0,0
92,0,0
93,0,0
94,0,0
95,0,0
96,0,0
97,0,0
98,0,0
99,0,0
100,0,0
101,0,0
102,0,0
103,0,0
104,0,0
105,0,0
106,0,0
107,0,0
108,0,0
109,0,0
110,0,0
111,0,0
112,0,0
113,0,0
114,0,0
115,0,0
116,0,0
117,0,0
118,0,0
119,0,0
120,0,0
121,0,0
122,0,0
123,0,0
124,0,0
125,0,0
126,0,0
127,0,0
128,0,0
129,0,0
130,0,0
131,0,0
132,0,0
133,0,0
134,0,0
135,0,0
136,0,0
137,0,0
138,0,0
139,0,0
140,0,0
141,0,0
