1,1,0
2,0,0
3,2,0
4,2,0
5,2,0
6,4,0
7,3,0
8,9,1
9,8,0
10,5,0
11,18,0
12,20,0
13,18,0
14,23,1
15,43,1
16,47,4
17,53,1
18,68,1
19,94,5
20,111,4
21,149,9
22,153,7
23,177,8
24,203,13
25,259,9
26,291,10
27,361,25
28,415,21
29,481,28
30,545,31
31,635,53
32,779,35
33,847,60
34,996,52
35,1208,73
36,1504,77
37,1747,114
38,2056,118
39,2557,147
40,2926,148
41,3565,185
42,4271,209
43,5097,256
44,5963,337
45,7187,424
46,8642,458
47,10301,536
48,12182,632
49,14480,757
50,17284,913
51,20696,1092
52,24791,1264
53,29632,1562
54,35490,1792
55,42626,2251
56,49843,2608
57,52622,2878
58,47965,2827
59,38050,2562
60,26667,2040
61,16886,1513
62,9952,1132
63,5417,677
64,2791,455
65,1395,265
66,668,155
67,264,84
68,125,37
69,62,17
70,24,16
71,9,7
72,7,6
73,1,1
74,0,0
75,1,0
76,2,0
77,0,1
78,0,0
79,0,0
80,0,0
81,0,0
82,0,0
83,0,0
84,0,0
85,0,0
86,0,0
87,0,0
88,0,0
89,0,0
90,0,0
91,0,0
92,0,0
93,0,0
94,0,0
95,0,0
96,0,0
97,0,0
98,0,0
99,0,0
100,0,0
101,0,0
102,0,0
103,0,0
104,0,0
105,0,0
106,0,0
107,0,0
108,0,0
109,0,0
110,0,0
111,0,0
112,0,0
113,0,0
114,0,0
115,0,0
116,0,0
117,0,0
118,0,0
119,0,0
120,0,0
121,0,0
122,0,0
123,0,0
124,0,0
125,0,0
126,0,0
127,0,0
128,0,0
129,0,0
130,0,0
131,0,0
132,0,0
133,0,0
134,0,0
135,0,0
136,0,0
137,0,0
138,0,0
139,0,0
140,0,0
141,0,0
