1,1,0
2,0,0
3,0,0
4,0,0
5,1,0
6,5,0
7,1,0
8,7,0
9,21,0
10,21,0
11,31,0
12,45,0
13,39,1
14,62,2
15,78,3
16,114,2
17,135,2
18,132,7
19,167,11
20,187,10
21,229,5
22,267,19
23,385,17
24,452,18
25,566,18
26,657,34
27,807,44
28,992,41
29,1161,53
30,1450,62
31,1653,76
32,2080,88
33,2484,104
34,3030,155
35,3635,182
36,4388,218
37,5064,263
38,6394,339
39,7589,365
40,9084,464
41,10901,562
42,12888,651
43,16008,813
44,18865,972
45,22659,1127
46,27120,1344
47,32380,1627
48,37892,1882
49,45185,2422
50,51839,2756
51,52200,2999
52,45998,2794
53,34678,2539
54,24036,2024
55,14692,1405
56,8576,993
57,4560,641
58,2289,374
59,1097,268
60,513,147
61,240,62
62,113,33
63,41,20
64,19,9
65,7,2
66,5,2
67,0,1
68,0,3
69,0,0
70,0,0
71,0,0
72,0,0
73,0,0
74,0,0
75,0,0
76,0,0
77,0,0
78,0,0
79,0,0
80,0,0
81,0,0
82,0,0
83,0,0
84,0,0
85,0,0
86,0,0
87,0,0
88,0,0
89,0,0
90,0,0
91,0,0
92,0,0
93,0,0
94,0,0
95,0,0
96,0,0
97,0,0
98,0,0
99,0,0
100,0,0
101,0,0
102,0,0
103,0,0
104,0,0
105,0,0
106,0,0
107,0,0
108,0,0
109,0,0
110,0,0
111,0,0
112,0,0
113,0,0
114,0,0
115,0,0
116,0,0
117,0,0
118,0,0
119,0,0
120,0,0
121,0,0
122,0,0
123,0,0
124,0,0
125,0,0
126,0,0
127,0,0
128,0,0
129,0,0
130,0,0
131,0,0
132,0,0
133,0,0
134,0,0
135,0,0
136,0,0
137,0,0
138,0,0
139,0,0
140,0,0
141,0,0
