1,1,0
2,0,0
3,0,0
4,4,0
5,5,0
6,2,0
7,2,0
8,2,1
9,6,0
10,5,0
11,8,1
12,2,1
13,5,0
14,8,0
15,8,3
16,8,1
17,8,0
18,10,0
19,9,2
20,10,0
21,7,1
22,16,0
23,12,4
24,9,3
25,7,2
26,22,0
27,21,1
28,14,3
29,25,1
30,30,1
31,41,3
32,66,1
33,97,2
34,100,3
35,131,7
36,145,4
37,189,6
38,249,10
39,294,18
40,310,9
41,380,18
42,485,20
43,536,35
44,658,36
45,776,40
46,987,54
47,1184,59
48,1335,68
49,1541,98
50,1902,95
51,2238,118
52,2722,152
53,3174,174
54,3784,213
55,4469,250
56,5533,279
57,6444,368
58,7719,393
59,9030,452
60,11076,574
61,13349,727
62,15731,808
63,18896,985
64,22530,1152
65,27074,1392
66,32538,1636
67,38650,2022
68,45606,2379
69,51596,2741
70,50769,2861
71,43841,2748
72,32779,2444
73,22346,1862
74,13448,1419
75,7814,924
76,4018,638
77,2069,396
78,1010,212
79,487,143
80,227,74
81,104,38
82,30,20
83,15,7
84,9,4
85,1,2
86,0,0
87,1,0
88,1,0
89,1,0
90,0,0
91,0,0
92,0,0
93,0,0
94,0,0
95,0,0
96,0,0
97,0,0
98,0,0
99,0,0
100,0,0
101,0,0
102,0,0
103,0,0
104,0,0
105,0,0
106,0,0
107,0,0
108,0,0
109,0,0
110,0,0
111,0,0
112,0,0
113,0,0
114,0,0
115,0,0
116,0,0
117,0,0
118,0,0
119,0,0
120,0,0
121,0,0
122,0,0
123,0,0
124,0,0
125,0,0
126,0,0
127,0,0
128,0,0
129,0,0
130,0,0
131,0,0
132,0,0
133,0,0
134,0,0
135,0,0
136,0,0
137,0,0
138,0,0
139,0,0
140,0,0
141,0,0
