1,1,0
2,0,0
3,0,0
4,1,0
5,1,0
6,0,1
7,2,0
8,1,0
9,0,0
10,1,0
11,3,0
12,0,0
13,0,0
14,1,0
15,1,0
16,1,0
17,3,0
18,1,1
19,0,0
20,1,0
21,2,0
22,7,0
23,3,1
24,0,0
25,10,0
26,15,1
27,8,1
28,13,0
29,18,0
30,20,1
31,28,2
32,32,2
33,33,0
34,47,0
35,60,1
36,51,1
37,85,4
38,82,3
39,94,4
40,88,6
41,124,5
42,139,12
43,149,8
44,182,9
45,204,15
46,247,19
47,280,10
48,342,21
49,451,23
50,526,29
51,602,36
52,771,31
53,916,51
54,1109,53
55,1255,59
56,1629,75
57,1822,98
58,2199,112
59,2619,135
60,3184,174
61,3758,199
62,4541,256
63,5371,262
64,6349,304
65,7650,399
66,8867,479
67,10995,548
68,12867,650
69,15231,831
70,18342,984
71,21914,1142
72,26181,1368
73,31240,1611
74,37181,1894
75,44652,2303
76,51237,2616
77,52350,2836
78,45396,2789
79,34995,2482
80,23796,1894
81,14525,1412
82,8367,951
83,4535,623
84,2298,398
85,1077,221
86,543,149
87,238,66
88,135,34
89,44,18
90,24,15
91,8,5
92,6,0
93,2,1
94,2,3
95,0,0
96,0,0
97,0,0
98,0,0
99,0,0
100,0,0
101,0,0
102,0,0
103,0,0
104,0,0
105,0,0
106,0,0
107,0,0
108,0,0
109,0,0
110,0,0
111,0,0
112,0,0
113,0,0
114,0,0
115,0,0
116,0,0
117,0,0
118,0,0
119,0,0
120,0,0
121,0,0
122,0,0
123,0,0
124,0,0
125,0,0
126,0,0
127,0,0
128,0,0
129,0,0
130,0,0
131,0,0
132,0,0
133,0,0
134,0,0
135,0,0
136,0,0
137,0,0
138,0,0
139,0,0
140,0,0
141,0,0
