1,1,0
2,0,0
3,0,0
4,1,0
5,1,0
6,2,0
7,0,0
8,3,0
9,0,0
10,2,0
11,3,0
12,0,0
13,2,0
14,1,0
15,2,0
16,2,0
17,3,0
18,2,1
19,3,0
20,5,0
21,24,0
22,15,0
23,15,1
24,13,0
25,21,0
26,21,2
27,33,2
28,34,2
29,56,6
30,62,3
31,64,9
32,82,6
33,96,1
34,108,3
35,109,10
36,148,10
37,160,10
38,168,11
39,172,10
40,231,17
41,307,16
42,347,21
43,347,19
44,496,30
45,555,31
46,667,39
47,805,42
48,1005,46
49,1173,53
50,1435,74
51,1625,77
52,1972,101
53,2431,109
54,2780,142
55,3354,186
56,4003,221
57,4807,257
58,5691,289
59,6906,338
60,8315,452
61,9746,513
62,11424,641
63,13782,722
64,16467,899
65,19697,1024
66,23504,1198
67,27815,1488
68,33800,1769
69,40409,2159
70,47806,2524
71,52454,2840
72,49499,2817
73,40995,2633
74,29818,2160
75,19442,1668
76,11642,1216
77,6544,826
78,3453,479
79,1590,296
80,884,186
81,379,114
82,180,62
83,81,24
84,40,12
85,12,9
86,4,2
87,2,0
88,2,2
89,0,0
90,0,1
91,0,0
92,0,0
93,0,0
94,0,0
95,0,0
96,0,0
97,0,0
98,0,0
99,0,0
100,0,0
101,0,0
102,0,0
103,0,0
104,0,0
105,0,0
106,0,0
107,0,0
108,0,0
109,0,0
110,0,0
111,0,0
112,0,0
113,0,0
114,0,0
115,0,0
116,0,0
117,0,0
118,0,0
119,0,0
120,0,0
121,0,0
122,0,0
123,0,0
124,0,0
125,0,0
126,0,0
127,0,0
128,0,0
129,0,0
130,0,0
131,0,0
132,0,0
133,0,0
134,0,0
135,0,0
136,0,0
137,0,0
138,0,0
139,0,0
140,0,0
141,0,0
