1,1,0
2,0,0
3,1,0
4,6,0
5,4,0
6,8,0
7,8,0
8,8,1
9,14,0
10,13,1
11,14,0
12,23,1
13,27,0
14,24,4
15,22,1
16,32,2
17,51,2
18,64,1
19,49,6
20,86,5
21,108,3
22,96,7
23,102,7
24,164,12
25,143,8
26,179,9
27,219,11
28,274,19
29,349,16
30,358,24
31,439,21
32,456,27
33,572,55
34,685,43
35,849,42
36,998,58
37,1109,67
38,1369,63
39,1626,84
40,2009,104
41,2266,122
42,2915,149
43,3424,181
44,4273,219
45,5105,237
46,6062,268
47,7203,338
48,8550,418
49,10135,544
50,12043,596
51,14427,754
52,17230,900
53,20952,1107
54,24869,1305
55,29607,1544
56,34990,1875
57,41673,2241
58,48818,2522
59,52271,2830
60,48317,2782
61,38851,2551
62,27104,2129
63,17636,1603
64,10468,1094
65,5805,744
66,3007,476
67,1496,292
68,675,141
69,364,100
70,138,41
71,60,29
72,31,13
73,7,6
74,5,4
75,1,1
76,1,0
77,1,1
78,0,0
79,1,0
80,0,0
81,0,0
82,0,0
83,0,0
84,0,0
85,0,0
86,0,0
87,0,0
88,0,0
89,0,0
90,0,0
91,0,0
92,0,0
93,0,0
94,0,0
95,0,0
96,0,0
97,0,0
98,0,0
99,0,0
100,0,0
101,0,0
102,0,0
103,0,0
104,0,0
105,0,0
106,0,0
107,0,0
108,0,0
109,0,0
110,0,0
111,0,0
112,0,0
113,0,0
114,0,0
115,0,0
116,0,0
117,0,0
118,0,0
119,0,0
120,0,0
121,0,0
122,0,0
123,0,0
124,0,0
125,0,0
126,0,0
127,0,0
128,0,0
129,0,0
130,0,0
131,0,0
132,0,0
133,0,0
134,0,0
135,0,0
136,0,0
137,0,0
138,0,0
139,0,0
140,0,0
141,0,0
