1,1,0
2,0,0
3,1,0
4,3,0
5,7,0
6,11,0
7,9,0
8,11,0
9,11,1
10,7,0
11,15,1
12,21,0
13,24,1
14,31,2
15,20,0
16,33,0
17,50,3
18,43,3
19,41,5
20,63,1
21,72,3
22,89,6
23,115,12
24,114,11
25,150,3
26,183,9
27,212,11
28,281,17
29,334,21
30,374,13
31,491,20
32,579,29
33,646,37
34,816,37
35,939,67
36,1143,52
37,1291,64
38,1616,65
39,2109,117
40,2528,117
41,2825,143
42,3469,177
43,4160,227
44,5003,270
45,5817,290
46,7134,331
47,8364,419
48,10141,515
49,12043,668
50,14267,735
51,17217,851
52,20485,1075
53,24364,1211
54,29102,1511
55,35112,1833
56,41884,2213
57,49024,2660
58,52882,2884
59,48792,2898
60,39795,2579
61,28157,2116
62,18220,1653
63,10648,1105
64,5720,754
65,3150,489
66,1512,262
67,698,164
68,363,89
69,154,62
70,86,26
71,32,19
72,11,8
73,9,2
74,3,0
75,0,2
76,0,0
77,1,0
78,1,0
79,0,0
80,0,0
81,0,0
82,0,0
83,0,0
84,0,0
85,0,0
86,0,0
87,0,0
88,0,0
89,0,0
90,0,0
91,0,0
92,0,0
93,0,0
94,0,0
95,0,0
96,0,0
97,0,0
98,0,0
99,0,0
100,0,0
101,0,0
102,0,0
103,0,0
104,0,0
105,0,0
106,0,0
107,0,0
108,0,0
109,0,0
110,0,0
111,0,0
112,0,0
113,0,0
114,0,0
115,0,0
116,0,0
117,0,0
118,0,0
119,0,0
120,0,0
121,0,0
122,0,0
123,0,0
124,0,0
125,0,0
126,0,0
127,0,0
128,0,0
129,0,0
130,0,0
131,0,0
132,0,0
133,0,0
134,0,0
135,0,0
136,0,0
137,0,0
138,0,0
139,0,0
140,0,0
141,0,0
