1,1,0
2,0,0
3,0,0
4,1,0
5,0,0
6,3,0
7,1,0
8,2,0
9,5,0
10,13,0
11,7,0
12,9,0
13,12,1
14,6,1
15,7,0
16,11,1
17,17,1
18,16,1
19,14,0
20,28,4
21,49,0
22,69,1
23,72,3
24,70,2
25,113,1
26,110,3
27,173,4
28,203,8
29,250,7
30,318,12
31,374,14
32,419,30
33,513,25
34,603,27
35,738,41
36,919,42
37,1145,57
38,1452,56
39,1697,99
40,2116,87
41,2478,122
42,2975,156
43,3512,179
44,4130,218
45,4943,244
46,5901,297
47,7062,351
48,8412,450
49,10057,518
50,12152,665
51,14404,753
52,16904,896
53,20381,1095
54,24404,1267
55,28839,1499
56,34909,1816
57,41899,2136
58,49330,2505
59,53275,2877
60,50169,2907
61,40588,2665
62,29102,2228
63,18913,1754
64,11373,1135
65,6304,812
66,3194,479
67,1596,293
68,764,179
69,368,97
70,172,50
71,73,41
72,20,17
73,13,8
74,4,1
75,1,1
76,0,2
77,1,2
78,0,0
79,0,0
80,0,0
81,0,0
82,1,0
83,0,0
84,0,0
85,0,0
86,0,0
87,0,0
88,0,0
89,0,0
90,0,0
91,0,0
92,0,0
93,0,0
94,0,0
95,0,0
96,0,0
97,0,0
98,0,0
99,0,0
100,0,0
101,0,0
102,0,0
103,0,0
104,0,0
105,0,0
106,0,0
107,0,0
108,0,0
109,0,0
110,0,0
111,0,0
112,0,0
113,0,0
114,0,0
115,0,0
116,0,0
117,0,0
118,0,0
119,0,0
120,0,0
121,0,0
122,0,0
123,0,0
124,0,0
125,0,0
126,0,0
127,0,0
128,0,0
129,0,0
130,0,0
131,0,0
132,0,0
133,0,0
134,0,0
135,0,0
136,0,0
137,0,0
138,0,0
139,0,0
140,0,0
141,0,0
