1,1,0
2,0,0
3,0,0
4,0,0
5,3,0
6,1,0
7,2,0
8,3,0
9,5,0
10,3,0
11,11,0
12,6,0
13,9,0
14,2,0
15,10,1
16,8,0
17,8,1
18,7,2
19,14,1
20,17,2
21,10,2
22,18,1
23,22,5
24,20,3
25,22,1
26,25,1
27,22,2
28,19,4
29,58,3
30,68,4
31,59,6
32,76,3
33,87,2
34,112,9
35,163,12
36,177,4
37,218,9
38,233,6
39,276,11
40,373,15
41,382,29
42,437,18
43,552,42
44,598,44
45,758,47
46,892,48
47,1072,56
48,1275,67
49,1625,80
50,1923,86
51,2318,120
52,2875,124
53,3456,167
54,4103,205
55,4999,241
56,6005,271
57,7062,340
58,8506,443
59,10278,509
60,12394,635
61,14653,708
62,17370,889
63,21247,1131
64,25282,1272
65,30146,1551
66,36716,1825
67,43166,2240
68,50582,2597
69,54028,2928
70,50040,2876
71,40354,2638
72,28798,2149
73,18298,1604
74,10948,1152
75,6066,767
76,3091,486
77,1536,308
78,727,163
79,321,106
80,142,55
81,82,21
82,32,9
83,16,5
84,9,8
85,2,0
86,0,0
87,0,1
88,0,0
89,0,0
90,0,0
91,0,0
92,0,0
93,0,0
94,0,0
95,0,0
96,0,0
97,0,0
98,0,0
99,0,0
100,0,0
101,0,0
102,0,0
103,0,0
104,0,0
105,0,0
106,0,0
107,0,0
108,0,0
109,0,0
110,0,0
111,0,0
112,0,0
113,0,0
114,0,0
115,0,0
116,0,0
117,0,0
118,0,0
119,0,0
120,0,0
121,0,0
122,0,0
123,0,0
124,0,0
125,0,0
126,0,0
127,0,0
128,0,0
129,0,0
130,0,0
131,0,0
132,0,0
133,0,0
134,0,0
135,0,0
136,0,0
137,0,0
138,0,0
139,0,0
140,0,0
141,0,0
