1,1,0
2,0,0
3,0,0
4,2,0
5,8,0
6,6,0
7,4,0
8,6,0
9,8,0
10,10,0
11,2,0
12,5,0
13,3,2
14,3,1
15,5,0
16,8,0
17,6,0
18,2,1
19,3,2
20,4,1
21,5,1
22,3,1
23,11,1
24,5,1
25,11,0
26,11,2
27,10,0
28,13,1
29,22,0
30,37,3
31,26,1
32,42,2
33,53,6
34,58,4
35,55,2
36,64,8
37,78,5
38,83,7
39,92,9
40,120,5
41,154,14
42,174,11
43,204,13
44,246,7
45,271,14
46,308,36
47,361,19
48,420,26
49,501,30
50,609,28
51,739,49
52,881,40
53,983,56
54,1200,73
55,1451,86
56,1650,96
57,1950,126
58,2397,129
59,2867,170
60,3509,203
61,3894,209
62,4743,256
63,5712,343
64,6829,356
65,8341,447
66,10132,518
67,12000,598
68,14483,753
69,17016,861
70,20383,1087
71,25138,1278
72,29704,1521
73,35293,1810
74,42273,2150
75,49885,2524
76,52706,2800
77,49178,2814
78,39287,2552
79,28095,2144
80,17969,1544
81,10580,1097
82,5751,761
83,3081,482
84,1502,279
85,760,165
86,368,88
87,148,48
88,51,34
89,26,9
90,16,5
91,7,6
92,3,2
93,1,2
94,0,0
95,0,0
96,0,0
97,0,0
98,0,0
99,0,0
100,0,0
101,0,0
102,0,0
103,0,0
104,0,0
105,0,0
106,0,0
107,0,0
108,0,0
109,0,0
110,0,0
111,0,0
112,0,0
113,0,0
114,0,0
115,0,0
116,0,0
117,0,0
118,0,0
119,0,0
120,0,0
121,0,0
122,0,0
123,0,0
124,0,0
125,0,0
126,0,0
127,0,0
128,0,0
129,0,0
130,0,0
131,0,0
132,0,0
133,0,0
134,0,0
135,0,0
136,0,0
137,0,0
138,0,0
139,0,0
140,0,0
141,0,0
