1,1,0
2,0,0
3,1,0
4,0,0
5,0,0
6,1,1
7,3,0
8,5,0
9,0,0
10,1,0
11,0,0
12,0,0
13,0,0
14,4,0
15,4,0
16,4,0
17,3,0
18,7,0
19,6,0
20,14,0
21,15,0
22,21,0
23,30,0
24,24,0
25,14,0
26,35,2
27,36,2
28,36,3
29,34,3
30,53,3
31,60,5
32,84,6
33,120,3
34,130,5
35,170,4
36,216,6
37,223,9
38,303,12
39,343,18
40,404,27
41,549,21
42,647,30
43,738,47
44,889,56
45,1096,75
46,1309,55
47,1542,72
48,1883,105
49,2272,120
50,2889,138
51,3307,158
52,4043,201
53,4663,276
54,5604,297
55,6643,336
56,7879,407
57,9353,491
58,11377,604
59,13697,656
60,16350,858
61,19533,1040
62,22904,1202
63,27577,1426
64,32891,1672
65,39600,1991
66,46632,2498
67,51719,2785
68,50789,2946
69,42780,2711
70,32088,2291
71,21117,1806
72,12868,1323
73,7168,883
74,3965,560
75,1951,346
76,928,199
77,440,134
78,228,55
79,84,40
80,36,17
81,19,8
82,6,4
83,1,4
84,1,3
85,1,0
86,0,0
87,0,0
88,0,0
89,0,0
90,0,0
91,0,0
92,0,0
93,0,0
94,0,0
95,0,0
96,0,0
97,0,0
98,0,0
99,0,0
100,0,0
101,0,0
102,0,0
103,0,0
104,0,0
105,0,0
106,0,0
107,0,0
108,0,0
109,0,0
110,0,0
111,0,0
112,0,0
113,0,0
114,0,0
115,0,0
116,0,0
117,0,0
118,0,0
119,0,0
120,0,0
121,0,0
122,0,0
123,0,0
124,0,0
125,0,0
126,0,0
127,0,0
128,0,0
129,0,0
130,0,0
131,0,0
132,0,0
133,0,0
134,0,0
135,0,0
136,0,0
137,0,0
138,0,0
139,0,0
140,0,0
141,0,0
