1,1,0
2,0,0
3,0,0
4,0,0
5,3,0
6,1,0
7,4,0
8,2,1
9,6,0
10,5,0
11,2,0
12,9,1
13,9,0
14,13,0
15,13,0
16,11,4
17,13,0
18,8,2
19,8,1
20,23,1
21,23,1
22,23,2
23,26,2
24,36,1
25,48,1
26,56,5
27,73,0
28,90,2
29,113,7
30,101,8
31,92,7
32,145,8
33,198,7
34,178,7
35,204,9
36,273,17
37,301,22
38,327,24
39,380,26
40,506,18
41,511,27
42,603,38
43,747,45
44,896,54
45,1064,49
46,1296,60
47,1520,76
48,1796,82
49,2134,120
50,2482,131
51,3017,152
52,3561,195
53,4424,215
54,5319,280
55,6393,304
56,7475,393
57,8892,435
58,10599,555
59,12847,615
60,15320,784
61,18373,922
62,21861,1149
63,26075,1337
64,31864,1582
65,37508,1903
66,44658,2266
67,51512,2663
68,52646,2966
69,46335,2843
70,36088,2485
71,24428,1949
72,15343,1461
73,8845,972
74,4885,648
75,2382,394
76,1212,267
77,556,127
78,286,76
79,96,40
80,44,26
81,28,15
82,10,4
83,3,4
84,0,1
85,1,0
86,0,1
87,0,0
88,0,0
89,0,0
90,0,0
91,0,0
92,0,0
93,0,0
94,0,0
95,0,0
96,0,0
97,0,0
98,0,0
99,0,0
100,0,0
101,0,0
102,0,0
103,0,0
