1,1,0
2,0,0
3,0,0
4,0,0
5,0,0
6,0,0
7,1,0
8,1,0
9,1,0
10,2,0
11,2,0
12,3,0
13,0,1
14,2,0
15,0,0
16,6,0
17,5,0
18,0,0
19,1,0
20,1,0
21,0,0
22,7,0
23,19,1
24,6,1
25,8,1
26,15,1
27,19,1
28,13,1
29,15,1
30,30,0
31,39,1
32,45,1
33,45,2
34,47,6
35,50,4
36,62,4
37,58,6
38,87,4
39,92,7
40,121,7
41,130,10
42,167,8
43,186,11
44,188,10
45,279,18
46,286,14
47,354,15
48,408,19
49,520,28
50,623,35
51,747,47
52,816,48
53,970,37
54,1166,50
55,1351,69
56,1652,91
57,2030,103
58,2305,123
59,2888,134
60,3429,163
61,4032,199
62,4740,280
63,5624,314
64,6783,355
65,7993,435
66,9471,475
67,11398,659
68,13494,734
69,16414,848
70,19208,986
71,23336,1219
72,27675,1390
73,33045,1748
74,38775,2035
75,46853,2491
76,51885,2918
77,50677,2912
78,42626,2662
79,31308,2285
80,20611,1777
81,12418,1220
82,6949,813
83,3733,543
84,1924,331
85,902,218
86,404,116
87,181,52
88,98,31
89,35,13
90,12,14
91,6,2
92,5,1
93,2,1
94,0,1
95,0,0
96,0,0
97,0,0
98,0,0
99,0,0
100,0,0
101,0,0
102,0,0
103,0,0
