1,1,0
2,0,0
3,0,0
4,0,0
5,4,0
6,1,0
7,2,0
8,2,0
9,3,0
10,2,0
11,1,1
12,1,0
13,3,0
14,2,0
15,1,0
16,2,0
17,0,0
18,0,0
19,2,0
20,0,0
21,1,0
22,2,0
23,0,0
24,0,0
25,2,0
26,2,0
27,1,0
28,5,0
29,5,0
30,11,0
31,15,1
32,19,0
33,16,2
34,37,1
35,43,2
36,62,2
37,78,1
38,94,0
39,115,1
40,174,6
41,151,11
42,198,3
43,227,8
44,297,17
45,302,17
46,405,23
47,471,20
48,545,38
49,653,36
50,736,40
51,928,53
52,1092,53
53,1243,79
54,1516,91
55,1792,95
56,2185,105
57,2514,135
58,3110,143
59,3742,196
60,4628,229
61,5533,268
62,6588,303
63,8019,388
64,9442,484
65,11192,557
66,13432,719
67,15740,835
68,19071,1016
69,22817,1242
70,27124,1393
71,31967,1663
72,38731,2070
73,46019,2396
74,51709,2713
75,51205,2900
76,44635,2786
77,33567,2407
78,22387,1869
79,13636,1358
80,7834,970
81,4192,621
82,2129,368
83,1041,214
84,481,123
85,233,61
86,95,37
87,48,16
88,20,8
89,10,7
90,2,3
91,1,2
92,0,1
93,0,1
94,0,0
95,0,0
96,0,0
97,0,0
98,0,0
99,0,0
100,0,0
101,0,0
102,0,0
103,0,0
