1,1,0
2,0,0
3,0,0
4,1,0
5,0,0
6,0,0
7,1,0
8,0,0
9,0,0
10,0,0
11,1,0
12,2,0
13,1,0
14,1,0
15,2,0
16,2,0
17,5,1
18,7,0
19,6,0
20,3,1
21,7,0
22,5,0
23,7,1
24,9,0
25,12,0
26,10,2
27,9,1
28,16,0
29,18,0
30,26,3
31,38,1
32,46,2
33,63,2
34,60,3
35,74,3
36,89,2
37,115,6
38,123,4
39,144,13
40,197,11
41,219,13
42,277,12
43,282,11
44,329,23
45,391,14
46,497,28
47,588,34
48,746,35
49,853,30
50,1097,47
51,1248,63
52,1533,82
53,1896,85
54,2204,104
55,2719,113
56,3266,163
57,3783,213
58,4486,224
59,5334,290
60,6340,332
61,7595,401
62,9278,481
63,10843,591
64,13154,642
65,15998,794
66,19218,955
67,22756,1164
68,27649,1449
69,32492,1669
70,38843,2023
71,46194,2421
72,52578,2754
73,52157,2974
74,44837,2820
75,33830,2430
76,23104,1926
77,13859,1419
78,8081,887
79,4239,639
80,2157,352
81,1070,221
82,496,117
83,233,87
84,111,35
85,42,18
86,12,8
87,8,8
88,7,3
89,2,2
90,0,0
91,0,0
92,0,1
93,0,0
94,0,0
95,0,0
96,0,0
97,0,0
98,0,0
99,0,0
100,0,0
101,0,0
102,0,0
103,0,0
