1,1,0
2,0,0
3,1,0
4,0,0
5,0,0
6,2,0
7,2,0
8,1,0
9,1,0
10,6,0
11,9,0
12,16,0
13,21,0
14,17,0
15,32,1
16,31,0
17,26,3
18,34,1
19,43,3
20,49,3
21,65,2
22,94,6
23,92,5
24,108,5
25,123,10
26,137,3
27,157,13
28,141,11
29,219,11
30,264,18
31,301,26
32,383,22
33,470,19
34,532,26
35,732,30
36,848,36
37,1021,53
38,1167,49
39,1486,97
40,1725,84
41,2061,115
42,2281,111
43,2669,137
44,3259,179
45,3800,211
46,4483,259
47,5425,292
48,6514,339
49,7695,406
50,8987,500
51,10878,579
52,13186,686
53,15641,768
54,18720,992
55,22599,1145
56,27022,1457
57,32123,1648
58,38471,1997
59,46041,2392
60,51734,2643
61,51095,2927
62,44677,2758
63,33538,2336
64,22626,1783
65,13846,1345
66,7957,911
67,4287,586
68,2111,358
69,969,224
70,523,128
71,205,67
72,96,38
73,48,17
74,18,12
75,4,7
76,2,1
77,1,3
78,1,0
79,0,0
80,0,0
81,0,0
82,0,0
83,0,0
84,0,0
85,0,0
86,0,0
87,0,0
88,0,0
89,0,0
90,0,0
91,0,0
92,0,0
93,0,0
94,0,0
95,0,0
96,0,0
97,0,0
98,0,0
99,0,0
100,0,0
101,0,0
102,0,0
103,0,0
