1,1,0
2,0,0
3,0,0
4,2,0
5,2,0
6,4,0
7,3,0
8,4,2
9,4,1
10,7,0
11,9,1
12,8,0
13,7,1
14,12,0
15,20,3
16,24,0
17,28,1
18,41,1
19,54,2
20,59,0
21,76,4
22,85,5
23,114,5
24,139,8
25,156,15
26,171,16
27,223,11
28,259,10
29,285,10
30,392,22
31,458,22
32,579,25
33,677,31
34,781,42
35,965,51
36,1143,64
37,1357,78
38,1622,87
39,1950,115
40,2267,131
41,2643,170
42,3340,181
43,3967,185
44,4777,259
45,5787,251
46,6995,330
47,8441,410
48,10144,511
49,12122,633
50,14596,771
51,17470,896
52,20624,1027
53,24868,1285
54,29817,1526
55,35938,1852
56,42858,2275
57,50149,2634
58,53486,2972
59,49489,2883
60,39578,2617
61,28092,2205
62,18164,1556
63,10703,1122
64,5997,753
65,3036,470
66,1510,289
67,731,184
68,342,85
69,139,61
70,74,37
71,27,13
72,12,8
73,6,3
74,1,5
75,0,1
76,1,0
77,0,0
78,2,0
79,0,0
80,0,0
81,0,0
82,0,0
83,0,0
84,0,0
85,0,0
86,0,0
87,0,0
88,0,0
89,0,0
90,0,0
91,0,0
92,0,0
93,0,0
94,0,0
95,0,0
96,0,0
97,0,0
98,0,0
99,0,0
100,0,0
101,0,0
102,0,0
103,0,0
