1,1,0
2,0,0
3,2,0
4,4,0
5,7,0
6,3,0
7,11,0
8,5,0
9,7,0
10,17,1
11,20,0
12,17,1
13,23,1
14,26,3
15,37,1
16,54,1
17,46,3
18,66,1
19,66,2
20,85,3
21,107,6
22,117,5
23,132,4
24,133,9
25,163,12
26,215,14
27,264,20
28,325,19
29,431,23
30,511,16
31,655,26
32,739,36
33,793,37
34,978,61
35,1151,52
36,1403,50
37,1682,117
38,2064,101
39,2459,128
40,3023,155
41,3614,166
42,4270,212
43,5150,272
44,6012,333
45,7262,362
46,8644,463
47,10435,527
48,12182,616
49,14636,777
50,17689,963
51,20891,1026
52,25444,1327
53,29928,1623
54,35601,1860
55,42801,2255
56,50741,2646
57,52342,2921
58,48049,2842
59,38156,2568
60,26709,2089
61,16830,1494
62,9837,1041
63,5385,739
64,2787,444
65,1390,258
66,687,148
67,317,93
68,128,70
69,52,25
70,21,16
71,11,5
72,3,4
73,0,3
74,0,1
75,1,1
76,0,0
77,0,0
78,0,0
79,0,0
80,0,0
81,0,0
82,0,0
83,0,0
84,0,0
85,0,0
86,0,0
87,0,0
88,0,0
89,0,0
90,0,0
91,0,0
92,0,0
93,0,0
94,0,0
95,0,0
96,0,0
97,0,0
98,0,0
99,0,0
100,0,0
101,0,0
102,0,0
103,0,0
