1,1,0
2,0,0
3,0,0
4,1,0
5,0,0
6,1,0
7,1,0
8,2,0
9,1,0
10,2,0
11,2,0
12,4,0
13,3,0
14,22,0
15,34,0
16,48,0
17,64,2
18,63,3
19,62,1
20,92,2
21,100,4
22,113,6
23,184,12
24,182,11
25,228,13
26,250,10
27,297,13
28,389,19
29,429,25
30,549,29
31,665,23
32,798,38
33,920,49
34,1160,67
35,1291,55
36,1526,94
37,1895,91
38,2280,119
39,2706,126
40,3203,185
41,3821,220
42,4789,253
43,5606,290
44,6691,330
45,8051,391
46,9530,494
47,11435,586
48,13569,668
49,16178,828
50,19489,953
51,23385,1193
52,28374,1454
53,33633,1710
54,40611,2077
55,47647,2454
56,52651,2827
57,50923,2939
58,42531,2712
59,31423,2327
60,20912,1772
61,12607,1245
62,6986,855
63,3719,549
64,1868,360
65,905,185
66,443,103
67,211,56
68,78,37
69,33,25
70,15,6
71,9,3
72,2,3
73,1,1
74,0,0
75,0,0
76,0,1
77,1,0
78,0,0
79,0,0
80,0,0
81,0,0
82,0,0
83,0,0
84,0,0
85,0,0
86,0,0
87,0,0
88,0,0
89,0,0
90,0,0
91,0,0
92,0,0
93,0,0
94,0,0
95,0,0
96,0,0
97,0,0
98,0,0
99,0,0
100,0,0
101,0,0
102,0,0
103,0,0
