1,1,0
2,0,0
3,0,0
4,2,0
5,4,0
6,5,0
7,4,0
8,6,0
9,7,0
10,2,2
11,2,0
12,3,1
13,3,0
14,3,0
15,1,2
16,2,1
17,3,0
18,6,0
19,8,0
20,9,0
21,14,1
22,14,0
23,34,0
24,47,1
25,42,2
26,26,1
27,46,4
28,56,4
29,48,5
30,59,4
31,81,6
32,86,6
33,97,9
34,101,5
35,153,6
36,156,4
37,183,14
38,223,10
39,262,19
40,365,22
41,426,21
42,534,20
43,592,32
44,720,25
45,880,47
46,1046,51
47,1313,55
48,1537,64
49,1831,106
50,2189,114
51,2617,148
52,3105,156
53,3741,191
54,4563,241
55,5498,255
56,6847,318
57,8150,399
58,9722,456
59,11600,601
60,13903,672
61,16829,849
62,20139,1048
63,24328,1164
64,28804,1460
65,34733,1767
66,41710,2153
67,49504,2636
68,54146,2816
69,50968,2989
70,42362,2640
71,30946,2281
72,20198,1711
73,12271,1239
74,6687,868
75,3643,506
76,1761,354
77,813,214
78,434,104
79,174,67
80,68,36
81,35,13
82,14,8
83,6,3
84,7,2
85,2,1
86,0,0
87,0,0
88,0,0
89,0,0
90,0,0
91,0,0
92,0,0
93,0,0
94,0,0
95,0,0
96,0,0
97,0,0
98,0,0
99,0,0
100,0,0
101,0,0
102,0,0
103,0,0
