1,1,0
2,0,0
3,0,0
4,5,0
5,8,0
6,6,0
7,11,0
8,20,0
9,21,0
10,14,0
11,21,0
12,20,2
13,44,3
14,40,1
15,30,0
16,44,2
17,57,1
18,67,0
19,78,6
20,70,5
21,85,7
22,107,2
23,134,10
24,158,12
25,189,8
26,200,14
27,269,22
28,311,13
29,316,17
30,463,21
31,529,34
32,599,27
33,770,45
34,899,51
35,1132,44
36,1363,71
37,1555,82
38,1914,119
39,2273,126
40,2920,163
41,3347,161
42,3890,197
43,4612,256
44,5672,293
45,6624,355
46,7704,414
47,9349,481
48,11248,596
49,13436,704
50,16191,835
51,19427,990
52,23430,1151
53,27845,1418
54,33340,1688
55,39764,2065
56,47343,2464
57,52569,2703
58,52088,2988
59,44040,2738
60,33290,2380
61,21677,1912
62,13358,1368
63,7682,904
64,4010,532
65,2086,351
66,1028,191
67,465,109
68,216,67
69,114,33
70,45,21
71,15,5
72,9,8
73,2,6
74,1,1
75,0,1
76,1,2
77,0,0
78,0,0
79,0,0
80,0,0
81,0,0
82,0,0
83,0,0
84,0,0
85,0,0
86,0,0
87,0,0
88,0,0
89,0,0
90,0,0
91,0,0
92,0,0
93,0,0
94,0,0
95,0,0
96,0,0
97,0,0
98,0,0
99,0,0
100,0,0
101,0,0
102,0,0
103,0,0
