1,1,0
2,0,0
3,0,0
4,0,0
5,1,0
6,1,0
7,0,0
8,4,0
9,6,0
10,8,0
11,8,0
12,17,0
13,46,0
14,43,2
15,50,1
16,39,2
17,40,3
18,49,5
19,67,4
20,91,7
21,112,8
22,98,7
23,118,14
24,157,5
25,179,6
26,240,11
27,272,18
28,342,16
29,378,25
30,446,28
31,552,26
32,646,37
33,771,43
34,888,37
35,1009,64
36,1259,71
37,1526,91
38,1868,82
39,2105,108
40,2624,140
41,3239,181
42,3745,200
43,4642,231
44,5367,252
45,6349,296
46,7448,413
47,9223,481
48,10963,593
49,13071,695
50,15686,829
51,18663,907
52,22160,1123
53,26577,1413
54,31855,1625
55,38583,1968
56,45970,2212
57,52177,2669
58,52414,2916
59,45758,2799
60,35091,2409
61,23624,1949
62,14799,1365
63,8440,957
64,4496,641
65,2293,383
66,1154,254
67,541,140
68,250,86
69,110,35
70,44,27
71,18,16
72,8,3
73,3,11
74,1,2
75,1,1
76,0,0
77,0,0
78,0,0
79,0,1
80,0,0
81,0,0
82,0,0
83,0,0
84,0,0
85,0,0
86,0,0
87,0,0
88,0,0
89,0,0
90,0,0
91,0,0
92,0,0
93,0,0
94,0,0
95,0,0
96,0,0
97,0,0
98,0,0
99,0,0
100,0,0
101,0,0
102,0,0
103,0,0
