1,1,0
2,0,0
3,0,0
4,1,0
5,1,0
6,2,0
7,0,0
8,2,0
9,3,0
10,4,0
11,3,0
12,5,0
13,7,0
14,12,0
15,7,1
16,8,0
17,9,0
18,18,1
19,18,1
20,19,2
21,15,2
22,32,2
23,37,4
24,58,4
25,64,2
26,76,2
27,72,3
28,94,4
29,122,3
30,182,11
31,211,11
32,257,8
33,316,8
34,401,17
35,478,17
36,590,32
37,683,32
38,790,37
39,935,38
40,1144,56
41,1336,73
42,1490,88
43,1797,100
44,2218,119
45,2651,137
46,3147,163
47,3741,201
48,4549,274
49,5601,282
50,6727,380
51,7962,404
52,9746,494
53,11687,560
54,13942,688
55,16739,894
56,19820,1030
57,23863,1196
58,28713,1472
59,34171,1651
60,41108,2150
61,48469,2403
62,52913,2892
63,50562,2911
64,41322,2675
65,30111,2221
66,19615,1743
67,11518,1247
68,6471,815
69,3462,488
70,1680,310
71,781,177
72,389,109
73,154,62
74,75,31
75,28,16
76,16,8
77,13,6
78,0,4
79,0,2
80,0,2
81,0,0
82,0,0
83,0,0
84,0,0
85,0,0
86,0,0
87,0,0
88,0,0
89,0,0
90,0,0
91,0,0
92,0,0
93,0,0
94,0,0
95,0,0
96,0,0
97,0,0
98,0,0
99,0,0
100,0,0
101,0,0
102,0,0
103,0,0
