1,1,0
2,0,0
3,3,0
4,2,0
5,7,0
6,7,0
7,4,1
8,8,1
9,18,0
10,21,0
11,22,1
12,15,2
13,23,2
14,19,1
15,25,2
16,31,2
17,30,4
18,36,4
19,39,4
20,57,4
21,40,9
22,62,3
23,65,5
24,81,7
25,94,9
26,114,6
27,153,7
28,200,8
29,227,7
30,259,8
31,349,14
32,363,20
33,466,19
34,524,25
35,723,41
36,754,44
37,917,51
38,1066,57
39,1296,62
40,1533,71
41,1924,101
42,2255,120
43,2703,155
44,3223,197
45,4039,209
46,4722,236
47,5739,286
48,6623,344
49,8241,438
50,9741,538
51,11534,583
52,13887,728
53,16510,840
54,19979,1048
55,23302,1236
56,28330,1458
57,33857,1761
58,40417,2041
59,47995,2464
60,52543,2883
61,51720,2845
62,43209,2722
63,31716,2292
64,20746,1686
65,12705,1272
66,7153,858
67,3757,520
68,1866,338
69,938,199
70,421,124
71,176,49
72,80,24
73,54,20
74,13,12
75,7,7
76,5,3
77,3,0
78,0,1
79,0,0
80,0,0
81,0,0
82,0,0
83,0,0
84,0,0
85,0,0
86,0,1
87,0,0
88,0,0
89,0,0
90,0,0
91,0,0
92,0,0
93,0,0
94,0,0
95,0,0
96,0,0
97,0,0
98,0,0
99,0,0
100,0,0
101,0,0
102,0,0
103,0,0
