1,1,0
2,0,0
3,0,0
4,0,0
5,1,0
6,0,0
7,5,0
8,1,0
9,1,0
10,3,0
11,4,1
12,7,1
13,4,0
14,6,0
15,5,0
16,8,0
17,6,0
18,5,2
19,11,1
20,8,1
21,11,1
22,8,0
23,27,1
24,18,1
25,25,1
26,42,5
27,40,1
28,58,2
29,78,4
30,75,4
31,86,4
32,99,8
33,147,5
34,181,6
35,217,11
36,247,14
37,258,13
38,322,19
39,400,32
40,506,35
41,585,18
42,737,32
43,913,50
44,1087,47
45,1313,63
46,1574,67
47,1931,104
48,2245,105
49,2700,142
50,3270,178
51,3889,207
52,4761,218
53,5649,288
54,6755,349
55,8024,409
56,9712,497
57,11624,606
58,14015,716
59,16306,824
60,19753,1013
61,23461,1197
62,28597,1524
63,34040,1790
64,41115,2027
65,48154,2390
66,53358,2842
67,51139,2947
68,42701,2725
69,31288,2252
70,20478,1755
71,12501,1362
72,7067,863
73,3729,557
74,1869,336
75,906,174
76,417,109
77,202,61
78,90,35
79,32,19
80,16,5
81,5,7
82,2,1
83,1,3
84,0,2
85,0,0
86,0,1
87,0,0
88,0,0
89,0,0
90,0,0
91,0,0
92,0,0
93,0,0
94,0,0
95,0,0
96,0,0
97,0,0
98,0,0
99,0,0
100,0,0
101,0,0
102,0,0
103,0,0
