1,1,0
2,0,0
3,3,0
4,5,0
5,11,0
6,8,0
7,12,0
8,9,0
9,13,1
10,29,0
11,33,2
12,33,0
13,21,1
14,36,4
15,44,0
16,51,1
17,61,1
18,50,1
19,63,8
20,100,9
21,128,6
22,123,7
23,188,9
24,195,11
25,222,16
26,289,15
27,331,19
28,415,25
29,504,21
30,587,33
31,688,32
32,756,42
33,822,49
34,1009,57
35,1139,89
36,1362,101
37,1623,89
38,1893,116
39,2167,117
40,2785,155
41,3301,187
42,3972,234
43,4687,238
44,5524,304
45,6673,355
46,7841,427
47,9357,519
48,11340,659
49,13543,715
50,16138,818
51,19413,1023
52,22931,1177
