1,1,0
2,0,0
3,2,0
4,4,0
5,11,0
6,7,0
7,12,1
8,10,0
9,9,0
10,16,1
11,15,1
12,35,2
13,22,2
14,40,2
15,26,2
16,35,3
17,64,1
18,63,1
19,62,1
20,98,6
21,100,4
22,118,4
23,127,12
24,163,10
25,214,9
26,248,15
27,266,13
28,284,18
29,417,18
30,552,23
31,634,27
32,767,44
33,866,43
34,998,49
35,1158,75
36,1457,94
37,1720,93
38,2028,98
39,2454,155
40,2993,158
41,3572,151
42,4321,210
43,5058,226
44,6024,282
45,7430,362
46,8719,470
47,10619,548
48,12795,694
49,15104,774
50,18344,939
51,22005,1071
52,26155,1343
