1,1,0
2,0,0
3,2,0
4,2,0
5,1,0
6,1,0
7,4,0
8,1,0
9,3,0
10,2,1
11,0,0
12,1,0
13,1,1
14,2,0
15,9,0
16,18,0
17,26,0
18,35,1
19,47,2
20,62,2
21,78,3
22,70,2
23,132,6
24,137,3
25,182,7
26,211,8
27,240,10
28,297,11
29,345,22
30,464,24
31,538,29
32,627,32
33,821,43
34,997,58
35,1112,70
36,1352,64
37,1665,89
38,1833,121
39,2333,110
40,2693,140
41,3177,168
42,3824,204
43,4555,263
44,5463,291
45,6640,352
46,7817,421
47,9203,503
48,11009,572
49,13348,667
50,15935,855
51,18764,957
52,22553,1154
53,27332,1449
54,32174,1693
55,39311,2017
56,46389,2416
57,51968,2785
58,50692,2856
59,43261,2707
60,32581,2279
61,21372,1795
62,12984,1335
63,7385,864
64,3872,626
65,1926,381
66,980,191
67,414,119
68,188,85
69,87,41
70,39,24
71,18,6
72,10,7
73,0,3
74,1,0
75,0,0
76,0,0
77,0,0
78,0,0
79,0,0
80,0,0
81,0,0
82,0,0
83,0,0
84,0,0
