1,1,0
2,0,0
3,1,0
4,1,0
5,5,0
6,3,0
7,7,0
8,1,0
9,2,0
10,1,0
11,10,1
12,9,1
13,7,1
14,12,0
15,17,1
16,21,0
17,22,0
18,21,1
19,35,5
20,38,1
21,59,2
22,73,2
23,77,5
24,93,3
25,102,3
26,127,7
27,165,11
28,176,10
29,186,9
30,246,10
31,288,19
32,320,16
33,383,31
34,496,24
35,599,34
36,641,28
37,823,38
38,1044,50
39,1224,64
40,1483,76
41,1707,90
42,2038,93
43,2436,134
44,2931,165
45,3454,176
46,4261,217
47,4964,256
48,6011,280
49,7191,339
50,8592,446
51,10532,514
52,12826,648
53,15433,757
54,18496,928
55,21991,1106
56,26179,1299
57,31325,1539
58,37589,1928
59,44865,2229
60,51893,2711
61,53927,2981
62,49080,2903
63,38174,2581
64,26913,2065
65,16841,1566
66,9819,1099
67,5461,672
68,2869,438
69,1409,249
70,613,138
71,302,88
72,153,48
73,54,23
74,16,9
75,10,14
76,3,0
77,3,2
78,0,2
79,0,0
80,0,0
81,0,0
82,0,0
83,0,0
84,0,0
