1,1,0
2,0,0
3,0,0
4,2,0
5,0,0
6,7,1
7,10,0
8,10,0
9,14,0
10,15,3
11,14,0
12,27,1
13,22,1
14,48,2
15,47,2
16,64,2
17,79,4
18,75,6
19,114,7
20,133,7
21,143,8
22,167,12
23,204,9
24,266,9
25,327,12
26,396,19
27,489,33
28,588,27
29,718,26
30,742,42
31,934,40
32,1125,67
33,1257,68
34,1476,98
35,1732,100
36,2146,114
37,2515,139
38,3140,155
39,3813,178
40,4526,250
41,5292,240
42,6234,349
43,7470,397
44,8922,465
45,10716,582
46,12634,658
47,15263,787
48,18237,954
49,21725,1118
50,25701,1396
51,31028,1681
52,36572,1867
53,44511,2288
54,51266,2690
55,52191,2920
56,45745,2764
57,35118,2553
58,24165,1968
59,15021,1484
60,8625,986
61,4790,623
62,2407,403
63,1168,267
64,602,145
65,244,76
66,119,46
67,55,30
68,19,19
69,17,10
70,3,2
71,0,2
72,0,2
73,0,1
74,0,0
75,0,0
76,0,0
77,0,0
78,0,0
79,0,0
80,0,0
81,0,0
82,0,0
83,0,0
84,0,0
