1,1,0
2,0,0
3,0,0
4,1,0
5,1,0
6,3,0
7,3,0
8,1,0
9,4,0
10,3,0
11,3,0
12,1,0
13,1,0
14,8,0
15,9,1
16,7,0
17,11,1
18,11,1
19,22,2
20,18,1
21,23,5
22,24,4
23,42,3
24,32,1
25,41,2
26,48,3
27,49,3
28,55,2
29,48,2
30,68,6
31,88,5
32,81,3
33,110,11
34,145,6
35,163,5
36,199,4
37,229,10
38,289,9
39,379,12
40,389,19
41,445,20
42,570,32
43,619,50
44,703,40
45,864,50
46,1018,40
47,1232,69
48,1491,76
49,1717,105
50,2083,119
51,2448,140
52,2981,159
53,3696,183
54,4387,214
55,5107,248
56,6190,315
57,7576,359
58,8773,452
59,10413,522
60,13112,651
61,15108,770
62,18219,913
63,21705,1122
64,26183,1375
65,31165,1583
66,37220,1980
67,44398,2232
68,51001,2624
69,52173,2838
70,46496,2810
71,35893,2506
72,24187,1889
73,15343,1482
74,8847,989
75,4660,719
76,2567,414
77,1207,238
78,566,130
79,252,65
80,120,52
81,46,26
82,31,15
83,12,5
84,2,5
