1,1,0
2,0,0
3,0,0
4,0,0
5,2,0
6,3,0
7,2,0
8,4,0
9,1,0
10,4,0
11,2,0
12,3,0
13,12,2
14,17,1
15,17,1
16,6,0
17,21,1
18,37,2
19,46,1
20,55,1
21,58,2
22,73,2
23,104,4
24,88,5
25,109,7
26,144,8
27,157,9
28,202,9
29,212,11
30,271,13
31,337,23
32,403,23
33,435,23
34,564,28
35,651,33
36,798,41
37,955,44
38,1128,67
39,1381,68
40,1629,85
41,1885,83
42,2448,119
43,2804,133
44,3344,171
45,3984,218
46,4739,219
47,5739,283
48,6959,354
49,8187,435
50,9681,516
51,11583,607
52,14051,727
53,16548,852
54,20144,984
55,23515,1251
56,28071,1472
57,33404,1724
58,39906,2045
59,47274,2510
60,51715,2804
61,49748,2882
62,40414,2653
63,29654,2191
64,19173,1679
65,11509,1204
66,6556,814
67,3368,544
68,1735,302
69,792,188
70,370,116
71,184,72
72,88,38
73,34,24
74,16,7
75,4,6
76,5,3
77,1,2
78,0,0
79,0,0
80,0,0
81,0,1
82,0,0
83,0,0
84,0,0
