1,1,0
2,0,0
3,0,0
4,0,0
5,1,0
6,1,0
7,1,0
8,2,0
9,1,0
10,2,0
11,1,0
12,6,0
13,5,1
14,8,0
15,7,0
16,8,0
17,11,1
18,8,0
19,13,0
20,21,0
21,33,1
22,37,1
23,45,0
24,37,2
25,38,4
26,55,3
27,49,2
28,68,4
29,67,3
30,98,4
31,97,3
32,122,7
33,145,4
34,194,8
35,260,7
36,317,20
37,341,16
38,469,21
39,534,18
40,645,32
41,828,42
42,979,52
43,1107,56
44,1406,84
45,1671,90
46,1890,96
47,2218,118
48,2718,150
49,3271,173
50,3890,165
51,4706,261
52,5529,251
53,6462,345
54,7826,411
55,9477,492
56,11163,611
57,13428,726
58,15804,826
59,18962,1032
60,22400,1155
61,26976,1373
62,31945,1704
63,37875,2068
64,44581,2390
65,50586,2692
66,50922,2873
67,43416,2840
68,33019,2381
69,22482,1860
70,13678,1353
71,7830,910
72,4072,570
73,2067,369
74,1000,250
75,513,122
76,226,61
77,117,55
78,46,15
79,21,8
80,7,5
81,3,1
82,3,1
83,0,0
84,0,0
