1,1,0
2,0,0
3,0,0
4,2,0
5,5,0
6,7,0
7,6,0
8,7,0
9,11,0
10,4,1
11,11,0
12,13,0
13,16,0
14,20,1
15,12,1
16,16,2
17,19,1
18,22,2
19,22,3
20,34,1
21,22,3
22,36,2
23,52,1
24,55,4
25,72,0
26,115,5
27,147,3
28,189,4
29,240,10
30,252,10
31,291,16
32,403,20
33,436,30
34,578,27
35,605,41
36,764,46
37,958,35
38,1269,75
39,1498,69
40,1724,84
41,2136,104
42,2591,125
43,3088,149
44,3689,184
45,4398,242
46,5340,249
47,6222,340
48,7519,390
49,9054,465
50,10970,560
51,12890,702
52,15635,804
53,18625,927
54,22610,1152
55,26761,1412
56,32026,1619
57,38642,1904
58,45855,2302
59,52422,2680
60,52469,2992
61,45923,2818
62,35103,2459
63,23571,1954
64,14694,1453
65,8192,945
66,4575,626
67,2289,388
68,1101,232
69,596,145
70,224,71
71,96,50
72,41,25
73,15,16
74,8,2
75,2,0
76,2,2
77,0,0
78,0,0
79,0,0
80,0,0
81,0,0
82,0,0
83,0,0
84,0,0
