1,1,0
2,0,0
3,0,0
4,2,0
5,3,0
6,3,0
7,3,0
8,3,0
9,6,0
10,8,0
11,6,0
12,6,1
13,6,1
14,20,1
15,9,0
16,12,0
17,29,0
18,33,1
19,32,1
20,44,2
21,58,5
22,54,4
23,73,0
24,79,3
25,90,12
26,92,3
27,115,6
28,157,10
29,196,10
30,219,16
31,285,9
32,349,16
33,402,15
34,523,29
35,651,30
36,715,36
37,858,53
38,1049,61
39,1280,71
40,1532,73
41,1851,103
42,2129,96
43,2516,146
44,3044,153
45,3701,211
46,4272,232
47,5239,266
48,6166,308
49,7424,373
50,8994,441
51,10777,539
52,13176,660
53,15517,801
54,18734,971
55,22185,1083
56,26638,1394
57,31597,1567
58,37758,1962
59,44947,2433
60,50873,2730
61,51586,2833
62,45023,2882
63,34437,2345
64,23274,1915
65,14494,1399
66,8330,930
67,4324,646
68,2252,356
69,1066,220
70,565,124
71,209,68
72,112,39
73,60,20
74,25,9
75,5,8
76,6,1
77,2,4
78,1,0
79,0,0
80,0,0
81,0,0
82,0,0
83,0,0
84,0,0
