1,1,0
2,0,0
3,0,0
4,0,0
5,1,0
6,3,0
7,1,0
8,3,1
9,1,0
10,1,0
11,1,1
12,4,0
13,3,1
14,8,0
15,7,0
16,4,0
17,7,0
18,4,0
19,10,1
20,11,1
21,9,0
22,19,0
23,27,0
24,32,0
25,33,0
26,39,1
27,44,1
28,44,0
29,63,2
30,54,5
31,69,6
32,83,3
33,98,8
34,122,5
35,149,4
36,151,5
37,201,12
38,234,18
39,246,13
40,319,15
41,396,18
42,407,20
43,626,30
44,685,25
45,816,44
46,960,58
47,1091,74
48,1357,70
49,1572,80
50,1978,93
51,2256,120
52,2817,143
53,3338,186
54,4085,191
55,5032,239
56,6064,322
57,7226,339
58,8843,409
59,10679,513
60,12840,653
61,15087,759
62,18119,865
63,21709,1155
64,26018,1397
65,31302,1710
66,37116,1987
67,44701,2266
68,50882,2676
69,51981,2945
70,46351,2838
71,35551,2487
72,24505,1980
73,15490,1437
74,8809,950
75,4890,659
76,2466,410
77,1163,244
78,579,120
79,265,75
80,91,43
81,56,34
82,16,9
83,7,8
84,1,3
