1,1,0
2,0,0
3,0,0
4,0,0
5,0,0
6,0,0
7,1,0
8,0,0
9,2,0
10,4,0
11,1,0
12,5,0
13,3,0
14,7,0
15,10,0
16,13,0
17,9,1
18,15,0
19,21,1
20,22,0
21,23,1
22,31,0
23,36,1
24,41,2
25,54,2
26,52,5
27,80,1
28,89,0
29,126,7
30,124,3
31,167,7
32,186,8
33,234,11
34,306,13
35,354,23
36,416,27
37,510,20
38,689,43
39,729,31
40,886,41
41,1073,57
42,1234,44
43,1379,76
44,1693,96
45,1873,121
46,2299,115
47,2699,133
48,3181,161
49,3811,218
50,4622,284
51,5402,263
52,6471,356
53,7606,422
54,8937,512
55,11065,631
56,13242,636
57,15516,827
58,19005,956
59,22657,1163
60,27440,1283
61,32685,1745
62,38810,1999
63,46379,2481
64,51563,2749
65,51546,2841
66,43424,2761
67,32154,2329
68,21475,1745
69,13082,1258
70,7287,890
71,3863,558
72,1965,348
73,920,219
74,424,114
75,189,79
76,91,44
