1,1,0
2,0,0
3,0,0
4,1,0
5,3,0
6,1,0
7,1,0
8,5,0
9,0,0
10,3,0
11,1,0
12,2,0
13,4,1
14,2,0
15,6,1
16,2,2
17,9,0
18,5,1
19,4,1
20,3,1
21,2,0
22,1,0
23,8,0
24,8,1
25,2,1
26,8,0
27,6,1
28,8,2
29,8,1
30,6,4
31,7,0
32,13,1
33,21,1
34,13,0
35,22,3
36,19,1
37,26,0
38,21,3
39,25,1
40,29,0
41,44,3
42,56,4
43,58,3
44,67,3
45,96,5
46,115,4
47,160,6
48,156,6
49,212,12
50,257,9
51,323,20
52,302,19
53,429,28
54,500,21
55,576,36
56,685,34
57,857,46
58,935,42
59,1187,53
60,1398,83
61,1628,93
62,1949,105
63,2290,136
64,2851,166
65,3554,157
66,4208,210
67,4985,230
68,5653,304
69,6874,365
70,8217,421
71,9779,515
72,11727,656
73,14049,717
74,16673,921
75,20026,1030
76,24431,1275
