1,1,0
2,0,0
3,0,0
4,2,0
5,3,0
6,9,0
7,12,0
8,8,0
9,20,0
10,11,1
11,21,0
12,20,0
13,20,1
14,36,0
15,35,0
16,48,3
17,65,1
18,75,5
19,92,5
20,113,7
21,131,7
22,146,6
23,155,9
24,209,10
25,270,18
26,304,14
27,326,24
28,380,24
29,453,28
30,519,35
31,704,35
32,780,45
33,897,46
34,1074,60
35,1413,67
36,1626,92
37,2105,104
38,2423,110
39,2892,157
40,3421,160
41,4203,207
42,5010,232
43,5922,303
44,7144,354
45,8444,441
46,10023,554
47,12138,649
48,14393,728
49,17304,930
50,20687,1092
51,24656,1244
52,29357,1511
53,35090,1815
54,42102,2218
55,48712,2569
56,52465,2748
57,49203,2863
58,39286,2636
59,27886,2091
60,17777,1626
61,10485,1073
62,5729,757
63,3006,476
64,1426,256
65,701,151
66,309,96
67,150,42
68,62,27
69,23,13
70,10,11
71,4,7
72,1,1
73,0,1
74,0,1
75,0,0
76,0,0
