1,1,0
2,0,0
3,0,0
4,1,0
5,5,0
6,4,0
7,3,0
8,4,0
9,3,0
10,5,0
11,3,0
12,2,0
13,2,2
14,5,0
15,9,1
16,4,0
17,16,1
18,8,2
19,8,1
20,2,0
21,14,0
22,13,2
23,18,0
24,11,1
25,18,1
26,19,4
27,21,0
28,14,4
29,27,4
30,28,0
31,33,2
32,43,3
33,58,1
34,73,5
35,90,2
36,93,6
37,107,8
38,124,11
39,161,9
40,190,13
41,185,5
42,225,19
43,241,16
44,320,18
45,344,15
46,447,33
47,489,28
48,655,33
49,730,44
50,820,47
51,1138,39
52,1230,63
53,1533,85
54,1817,92
55,2143,97
56,2608,143
57,3329,158
58,3955,166
59,4761,226
60,5696,293
61,6827,313
62,8215,415
63,9639,504
64,11508,591
65,13412,744
66,16020,841
67,19288,1052
68,22972,1251
69,27392,1400
70,32818,1750
71,39170,2095
72,45794,2384
73,55842,2918
74,66437,3548
75,79011,4264
76,94715,4931
