1,1,0
2,0,0
3,0,0
4,1,0
5,2,0
6,3,0
7,0,0
8,2,0
9,1,0
10,1,0
11,0,0
12,1,0
13,2,0
14,2,1
15,2,0
16,3,0
17,3,0
18,1,0
19,3,0
20,4,2
21,6,0
22,5,1
23,9,0
24,2,0
25,7,0
26,0,0
27,7,1
28,10,0
29,8,0
30,8,1
31,15,0
32,9,2
33,9,1
34,8,0
35,23,1
36,25,0
37,31,0
38,32,3
39,35,3
40,45,2
41,44,2
42,45,5
43,84,8
44,87,6
45,128,3
46,144,1
47,194,5
48,254,5
49,271,15
50,373,13
51,492,10
52,620,28
53,722,24
54,812,47
55,967,51
56,1120,70
57,1299,80
58,1649,99
59,1907,112
60,2251,121
61,2654,132
62,3289,167
63,3766,200
64,4441,215
65,5506,292
66,6333,366
67,7770,433
68,9109,483
69,11038,571
70,13187,724
71,15831,822
72,18900,976
73,22621,1159
74,27057,1390
75,32398,1687
76,38597,1953
