1,1,0
2,0,0
3,0,0
4,0,0
5,1,0
6,1,0
7,0,0
8,0,0
9,3,0
10,0,0
11,5,0
12,12,0
13,20,1
14,11,1
15,20,0
16,25,0
17,49,0
18,43,4
19,53,2
20,65,4
21,71,1
22,116,10
23,108,7
24,130,4
25,161,7
26,187,14
27,207,11
28,309,20
29,333,13
30,436,19
31,527,18
32,614,35
33,760,39
34,823,35
35,992,68
36,1220,69
37,1513,73
38,1812,88
39,2221,108
40,2596,124
41,3028,144
42,3701,174
43,4493,232
44,5202,259
45,6240,298
46,7307,408
47,8954,460
48,10728,543
49,12747,621
50,15374,788
51,18162,906
52,21678,1090
53,26196,1307
54,31312,1625
55,37461,1953
56,44521,2260
57,50567,2699
58,53192,2947
59,47829,2869
60,37536,2530
61,25984,2040
62,16465,1462
63,9351,1075
64,5342,624
65,2688,443
66,1322,228
67,626,138
68,302,90
69,132,41
70,62,18
71,24,11
72,7,7
73,2,2
74,1,3
75,1,1
76,0,0
