1,1,0
2,0,0
3,1,0
4,2,0
5,1,0
6,4,0
7,7,0
8,7,0
9,13,1
10,16,0
11,21,1
12,20,1
13,32,1
14,52,2
15,45,2
16,58,3
17,79,5
18,109,6
19,105,4
20,152,5
21,166,9
22,164,13
23,220,13
24,251,9
25,303,21
26,373,15
27,411,21
28,495,21
29,580,40
30,698,30
31,880,54
32,1021,61
33,1235,85
34,1439,86
35,1811,96
36,2078,86
37,2594,132
38,3243,165
39,3911,189
40,4690,242
41,5805,280
42,6981,363
43,8328,422
44,9751,516
45,11848,616
46,14088,763
47,17053,871
48,20480,1035
49,24490,1214
50,28977,1476
51,34670,1825
52,41605,2088
53,47994,2568
54,51989,2844
55,49081,2940
56,39660,2669
57,28537,2072
58,18478,1600
59,11129,1253
60,6149,769
61,3183,508
62,1626,284
63,763,160
64,363,95
65,154,63
66,82,28
67,28,18
68,12,9
69,4,6
70,1,2
71,0,2
72,0,1
73,0,0
74,0,0
75,0,0
76,0,0
