1,1,0
2,0,0
3,0,0
4,1,0
5,1,0
6,2,0
7,2,0
8,2,0
9,1,0
10,4,0
11,6,0
12,12,0
13,8,0
14,8,0
15,6,0
16,9,1
17,15,0
18,7,0
19,7,2
20,17,1
21,13,0
22,10,0
23,8,2
24,15,1
25,5,3
26,7,0
27,10,1
28,17,3
29,22,2
30,23,0
31,24,2
32,32,2
33,33,1
34,50,2
35,55,4
36,67,3
37,63,3
38,80,5
39,74,3
40,100,10
41,138,9
42,163,9
43,227,9
44,271,15
45,321,16
46,390,23
47,463,18
48,577,25
49,652,37
50,777,35
51,1002,43
52,1279,48
53,1465,75
54,1798,76
55,2216,116
56,2700,108
57,3182,168
58,3835,186
59,4686,243
60,5554,275
61,6721,385
62,8119,395
63,9513,496
64,11688,617
65,14199,695
66,16998,849
67,20380,1012
68,23840,1258
69,28862,1450
70,34523,1702
71,41336,2122
72,49284,2561
73,59178,3068
74,70644,3657
75,82894,4165
76,87698,4710
