1,1,0
2,0,0
3,0,0
4,4,0
5,2,0
6,2,0
7,6,0
8,4,0
9,3,0
10,14,0
11,14,0
12,10,2
13,16,0
14,21,1
15,27,4
16,38,2
17,28,3
18,49,3
19,45,3
20,37,0
21,70,3
22,78,4
23,92,5
24,117,5
25,155,10
26,165,8
27,194,10
28,249,9
29,274,19
30,308,15
31,377,19
32,429,34
33,526,32
34,569,31
35,742,33
36,853,40
37,1084,46
38,1293,76
39,1391,78
40,1685,91
41,2050,127
42,2271,131
43,2763,171
44,3330,175
45,3910,212
46,4690,269
47,5658,294
48,6754,325
49,7909,414
50,9825,501
51,11554,594
52,13798,696
53,16674,860
54,19985,1012
55,23605,1237
56,28394,1394
57,33540,1779
58,40420,2151
59,47576,2478
60,51897,2800
61,49610,2805
62,40878,2734
63,29447,2200
64,19303,1661
65,11807,1172
66,6600,826
67,3335,492
68,1662,306
69,806,191
70,380,112
71,170,48
72,75,36
73,38,18
74,19,12
75,9,2
76,2,1
