1,1,0
2,0,0
3,0,0
4,0,0
5,2,0
6,0,0
7,5,0
8,9,0
9,15,0
10,16,0
11,16,0
12,24,1
13,26,0
14,34,1
15,27,4
16,29,1
17,30,3
18,50,2
19,52,6
20,57,5
21,59,5
22,65,5
23,81,5
24,103,6
25,129,8
26,124,13
27,152,9
28,164,13
29,219,12
30,257,15
31,299,9
32,342,17
33,479,20
34,508,20
35,585,35
36,691,45
37,883,45
38,1030,42
39,1219,66
40,1481,71
41,1768,85
42,2054,117
43,2497,126
44,2927,141
45,3564,165
46,4323,203
47,5167,272
48,6064,308
49,7221,353
50,8572,485
51,10339,553
52,12304,665
53,14871,746
54,17682,886
55,21088,993
56,25020,1278
57,30300,1556
58,36344,1909
59,43675,2193
60,50168,2662
61,53572,2892
62,48312,2889
63,38878,2582
64,26976,2134
65,16959,1521
66,10050,1085
67,5550,728
68,2788,447
69,1404,280
70,644,158
71,277,91
72,116,47
73,67,30
74,32,14
75,12,9
76,3,3
