1,1,0
2,0,0
3,0,0
4,1,0
5,0,0
6,1,0
7,2,0
8,0,0
9,3,0
10,7,1
11,9,0
12,7,0
13,11,0
14,20,0
15,21,0
16,21,0
17,28,0
18,35,1
19,31,2
20,43,1
21,38,2
22,62,2
23,59,4
24,63,11
25,84,8
26,127,6
27,132,5
28,187,10
29,205,11
30,245,9
31,288,10
32,380,22
33,436,20
34,552,26
35,602,29
36,772,38
37,925,52
38,1138,55
39,1269,69
40,1575,76
41,1851,98
42,2220,128
43,2853,119
44,3419,167
45,4100,187
46,4911,209
47,5822,259
48,7054,360
49,8683,424
50,10158,481
51,12248,617
52,14563,710
53,17381,921
54,21200,1047
55,24924,1327
56,30806,1483
57,36479,1829
58,43529,2237
59,50387,2490
60,54405,2963
61,51013,2985
62,41001,2626
63,29182,2189
64,18485,1699
65,11146,1112
66,6070,818
67,3158,437
68,1594,308
69,783,170
70,333,100
71,168,46
72,74,34
73,29,12
74,11,8
75,2,8
76,1,4
