1,1,0
2,0,0
3,0,0
4,0,0
5,0,0
6,1,0
7,1,0
8,1,0
9,0,1
10,1,0
11,0,0
12,1,0
13,0,1
14,1,0
15,3,0
16,2,1
17,2,0
18,4,0
19,1,0
20,3,0
21,2,0
22,2,0
23,2,0
24,6,0
25,1,0
26,2,0
27,10,0
28,12,0
29,7,1
30,8,1
31,9,0
32,9,1
33,9,0
34,21,1
35,32,1
36,35,1
37,34,1
38,33,1
39,56,0
40,84,1
41,87,6
42,95,3
43,125,6
44,158,11
45,217,3
46,226,11
47,284,10
48,336,11
49,457,16
50,513,22
51,629,39
52,798,28
53,915,45
54,1138,54
55,1360,68
56,1707,66
57,2088,100
58,2529,133
59,3001,143
60,3683,189
61,4491,218
62,5382,253
63,6353,330
64,7528,346
65,9181,487
66,10678,556
67,12798,662
68,15122,836
69,18062,972
70,21822,1122
71,26022,1308
72,31184,1575
73,37430,1956
74,44649,2364
75,53054,2815
76,62933,3370
