1,1,0
2,0,0
3,0,0
4,0,0
5,0,0
6,2,0
7,0,0
8,1,0
9,2,0
10,2,0
11,2,0
12,3,0
13,1,0
14,1,0
15,2,0
16,2,0
17,2,0
18,5,1
19,1,0
20,7,0
21,2,0
22,2,0
23,10,1
24,5,0
25,9,0
26,8,0
27,7,1
28,12,1
29,3,1
30,17,0
31,14,1
32,19,1
33,22,0
34,33,1
35,33,3
36,41,2
37,64,2
38,69,2
39,80,3
40,86,5
41,106,4
42,142,10
43,154,14
44,188,6
45,238,10
46,317,10
47,312,22
48,424,21
49,503,26
50,568,33
51,733,31
52,824,33
53,1078,60
54,1384,49
55,1652,93
56,1920,75
57,2280,129
58,2697,135
59,3179,159
60,3847,188
61,4671,239
62,5548,283
63,6543,321
64,7899,372
65,9468,489
66,11080,556
67,13612,707
