1,1,0
2,0,0
3,0,0
4,0,0
5,0,0
6,1,0
7,0,0
8,1,0
9,2,0
10,2,0
11,1,0
12,4,0
13,4,0
14,4,0
15,9,1
16,13,1
17,7,0
18,18,0
19,16,1
20,16,1
21,28,2
22,40,0
23,47,3
24,46,2
25,71,1
26,68,5
27,84,7
28,97,3
29,132,9
30,175,9
31,181,5
32,209,9
33,273,15
34,359,14
35,402,19
36,505,20
37,612,21
38,765,34
39,860,41
40,1099,57
41,1301,59
42,1513,76
43,1848,86
44,2172,117
45,2573,142
46,3097,168
47,3599,209
48,4347,250
49,5095,260
50,6223,324
51,7524,386
52,9005,460
53,10892,556
54,13327,705
55,15408,758
56,18403,939
57,21926,1181
58,26656,1406
59,32627,1582
60,38617,1871
61,45933,2387
62,53978,2787
63,58979,3123
64,55965,3271
65,46177,3028
66,33633,2576
67,21702,1834
