1,1,0
2,0,0
3,0,0
4,7,0
5,8,0
6,11,0
7,16,0
8,20,1
9,17,2
10,30,0
11,28,1
12,30,2
13,39,3
14,36,5
15,58,3
16,54,3
17,65,1
18,92,4
19,87,6
20,101,2
21,128,10
22,172,6
23,210,6
24,248,12
25,277,8
26,383,23
27,399,30
28,465,28
29,609,27
30,673,32
31,754,47
32,1003,52
33,1159,62
34,1369,74
35,1657,68
36,1889,97
37,2365,137
38,2830,159
39,3396,182
40,4075,217
41,4755,244
42,5651,304
43,6691,382
44,7954,432
45,9667,493
46,11668,611
47,13744,751
48,16556,886
49,19294,1020
50,22987,1204
51,27826,1470
52,33262,1746
53,40129,2121
54,47077,2455
55,52087,2764
56,50255,2848
57,41821,2710
58,30649,2254
59,20325,1761
60,12110,1212
61,6882,883
62,3540,582
63,1800,304
64,910,175
65,432,115
66,196,73
67,72,24
