1,1,0
2,0,0
3,1,0
4,0,0
5,3,0
6,2,0
7,1,0
8,4,0
9,3,0
10,5,0
11,8,1
12,14,1
13,10,0
14,8,0
15,11,0
16,11,3
17,14,2
18,12,0
19,13,1
20,31,0
21,28,3
22,37,1
23,47,1
24,62,1
25,79,4
26,110,3
27,156,3
28,173,8
29,173,9
30,215,14
31,249,16
32,363,11
33,339,21
34,450,28
35,558,34
36,665,23
37,756,33
38,957,52
39,1194,51
40,1362,66
41,1563,85
42,1933,93
43,2307,107
44,2792,128
45,3307,164
46,3913,190
47,4745,253
48,5628,280
49,6861,353
50,8034,411
51,9749,531
52,11668,586
53,13876,712
54,16543,867
55,20315,1023
56,24476,1236
57,28883,1440
58,34819,1736
59,41719,2091
60,49700,2599
61,55141,2923
62,54439,3090
63,46274,2991
64,33983,2373
65,22751,1856
66,14042,1407
67,7831,897
