1,1,0
2,0,0
3,0,0
4,3,0
5,0,0
6,3,0
7,5,0
8,3,0
9,4,0
10,3,0
11,4,0
12,2,0
13,4,1
14,3,0
15,9,1
16,12,0
17,15,1
18,11,1
19,12,1
20,19,2
21,27,0
22,36,1
23,46,1
24,50,5
25,54,1
26,79,3
27,85,7
28,98,7
29,134,8
30,117,6
31,146,10
32,191,13
33,224,10
34,301,16
35,337,13
36,394,27
37,416,28
38,519,28
39,609,31
40,656,35
41,889,48
42,1013,53
43,1209,62
44,1474,95
45,1652,93
46,2115,113
47,2435,140
48,2899,159
49,3496,185
50,4196,249
51,4996,269
52,6135,322
53,7401,355
54,8689,433
55,10552,539
56,12456,669
57,14552,806
58,17922,895
59,21132,1123
60,25425,1254
61,30507,1530
62,36533,1890
63,43658,2295
64,51960,2664
65,62694,3292
66,74420,3821
67,89918,4598
