1,1,0
2,0,0
3,0,0
4,5,0
5,6,0
6,5,0
7,6,0
8,9,1
9,12,0
10,14,0
11,36,0
12,30,1
13,29,1
14,35,3
15,61,2
16,70,5
17,86,3
18,99,4
19,110,7
20,132,9
21,178,8
22,202,10
23,282,18
24,347,16
25,475,17
26,516,25
27,614,25
28,759,40
29,939,43
30,1044,49
31,1256,72
32,1561,81
33,1833,89
34,2057,115
35,2557,147
36,3056,164
37,3792,196
38,4403,230
39,5393,282
40,6420,324
41,7670,384
42,9354,475
43,11180,548
44,13416,684
45,16141,787
46,19405,950
47,23533,1149
48,27554,1387
49,33085,1673
50,39390,2038
51,46500,2393
52,53693,2765
53,53551,2902
54,45826,2848
55,34471,2439
56,23040,1928
57,14526,1414
58,8053,950
59,4394,624
60,2215,405
61,1036,229
62,486,123
63,243,71
64,95,38
65,37,19
66,25,15
67,5,10
