1,1,0
2,0,0
3,0,0
4,0,0
5,3,0
6,3,0
7,1,0
8,1,1
9,1,0
10,0,0
11,0,1
12,3,0
13,7,0
14,7,0
15,9,0
16,6,0
17,3,1
18,5,1
19,11,0
20,15,3
21,17,0
22,28,0
23,36,0
24,42,3
25,51,2
26,45,2
27,51,1
28,69,5
29,90,6
30,84,9
31,105,6
32,117,4
33,167,10
34,197,8
35,261,7
36,315,10
37,365,13
38,458,20
39,527,20
40,630,39
41,774,40
42,914,40
43,1007,53
44,1241,65
45,1507,68
46,1785,94
47,2047,95
48,2538,122
49,2966,170
50,3505,204
51,4240,251
52,4927,282
53,6052,343
54,7296,425
55,8693,440
56,10394,530
57,12469,643
58,14675,751
59,17765,949
60,20860,1075
61,25122,1302
62,30078,1599
63,36037,1936
64,43147,2155
65,51617,2636
66,61949,3088
67,74048,3742
