1,1,0
2,0,0
3,0,0
4,0,0
5,0,0
6,1,0
7,2,0
8,1,0
9,0,0
10,1,0
11,1,0
12,2,0
13,0,1
14,1,0
15,0,0
16,1,0
17,2,0
18,4,0
19,1,0
20,1,0
21,3,0
22,1,0
23,2,0
24,6,1
25,7,0
26,11,1
27,8,0
28,3,1
29,6,0
30,7,0
31,15,3
32,12,1
33,10,2
34,14,1
35,18,0
36,14,1
37,15,1
38,13,0
39,18,2
40,28,1
41,28,1
42,46,5
43,54,2
44,65,3
45,85,1
46,100,7
47,100,4
48,152,7
49,172,6
50,193,7
51,226,12
52,281,19
53,359,22
54,385,19
55,386,22
56,505,33
57,623,45
58,794,41
59,852,46
60,1115,63
61,1256,53
62,1608,86
63,1922,115
64,2135,98
65,2724,139
66,3198,184
67,3845,172
