1,1,0
2,0,0
3,0,0
4,1,0
5,0,0
6,0,0
7,0,0
8,2,0
9,0,0
10,1,0
11,3,0
12,2,0
13,3,0
14,3,0
15,2,0
16,4,0
17,2,0
18,8,1
19,4,0
20,9,0
21,4,1
22,9,1
23,9,1
24,18,1
25,28,0
26,32,1
27,19,2
28,44,1
29,68,4
30,84,2
31,87,3
32,77,8
33,104,8
34,132,9
35,133,12
36,204,7
37,208,14
38,283,16
39,345,18
40,401,13
41,465,15
42,535,23
43,627,38
44,844,33
45,1040,55
46,1156,56
47,1416,85
48,1698,84
49,1986,84
50,2444,134
51,2988,157
52,3335,185
53,4210,219
54,5031,234
55,6067,306
56,7154,407
57,8604,413
58,10413,544
59,12724,590
60,14848,799
61,17962,932
62,21351,1189
63,25207,1317
64,30226,1570
65,36087,1852
66,43342,2229
67,50017,2672
68,51784,2844
69,47684,2897
70,37924,2505
71,26471,2111
72,16765,1518
73,9950,1131
74,5484,715
75,2777,449
76,1324,272
77,657,139
78,290,111
79,126,49
80,62,23
81,27,16
82,6,6
83,3,4
84,2,2
85,1,1
86,1,0
87,0,0
88,0,0
