1,1,0
2,0,0
3,0,0
4,0,0
5,0,0
6,2,0
7,1,0
8,2,0
9,3,0
10,7,0
11,4,0
12,11,0
13,13,0
14,19,0
15,17,0
16,26,0
17,33,1
18,46,0
19,43,2
20,54,3
21,74,1
22,85,4
23,128,6
24,132,3
25,139,11
26,173,13
27,202,13
28,287,6
29,300,16
30,373,19
31,470,29
32,514,38
33,600,30
34,725,41
35,864,46
36,1033,46
37,1240,55
38,1503,78
39,1806,93
40,2205,110
41,2634,143
42,2926,150
43,3488,187
44,4252,245
45,4967,248
46,5858,303
47,7145,360
48,8312,455
49,9829,497
50,11749,626
51,13725,729
52,16281,860
53,19415,1031
54,23399,1254
55,27848,1418
56,33380,1810
57,40264,2146
58,47152,2529
59,51868,2815
60,49360,2834
61,40627,2666
62,29448,2185
63,19329,1621
64,11649,1193
65,6441,788
66,3361,517
67,1755,299
68,783,169
69,390,109
70,181,54
71,86,23
72,30,21
73,14,8
74,1,5
75,3,0
76,0,2
77,2,1
78,0,0
79,0,0
80,0,0
81,0,0
82,0,0
83,0,0
84,0,0
85,0,0
86,0,0
87,0,0
88,0,0
