1,1,0
2,0,0
3,0,0
4,1,0
5,0,0
6,1,0
7,0,0
8,2,0
9,1,0
10,2,0
11,2,1
12,2,0
13,4,0
14,4,0
15,1,0
16,4,0
17,6,1
18,6,0
19,5,0
20,7,1
21,13,0
22,22,2
23,25,0
24,8,1
25,14,2
26,20,0
27,20,1
28,33,4
29,40,2
30,49,3
31,67,4
32,74,4
33,102,1
34,121,3
35,152,7
36,191,8
37,189,12
38,275,15
39,355,18
40,393,20
41,512,24
42,507,24
43,645,45
44,798,40
45,1010,49
46,1139,63
47,1458,64
48,1677,77
49,2119,76
50,2472,120
51,2986,165
52,3572,171
53,4224,206
54,5166,252
55,6366,277
56,7538,336
57,8991,420
58,10716,526
59,12898,656
60,15478,741
61,18374,972
62,22000,1157
63,26495,1381
64,31851,1647
65,38026,1972
66,44950,2294
67,52221,2776
68,53326,2937
69,47267,2860
70,36403,2535
71,24959,1932
72,15545,1457
73,8920,1035
74,4855,679
75,2549,440
76,1215,248
77,538,141
78,231,83
79,107,40
80,60,25
81,24,11
82,10,9
83,2,2
84,0,1
85,2,0
86,0,1
87,1,0
88,0,0
