1,1,0
2,0,0
3,0,0
4,3,0
5,5,0
6,7,0
7,5,0
8,5,0
9,8,0
10,13,0
11,22,0
12,16,1
13,25,0
14,24,3
15,40,3
16,79,1
17,58,1
18,63,3
19,95,4
20,108,4
21,163,5
22,165,9
23,190,7
24,209,13
25,311,16
26,336,11
27,374,17
28,483,28
29,523,33
30,624,39
31,758,41
32,981,52
33,1065,58
34,1396,69
35,1656,89
36,1923,108
37,2228,128
38,2661,149
39,3140,167
40,3683,210
41,4520,235
42,5590,269
43,6412,330
44,7724,422
45,9203,467
46,11324,578
47,13484,614
48,16047,823
49,19432,1000
50,23242,1124
51,27667,1367
52,33079,1664
53,39224,2095
54,46953,2443
55,52601,2803
56,51409,2891
57,43762,2754
58,33136,2389
59,21841,1820
60,13354,1347
61,7664,870
62,4071,559
63,2076,379
64,976,192
65,468,107
66,194,73
67,92,39
68,24,20
69,19,16
70,4,5
71,1,1
72,1,1
73,1,0
74,0,0
75,0,0
76,0,0
77,0,0
78,0,0
79,0,0
80,0,0
81,0,0
82,0,0
83,0,0
84,0,0
85,0,0
86,0,0
87,0,0
88,0,0
