1,1,0
2,0,0
3,0,0
4,3,0
5,0,0
6,3,0
7,0,0
8,1,0
9,1,0
10,2,1
11,1,0
12,1,0
13,2,0
14,1,0
15,3,0
16,2,0
17,3,0
18,1,0
19,2,1
20,1,0
21,0,0
22,2,0
23,1,0
24,1,0
25,0,1
26,3,0
27,1,0
28,2,0
29,1,0
30,11,0
31,7,0
32,3,0
33,6,0
34,9,1
35,11,0
36,6,0
37,12,0
38,9,1
39,28,0
40,20,1
41,28,1
42,40,2
43,37,0
44,45,4
45,69,2
46,97,3
47,86,0
48,113,5
49,112,8
50,155,13
51,193,8
52,220,10
53,277,16
54,353,10
55,421,19
56,478,24
57,547,24
58,629,40
59,816,49
60,889,53
61,1065,63
62,1303,78
63,1482,93
64,1721,96
65,2085,103
66,2390,136
67,2821,144
68,3234,200
69,4041,227
70,4876,257
71,5827,324
72,7052,353
73,8275,439
74,9969,486
75,12100,607
76,14296,754
77,17053,883
78,20337,1028
79,24267,1288
80,29250,1500
81,34366,1756
82,41043,2090
83,49422,2540
84,57953,2978
85,61310,3340
86,57091,3348
87,45688,2987
88,32218,2423
