1,1,0
2,0,0
3,0,0
4,0,0
5,1,0
6,0,0
7,1,0
8,1,0
9,0,0
10,2,0
11,1,0
12,2,0
13,2,0
14,0,0
15,3,0
16,3,0
17,6,0
18,4,0
19,6,0
20,4,0
21,1,0
22,1,0
23,1,0
24,1,1
25,3,1
26,0,0
27,3,0
28,1,0
29,3,0
30,2,2
31,1,0
32,3,0
33,0,1
34,0,0
35,1,0
36,1,0
37,2,0
38,2,0
39,2,0
40,4,0
41,5,0
42,3,0
43,8,0
44,11,1
45,6,0
46,12,1
47,13,0
48,24,0
49,29,0
50,26,2
51,15,2
52,30,4
53,39,0
54,58,2
55,92,4
56,96,2
57,123,6
58,159,3
59,232,5
60,219,4
61,286,13
62,320,12
63,384,21
64,524,14
65,635,24
66,708,27
67,875,43
68,1097,47
69,1283,62
70,1508,76
71,1898,103
72,2219,109
73,2666,136
74,3130,148
75,3822,216
76,4433,214
77,5187,265
78,6140,323
79,7576,419
80,9088,464
81,10572,517
82,12527,696
83,15396,813
84,18294,947
85,22297,1195
86,26602,1360
87,31703,1552
88,37877,1859
