1,1,0
2,0,0
3,0,0
4,0,0
5,0,0
6,4,0
7,1,0
8,2,0
9,0,0
10,1,0
11,3,1
12,2,0
13,4,0
14,0,0
15,2,0
16,3,0
17,0,0
18,5,0
19,6,0
20,3,0
21,5,0
22,2,0
23,6,1
24,8,0
25,2,0
26,4,1
27,16,0
28,19,1
29,13,1
30,22,0
31,22,0
32,29,0
33,55,3
34,40,4
35,51,1
36,68,3
37,77,6
38,64,9
39,117,3
40,148,12
41,180,14
42,202,12
43,295,10
44,312,9
45,371,15
46,459,15
47,561,28
48,602,32
49,807,29
50,947,42
51,1126,55
52,1302,65
53,1600,88
54,1890,97
55,2300,105
56,2580,131
57,3271,142
58,3890,199
59,4383,237
60,5240,307
61,6176,323
62,7312,409
63,8748,459
64,10469,587
65,12592,682
66,15378,815
67,18410,970
68,22063,1132
69,26479,1319
70,31365,1597
71,37566,1943
72,44486,2350
73,51462,2648
74,52968,2942
75,46872,2839
76,36546,2494
77,25099,1937
78,15983,1439
79,9069,1022
80,4806,664
81,2546,391
82,1251,235
83,618,144
84,268,77
85,115,38
86,59,24
87,23,16
88,6,7
