1,1,0
2,0,0
3,0,0
4,3,0
5,5,0
6,4,0
7,5,0
8,8,0
9,9,0
10,8,0
11,8,1
12,18,0
13,13,0
14,21,0
15,18,2
16,16,0
17,24,1
18,26,5
19,33,2
20,26,1
21,40,4
22,41,1
23,46,1
24,53,8
25,60,5
26,77,5
27,98,7
28,108,10
29,118,7
30,153,6
31,199,7
32,243,12
33,277,18
34,348,26
35,358,21
36,426,20
37,539,29
38,690,34
39,786,41
40,889,47
41,1079,59
42,1247,75
43,1466,83
44,1741,86
45,2129,112
46,2552,146
47,3098,155
48,3729,209
49,4508,221
50,5393,277
51,6477,315
52,7868,423
53,9474,461
54,11367,571
55,13299,680
56,15776,786
57,19173,931
58,22923,1163
59,27383,1470
60,32948,1685
61,38543,2002
62,45668,2310
63,51471,2818
64,51122,2927
65,43216,2727
66,32292,2314
67,21881,1821
68,13221,1314
69,7316,847
70,3994,588
71,2000,363
72,981,192
73,474,139
74,225,67
75,86,44
76,33,22
77,11,8
78,6,6
79,3,2
80,2,0
81,2,1
82,0,0
83,1,0
84,0,0
85,0,0
86,0,0
87,0,0
88,0,0
