1,1,0
2,0,0
3,0,0
4,3,0
5,6,0
6,4,0
7,4,0
8,11,0
9,19,0
10,21,0
11,23,0
12,13,0
13,25,2
14,29,0
15,38,3
16,42,3
17,36,6
18,58,0
19,75,3
20,84,4
21,107,4
22,119,6
23,131,6
24,156,10
25,158,9
26,191,13
27,280,12
28,282,16
29,366,19
30,454,24
31,506,31
32,628,30
33,753,27
34,903,54
35,1084,59
36,1284,71
37,1515,73
38,1788,86
39,2282,128
40,2681,132
41,3330,155
42,3970,181
43,4707,248
44,5677,290
45,6765,337
46,7997,408
47,9620,492
48,11331,592
49,13420,685
50,16241,892
51,19850,952
52,23195,1203
53,27919,1517
54,33108,1714
55,39446,2082
56,47041,2485
57,52359,2805
58,50614,2922
59,42746,2752
60,31539,2275
61,20558,1661
62,12494,1235
63,7074,885
64,3652,560
65,1897,346
66,901,194
67,400,108
68,187,60
69,88,32
70,46,17
71,4,12
72,4,8
73,3,4
74,2,1
75,1,0
76,0,0
77,1,1
78,0,0
79,0,0
80,0,0
81,0,0
82,0,0
83,0,0
84,0,0
85,0,0
86,0,0
87,0,0
88,0,0
