1,1,0
2,0,0
3,1,0
4,2,0
5,3,0
6,5,0
7,5,0
8,5,0
9,4,0
10,2,0
11,4,1
12,6,0
13,7,1
14,7,0
15,7,1
16,10,0
17,16,0
18,22,2
19,17,0
20,22,0
21,25,2
22,30,0
23,32,0
24,30,1
25,36,2
26,39,1
27,55,1
28,48,1
29,76,6
30,108,7
31,103,3
32,130,7
33,151,10
34,185,17
35,187,19
36,291,11
37,293,12
38,358,18
39,417,20
40,477,32
41,586,27
42,696,37
43,833,34
44,973,50
45,1199,52
46,1392,67
47,1736,79
48,1959,99
49,2466,121
50,2946,131
51,3565,183
52,4242,185
53,5084,253
54,6104,287
55,7427,376
56,9044,441
57,10747,525
58,12671,619
59,15130,832
60,17926,878
61,21511,1075
62,25622,1330
63,31099,1617
64,36887,2000
65,44620,2291
66,51931,2655
67,53623,2869
68,48290,2862
69,37649,2670
70,26438,2088
71,16442,1520
72,9495,1019
73,5150,748
74,2623,457
75,1349,264
76,652,123
77,279,78
78,134,44
79,56,32
80,21,15
81,17,8
82,4,4
83,2,0
84,0,1
85,0,0
86,0,0
87,0,0
88,0,0
