1,1,0
2,0,0
3,1,0
4,4,0
5,7,0
6,1,0
7,9,1
8,11,0
9,7,0
10,16,1
11,19,0
12,21,1
13,27,0
14,23,1
15,23,1
16,33,2
17,33,5
18,45,0
19,75,2
20,77,2
21,108,2
22,128,4
23,173,3
24,179,7
25,200,16
26,235,14
27,301,21
28,345,21
29,392,21
30,542,19
31,594,42
32,772,27
33,904,52
34,1099,62
35,1400,73
36,1617,74
37,1907,112
38,2210,97
39,2784,139
40,3263,162
41,3859,199
42,4603,230
43,5543,314
44,6470,360
45,7572,413
46,9117,463
47,10914,548
48,12843,699
49,15255,820
50,18650,984
51,22445,1186
52,26927,1338
53,32178,1697
54,38514,1945
55,46150,2322
56,51460,2680
57,52728,2912
58,46440,2827
59,35210,2409
60,23966,1924
61,14692,1422
62,8355,906
63,4598,620
64,2294,438
65,1163,256
66,540,125
67,246,77
68,114,50
69,38,19
70,16,12
71,6,6
72,0,2
73,0,2
74,1,0
75,0,0
76,0,0
77,0,0
78,0,0
79,0,0
80,0,0
81,0,0
82,0,0
83,0,0
84,0,0
85,0,0
86,0,0
87,0,0
88,0,0
