1,1,0
2,0,0
3,0,0
4,1,0
5,5,0
6,9,0
7,7,0
8,6,1
9,15,0
10,13,0
11,14,1
12,30,0
13,28,0
14,28,2
15,35,1
16,35,2
17,28,4
18,47,0
19,65,3
20,81,4
21,100,2
22,120,3
23,121,7
24,167,9
25,181,7
26,268,14
27,272,13
28,306,18
29,310,20
30,412,24
31,541,30
32,668,35
33,770,32
34,936,62
35,1099,67
36,1251,58
37,1541,85
38,1815,83
39,2222,112
40,2695,125
41,3170,166
42,3806,203
43,4517,231
44,5433,259
45,6702,348
46,7778,374
47,9361,514
48,10942,579
49,13318,652
50,15755,802
51,18868,962
52,22216,1175
53,26667,1372
54,31920,1642
55,38104,1984
56,45296,2362
57,50909,2623
58,50837,2804
59,44030,2787
60,32920,2421
61,22262,1896
62,13708,1327
63,7808,914
64,4126,623
65,2156,366
66,1054,229
67,482,131
68,224,80
69,93,43
70,39,13
71,22,12
72,7,4
73,4,0
74,2,1
75,0,1
76,0,1
77,1,1
78,0,0
79,0,0
80,0,0
81,0,0
82,0,0
83,0,0
84,0,0
85,0,0
86,0,0
87,0,0
