1,1,0
2,0,0
3,0,0
4,1,0
5,1,0
6,1,0
7,2,0
8,4,0
9,3,0
10,4,0
11,3,0
12,5,1
13,1,1
14,6,0
15,8,1
16,4,1
17,9,0
18,11,0
19,8,0
20,18,0
21,23,0
22,24,1
23,36,3
24,50,1
25,44,2
26,49,0
27,63,1
28,85,4
29,112,6
30,161,4
31,166,6
32,186,11
33,219,7
34,246,13
35,292,18
36,356,27
37,429,21
38,556,19
39,655,31
40,744,41
41,905,43
42,1120,51
43,1299,70
44,1597,97
45,1982,92
46,2312,122
47,2895,140
48,3372,152
49,4009,204
50,4733,269
51,5854,315
52,6917,336
53,8310,455
54,9905,519
55,11860,630
56,13954,707
57,16945,903
58,20109,1086
59,24162,1216
60,28789,1474
61,34397,1793
62,40928,2144
63,48193,2503
64,52779,2897
65,49885,2872
66,40730,2641
67,29724,2127
68,19197,1677
69,11439,1138
70,6341,745
71,3292,487
72,1709,290
73,803,178
74,341,96
75,175,67
76,80,23
77,31,14
78,14,8
79,9,5
80,2,3
81,0,4
82,2,0
83,2,0
84,0,0
85,0,0
86,0,0
87,0,0
