1,1,0
2,0,0
3,1,0
4,2,0
5,3,0
6,5,0
7,2,0
8,6,0
9,1,0
10,1,0
11,1,0
12,2,0
13,1,1
14,1,0
15,1,0
16,4,0
17,5,1
18,10,1
19,11,0
20,8,0
21,16,0
22,20,0
23,16,1
24,23,0
25,48,0
26,46,2
27,65,3
28,85,0
29,104,5
30,124,5
31,143,4
32,179,12
33,209,12
34,236,12
35,305,18
36,367,27
37,435,19
38,518,22
39,617,30
40,725,32
41,896,54
42,1058,68
43,1281,76
44,1488,80
45,1699,102
46,2100,97
47,2516,135
48,2952,158
49,3584,195
50,4398,256
51,5158,261
52,6257,323
53,7293,378
54,8686,463
55,10320,517
56,12698,649
57,14903,762
58,17601,926
59,21419,1102
60,25365,1283
61,30497,1613
62,36389,1904
63,43111,2250
64,49832,2630
65,52665,2831
66,46977,2868
67,37076,2474
68,25737,2037
69,16061,1468
70,9454,1030
71,5091,669
72,2585,435
73,1320,260
74,618,144
75,275,83
76,148,42
77,49,26
78,25,8
79,12,6
80,3,3
81,5,2
82,0,2
83,0,1
84,1,0
85,0,0
86,0,0
87,0,0
