1,1,0
2,0,0
3,0,0
4,0,0
5,0,0
6,0,0
7,0,0
8,2,0
9,0,0
10,1,0
11,4,0
12,4,0
13,8,0
14,15,0
15,6,1
16,14,1
17,14,0
18,20,0
19,20,0
20,19,0
21,25,6
22,37,1
23,47,11
24,52,2
25,72,1
26,92,5
27,103,8
28,101,5
29,142,8
30,181,6
31,220,15
32,249,12
33,323,11
34,314,9
35,438,24
36,510,21
37,584,32
38,710,39
39,887,52
40,1005,57
41,1264,51
42,1492,74
43,1776,97
44,2223,107
45,2480,114
46,2970,176
47,3547,193
48,4354,224
49,5045,256
50,6184,327
51,7424,369
52,8628,436
53,10516,537
54,12613,652
55,14903,749
56,18293,935
57,21354,1141
58,25748,1287
59,30670,1545
60,36395,1934
61,43774,2309
62,50094,2630
63,52147,2880
64,47421,2867
65,36496,2520
66,25399,2061
67,16065,1529
68,9306,1030
69,5198,691
70,2596,391
71,1338,268
72,615,162
73,259,106
74,105,46
75,58,23
76,27,12
77,8,6
78,1,2
79,1,0
80,2,0
81,1,1
82,0,0
83,0,0
84,0,0
85,0,0
86,0,0
87,0,0
