1,1,0
2,0,0
3,0,0
4,0,0
5,3,0
6,4,0
7,3,0
8,8,0
9,11,0
10,12,0
11,20,1
12,21,0
13,30,0
14,25,0
15,31,4
16,27,4
17,37,3
18,46,5
19,43,6
20,48,4
21,73,6
22,84,5
23,116,6
24,148,1
25,185,12
26,226,11
27,274,8
28,298,21
29,386,20
30,464,17
31,474,31
32,638,29
33,749,36
34,903,43
35,1066,48
36,1272,65
37,1539,78
38,1844,104
39,2219,111
40,2533,149
41,3121,157
42,3581,203
43,4299,226
44,4896,282
45,5978,325
46,7161,425
47,8510,446
48,10203,553
49,12370,631
50,14361,764
51,16960,938
52,20618,1010
53,24684,1299
54,29128,1522
55,34822,1838
56,41037,2091
57,48024,2524
58,51480,2892
59,47612,2853
60,38289,2575
61,27136,2127
62,17300,1651
63,10165,1072
64,5533,712
65,2941,456
66,1437,283
67,710,154
68,324,85
69,146,50
70,75,32
71,25,13
72,18,7
73,4,5
74,2,4
75,1,1
76,0,0
77,0,0
78,0,0
79,0,0
80,0,0
81,0,0
82,0,0
83,0,0
84,0,0
85,0,0
86,0,0
87,0,0
