1,1,0
2,0,0
3,0,0
4,0,0
5,1,0
6,3,1
7,1,0
8,1,0
9,0,0
10,5,0
11,3,0
12,3,0
13,4,1
14,1,1
15,4,0
16,4,0
17,6,0
18,4,1
19,5,0
20,1,2
21,6,1
22,6,0
23,6,0
24,7,2
25,3,0
26,7,0
27,9,0
28,16,1
29,8,1
30,22,0
31,16,1
32,23,0
33,28,2
34,40,5
35,39,4
36,44,1
37,47,2
38,47,2
39,87,5
40,112,9
41,110,3
42,134,6
43,146,9
44,231,6
45,228,10
46,268,17
47,317,24
48,392,19
49,510,17
50,588,26
51,669,35
52,806,42
53,934,51
54,1123,56
55,1430,68
56,1617,76
57,1852,93
58,2150,100
59,2694,137
60,3255,168
61,3845,209
62,4610,235
63,5430,308
64,6472,300
65,7974,371
66,9407,488
67,11344,565
68,13666,707
69,16076,838
70,19293,960
71,23154,1159
72,27459,1480
73,32912,1776
74,39579,2075
75,46737,2380
76,51935,2743
77,50838,2976
78,43356,2762
79,32258,2352
80,21237,1840
81,13033,1323
82,7292,916
83,3950,555
84,1999,324
85,987,210
86,457,119
87,194,78
