1,1,0
2,0,0
3,0,0
4,0,0
5,0,0
6,1,0
7,0,0
8,0,0
9,1,0
10,2,0
11,5,0
12,2,0
13,6,0
14,4,0
15,2,1
16,2,0
17,4,0
18,3,0
19,3,0
20,2,0
21,4,2
22,5,0
23,3,0
24,7,0
25,7,0
26,14,0
27,11,1
28,13,4
29,18,0
30,9,3
31,24,2
32,22,2
33,21,0
34,23,4
35,26,5
36,39,2
37,35,3
38,43,2
39,63,7
40,82,4
41,74,8
42,100,14
43,117,5
44,170,9
45,213,14
46,263,14
47,278,11
48,356,10
49,447,19
50,517,24
51,665,26
52,837,28
53,1064,47
54,1313,50
55,1502,67
56,1885,78
57,2269,106
58,2763,105
59,3229,180
60,3711,196
61,4409,213
62,5329,279
63,6421,336
64,7997,398
65,9624,477
66,11231,582
67,13192,681
68,15917,806
69,19088,1022
70,23120,1145
71,27348,1353
72,32498,1608
73,39078,2029
74,46794,2411
75,52382,2761
76,52131,2951
77,44928,2788
78,34150,2393
79,22919,1806
80,14216,1341
81,8143,982
82,4261,614
83,2214,346
84,988,240
85,516,140
86,220,61
87,88,26
