1,1,0
2,0,0
3,0,0
4,4,0
5,9,0
6,12,0
7,5,0
8,19,1
9,15,0
10,16,0
11,41,1
12,66,3
13,103,3
14,86,3
15,113,2
16,158,3
17,192,4
18,237,9
19,293,11
20,370,13
21,376,16
22,475,15
23,630,27
24,756,33
25,957,37
26,1049,54
27,1322,70
28,1584,81
29,1887,96
30,2036,117
31,2532,141
32,3125,190
33,3812,226
34,4626,231
35,5578,272
36,6718,347
37,8124,374
38,9704,473
39,11661,603
40,13799,642
41,16599,835
42,20202,1020
43,23955,1236
44,28724,1404
45,34784,1778
46,41505,2117
47,48822,2586
48,53497,2861
49,50862,2993
50,42230,2656
51,30456,2240
52,19802,1765
53,11842,1224
54,6787,838
55,3496,505
56,1742,322
57,821,199
58,399,94
59,167,56
60,69,37
61,43,17
62,9,9
63,7,5
64,3,2
65,2,0
66,0,0
67,0,0
68,0,0
69,0,1
70,0,0
71,0,0
72,0,0
73,0,0
74,0,0
75,0,0
76,0,0
77,0,0
78,0,0
79,0,0
80,0,0
81,0,0
82,0,0
83,0,0
84,0,0
85,0,0
86,0,0
87,0,0
