1,1,0
2,0,0
3,0,0
4,0,0
5,1,0
6,1,0
7,0,0
8,3,0
9,4,0
10,4,0
11,11,1
12,2,0
13,5,0
14,7,0
15,8,1
16,2,0
17,7,2
18,13,1
19,4,1
20,13,0
21,14,1
22,6,1
23,13,2
24,10,1
25,14,0
26,18,0
27,22,4
28,19,1
29,25,0
30,31,2
31,44,2
32,59,0
33,69,4
34,105,1
35,108,3
36,152,4
37,147,6
38,182,13
39,195,9
40,250,17
41,291,13
42,322,24
43,403,18
44,477,17
45,548,23
46,664,50
47,726,57
48,901,51
49,1066,50
50,1196,79
51,1484,88
52,1779,100
53,2043,107
54,2447,127
55,2825,167
56,3487,170
57,4133,216
58,4848,275
59,5986,322
60,7162,400
61,8500,403
62,10262,528
63,12151,619
64,14764,756
65,17627,915
66,20949,1074
67,24893,1296
68,29735,1496
69,35608,1815
70,42228,2191
71,49261,2597
72,52314,2853
73,47899,2822
74,37711,2550
75,26863,2120
76,16932,1549
77,9888,1121
78,5423,693
79,2771,425
80,1428,257
81,657,157
82,290,80
83,125,39
84,60,27
85,22,18
86,10,7
87,7,3
