1,1,0
2,0,0
3,0,0
4,1,0
5,1,0
6,0,0
7,2,0
8,0,0
9,0,0
10,0,0
11,0,0
12,0,0
13,0,0
14,0,1
15,1,0
16,0,0
17,0,0
18,1,0
19,1,0
20,0,0
21,1,0
22,4,0
23,2,0
24,4,0
25,3,0
26,2,1
27,1,0
28,3,1
29,3,1
30,2,0
31,4,0
32,6,0
33,2,0
34,7,0
35,5,0
36,14,0
37,22,1
38,18,2
39,19,1
40,27,2
41,33,2
42,23,2
43,51,3
44,45,2
45,61,4
46,63,4
47,58,5
48,78,6
49,77,4
50,102,5
51,97,6
52,108,9
53,143,18
54,158,14
55,179,7
56,230,15
57,307,13
58,382,18
59,369,21
60,523,34
61,567,30
62,738,34
63,803,37
64,983,55
65,1176,59
66,1433,70
67,1929,82
68,2297,97
69,2755,127
70,3225,157
71,3789,194
72,4563,267
73,5541,279
74,6711,330
75,7994,393
76,9592,486
77,11566,612
78,13814,669
79,16618,815
80,19853,1017
81,23973,1211
82,28509,1451
83,34354,1706
84,40728,2078
85,48949,2501
86,58849,3076
87,69571,3658
