1,1,0
2,0,0
3,0,0
4,1,0
5,2,0
6,4,0
7,4,0
8,1,0
9,3,0
10,2,0
11,3,0
12,1,0
13,5,1
14,6,0
15,11,0
16,6,2
17,9,0
18,14,2
19,16,0
20,23,0
21,17,3
22,14,1
23,26,2
24,29,4
25,45,1
26,52,2
27,83,5
28,101,2
29,85,5
30,102,5
31,121,7
32,163,11
33,177,8
34,180,7
35,253,13
36,309,15
37,314,19
38,399,23
39,511,24
40,587,32
41,677,38
42,827,31
43,954,55
44,1174,69
45,1378,80
46,1578,84
47,1875,105
48,2324,127
49,2647,149
50,3386,167
51,3985,187
52,4782,230
53,5629,286
54,6680,328
55,8058,436
56,9408,482
57,11244,640
58,13399,724
59,15965,832
60,19060,1005
61,22794,1162
62,26779,1409
63,32582,1779
64,38184,1985
65,45491,2398
66,50454,2782
67,49553,2809
68,42229,2676
69,31328,2294
70,21104,1754
71,12685,1278
72,7226,829
73,3740,548
74,1899,339
75,922,197
76,451,114
77,196,63
78,100,41
79,37,15
80,17,10
81,5,2
82,3,2
83,0,0
84,0,0
85,0,0
86,0,1
87,0,0
