1,1,0
2,0,0
3,0,0
4,1,0
5,0,0
6,1,0
7,3,0
8,2,0
9,2,0
10,2,0
11,3,0
12,2,1
13,4,0
14,1,0
15,2,0
16,1,0
17,2,0
18,3,0
19,1,0
20,3,0
21,4,0
22,7,1
23,9,1
24,8,1
25,9,1
26,11,0
27,12,2
28,6,0
29,8,1
30,6,3
31,0,2
32,10,1
33,8,1
34,5,2
35,12,1
36,18,1
37,25,0
38,18,2
39,22,0
40,27,3
41,23,2
42,29,2
43,40,1
44,46,3
45,64,0
46,67,4
47,84,1
48,130,5
49,153,3
50,198,13
51,240,10
52,314,5
53,348,15
54,410,15
55,491,28
56,577,29
57,756,39
58,870,43
59,1052,65
60,1313,70
61,1523,77
62,1862,87
63,2199,111
64,2517,143
65,3141,154
66,3626,166
67,4358,235
68,5162,276
69,6167,328
70,7328,383
71,8762,479
72,10599,563
73,12737,652
74,15202,784
75,18281,922
76,21526,1109
77,25967,1336
78,30853,1569
79,36407,1921
80,44097,2321
81,51652,2780
82,56061,3005
83,52812,3081
84,42867,2740
85,30278,2292
86,19922,1709
87,11629,1305
