1,1,0
2,0,0
3,0,0
4,3,0
5,3,0
6,6,0
7,2,0
8,2,0
9,4,1
10,9,1
11,8,0
12,8,0
13,11,0
14,9,1
15,18,1
16,14,1
17,28,3
18,41,2
19,32,1
20,46,6
21,43,3
22,48,0
23,51,5
24,49,1
25,63,3
26,78,8
27,80,6
28,100,3
29,146,11
30,195,5
31,220,13
32,298,17
33,351,13
34,417,16
35,504,19
36,651,28
37,716,34
38,845,45
39,1050,54
40,1209,59
41,1406,88
42,1670,99
43,1915,99
44,2217,118
45,2786,160
46,3343,188
47,3970,218
48,4872,227
49,5693,329
50,6880,364
51,8189,433
52,9968,478
53,11655,593
54,14128,711
55,16779,865
56,20060,1003
57,24362,1170
58,28723,1508
59,34347,1819
