1,1,0
2,0,0
3,0,0
4,5,0
5,10,0
6,6,0
7,19,0
8,10,1
9,20,0
10,26,0
11,43,1
12,54,2
13,56,1
14,74,1
15,75,1
16,97,4
17,122,7
18,154,12
19,181,6
20,203,7
21,201,16
22,260,19
23,308,21
24,389,24
25,425,20
26,602,25
27,681,33
28,863,38
29,941,56
30,1228,63
31,1443,68
32,1716,78
33,2026,107
34,2481,122
35,3046,133
36,3551,175
37,4289,206
38,4939,241
39,6106,307
40,7158,374
41,8567,463
42,10325,514
43,12040,673
44,14749,780
45,17142,1001
46,20752,1082
47,24857,1265
48,29670,1509
49,35237,1833
50,42272,2240
51,50028,2598
52,53624,2906
53,50639,2841
54,41415,2768
55,29749,2263
56,19252,1666
57,11524,1206
58,6429,794
59,3349,507
