1,1,0
2,0,0
3,0,0
4,0,0
5,1,0
6,2,0
7,3,0
8,1,0
9,2,0
10,1,0
11,3,0
12,1,0
13,9,0
14,7,0
15,9,0
16,19,0
17,17,1
18,18,1
19,31,0
20,31,1
21,24,1
22,29,4
23,41,3
24,61,1
25,63,8
26,72,2
27,99,5
28,105,6
29,116,8
30,164,7
31,216,8
32,219,8
33,267,13
34,344,17
35,440,17
36,528,23
37,547,28
38,659,37
39,741,40
40,888,56
41,1070,61
42,1241,91
43,1528,95
44,1824,103
45,2170,124
46,2622,127
47,3159,161
48,3958,191
49,4716,226
50,5776,269
51,6542,332
52,8079,395
53,9160,490
54,11334,601
55,13723,716
56,16232,822
57,19343,988
58,23242,1197
59,27945,1373
