1,1,0
2,0,0
3,0,0
4,1,0
5,2,0
6,1,0
7,5,0
8,11,0
9,12,0
10,13,0
11,11,1
12,23,1
13,14,0
14,19,2
15,14,2
16,27,2
17,35,3
18,28,1
19,42,4
20,30,4
21,48,4
22,60,3
23,75,6
24,89,7
25,110,3
26,105,6
27,112,5
28,142,6
29,192,13
30,237,15
31,270,18
32,330,18
33,340,18
34,383,10
35,487,28
36,554,37
37,714,47
38,800,41
39,923,41
40,1109,62
41,1244,76
42,1510,91
43,1897,112
44,2243,121
45,2703,142
46,3134,145
47,3827,201
48,4610,235
49,5501,283
50,6621,307
51,8029,379
52,9253,512
53,11334,552
54,13539,676
55,16195,800
56,19270,1006
57,23117,1207
58,28205,1399
59,33696,1693
