1,1,0
2,0,0
3,0,0
4,0,0
5,0,0
6,1,0
7,0,0
8,0,0
9,1,0
10,2,0
11,1,0
12,0,0
13,2,0
14,5,0
15,4,0
16,3,0
17,5,0
18,8,0
19,15,0
20,19,0
21,19,2
22,25,0
23,38,2
24,43,2
25,44,2
26,58,4
27,82,1
28,91,5
29,87,3
30,91,12
31,148,9
32,173,9
33,223,7
34,288,14
35,367,16
36,440,16
37,503,13
38,612,21
39,706,32
40,849,52
41,1050,43
42,1238,68
43,1483,67
44,1799,100
45,2046,116
46,2473,138
47,2934,158
48,3456,181
49,4021,223
50,4905,260
51,5734,300
52,6943,420
53,8284,457
54,9760,542
55,11734,600
56,13877,705
57,16351,834
58,19717,1063
59,23386,1230
