1,1,0
2,0,0
3,0,0
4,0,0
5,3,0
6,4,0
7,1,0
8,1,0
9,4,0
10,3,0
11,6,0
12,2,0
13,7,0
14,5,0
15,5,0
16,3,1
17,2,0
18,2,1
19,2,0
20,16,1
21,17,0
22,14,0
23,23,0
24,23,0
25,29,1
26,35,0
27,23,2
28,46,2
29,53,4
30,50,5
31,56,5
32,69,3
33,75,3
34,101,6
35,121,6
36,138,12
37,151,10
38,209,8
39,228,12
40,280,17
41,305,17
42,383,22
43,516,20
44,588,24
45,682,45
46,795,38
47,936,47
48,1145,65
49,1420,56
50,1513,102
51,1977,113
52,2302,112
53,2820,162
54,3356,161
55,3878,223
56,4859,249
57,5532,296
58,6719,332
59,7988,420
