1,1,0
2,0,0
3,0,0
4,0,0
5,1,0
6,2,0
7,1,0
8,0,0
9,2,0
10,1,0
11,0,0
12,0,0
13,2,0
14,2,0
15,9,0
16,17,0
17,16,0
18,15,0
19,12,1
20,21,1
21,20,1
22,34,0
23,55,2
24,55,0
25,64,6
26,60,1
27,94,3
28,100,3
29,125,8
30,132,5
31,154,9
32,165,13
33,205,10
34,213,16
35,324,20
36,357,24
37,485,21
38,478,20
39,592,36
40,757,42
41,785,53
42,1094,56
43,1308,62
44,1575,78
45,1808,84
46,2076,122
47,2401,137
48,3063,153
49,3646,204
50,4299,242
51,5132,272
52,6219,314
53,7399,386
54,8894,464
55,10782,562
56,12627,620
57,15199,781
58,18068,952
59,21496,1137
