1,1,0
2,0,0
3,0,0
4,3,0
5,3,0
6,4,0
7,7,0
8,7,0
9,7,1
10,19,0
11,13,2
12,8,1
13,24,1
14,30,0
15,40,2
16,53,2
17,53,4
18,75,2
19,79,5
20,90,4
21,104,6
22,130,12
23,140,8
24,156,8
25,224,11
26,286,17
27,341,15
28,408,14
29,518,23
30,607,28
31,662,37
32,852,39
33,1038,57
34,1323,48
35,1481,72
36,1781,78
37,2048,117
38,2545,114
39,3079,150
40,3718,180
41,4199,210
42,5104,264
43,6189,322
44,7287,386
45,8731,455
46,10389,561
47,12513,639
48,15292,747
49,17846,921
50,21216,1100
51,25625,1308
52,30701,1595
53,36064,1920
