1,1,0
2,0,0
3,0,0
4,0,0
5,1,0
6,0,0
7,0,0
8,2,0
9,1,0
10,4,0
11,2,0
12,7,1
13,9,0
14,7,1
15,14,0
16,13,2
17,17,1
18,19,1
19,15,0
20,26,0
21,41,1
22,36,0
23,49,6
24,74,1
25,74,6
26,74,4
27,87,1
28,114,4
29,133,10
30,185,12
31,208,6
32,227,13
33,349,18
34,347,15
35,421,28
36,504,18
37,579,25
38,698,38
39,830,63
40,1011,51
41,1211,78
42,1487,77
43,1813,98
44,2097,108
45,2556,126
46,3011,150
47,3477,207
48,4042,243
49,4736,262
50,5765,296
51,6918,387
52,8190,425
53,9906,482
54,11649,610
55,14038,762
56,16612,899
57,20045,1093
58,24070,1205
59,29104,1461
60,34349,1739
61,41527,2131
62,48509,2460
63,52521,2817
64,49600,2918
65,40610,2524
66,29308,2127
67,18851,1603
68,11283,1187
69,6218,811
70,3249,483
71,1643,304
72,754,191
73,354,94
74,168,49
75,86,26
76,34,8
77,10,7
78,3,3
79,0,2
80,1,1
81,0,0
82,1,0
83,0,0
84,0,2
85,0,0
86,0,0
87,0,0
88,0,0
89,0,0
90,0,0
91,0,0
92,0,0
93,0,0
94,0,0
95,0,0
96,0,0
97,0,0
98,0,0
99,0,0
100,0,0
101,0,0
102,0,0
103,0,0
104,0,0
105,0,0
106,0,0
107,0,0
108,0,0
109,0,0
110,0,0
111,0,0
112,0,0
113,0,0
114,0,0
