1,1,0
2,0,0
3,0,0
4,2,0
5,4,0
6,10,0
7,6,0
8,10,0
9,14,1
10,18,0
11,20,1
12,22,2
13,23,1
14,52,2
15,31,2
16,29,3
17,40,1
18,78,3
19,101,7
20,117,3
21,138,3
22,154,5
23,171,6
24,212,13
25,238,6
26,342,14
27,392,23
28,492,16
29,534,26
30,681,29
31,775,29
32,1026,48
33,1073,56
34,1418,69
35,1654,81
36,2101,99
37,2496,92
38,2976,138
39,3473,166
40,4131,223
41,4969,272
42,6041,312
43,7417,414
44,8755,464
45,10517,549
46,12606,644
47,14741,792
48,17679,945
49,21237,1096
50,25096,1410
51,30113,1554
52,35891,1960
53,42493,2196
54,49195,2580
55,52353,2768
56,47562,2820
57,38495,2498
58,26664,2089
59,16921,1634
60,9774,1060
61,5298,720
62,2770,451
63,1409,239
64,644,160
65,293,91
66,145,46
67,49,25
68,17,20
69,13,7
70,7,5
71,0,0
72,0,1
73,1,0
74,1,1
75,0,1
76,0,0
77,0,0
78,0,0
79,0,0
80,0,0
81,0,0
82,0,0
83,0,0
84,0,0
85,0,0
86,0,0
87,0,0
88,0,0
89,0,0
90,0,0
91,0,0
92,0,0
93,0,0
94,0,0
95,0,0
96,0,0
97,0,0
98,0,0
99,0,0
100,0,0
101,0,0
102,0,0
103,0,0
104,0,0
105,0,0
106,0,0
107,0,0
108,0,0
109,0,0
110,0,0
111,0,0
112,0,0
113,0,0
114,0,0
