1,1,0
2,0,0
3,0,0
4,0,0
5,3,0
6,0,0
7,2,0
8,4,0
9,0,0
10,2,0
11,2,0
12,2,0
13,1,2
14,1,0
15,0,0
16,1,0
17,0,0
18,0,0
19,1,0
20,4,0
21,4,0
22,3,0
23,2,1
24,10,1
25,33,0
26,31,0
27,31,0
28,38,1
29,71,1
30,64,2
31,76,3
32,97,5
33,109,3
34,126,8
35,171,11
36,201,11
37,257,6
38,292,14
39,351,14
40,426,25
41,498,26
42,610,34
43,682,27
44,824,43
45,1053,52
46,1166,58
47,1349,78
48,1650,93
49,2109,109
50,2455,128
51,2916,150
52,3321,170
53,4084,199
54,4759,276
55,5914,265
56,7017,387
57,8360,422
58,10246,527
59,12169,602
60,14365,739
61,17204,845
62,20797,1032
63,24526,1271
64,29573,1495
65,34983,1782
66,41750,2163
67,48836,2530
68,52214,2870
69,48434,2887
70,38876,2649
71,27626,2186
72,17526,1638
73,10316,1150
74,5719,725
75,2978,489
76,1478,295
77,694,157
78,322,98
79,135,40
80,57,30
81,29,14
82,7,6
83,4,2
84,2,5
85,0,1
86,0,1
87,0,0
88,0,0
89,0,0
90,0,0
91,0,0
92,0,0
93,0,0
94,0,0
95,0,0
96,0,0
97,0,0
98,0,0
99,0,0
100,0,0
101,0,0
102,0,0
103,0,0
104,0,0
105,0,0
106,0,0
107,0,0
108,0,0
109,0,0
110,0,0
111,0,0
112,0,0
113,0,0
114,0,0
