1,1,0
2,0,0
3,0,0
4,1,0
5,2,0
6,0,0
7,0,0
8,1,1
9,1,0
10,1,0
11,1,0
12,0,0
13,1,0
14,1,0
15,2,0
16,7,0
17,4,0
18,6,1
19,9,0
20,3,1
21,10,0
22,12,0
23,14,1
24,11,2
25,20,0
26,28,0
27,25,1
28,53,1
29,57,3
30,49,3
31,70,1
32,89,1
33,101,8
34,141,10
35,143,12
36,177,6
37,172,17
38,245,15
39,298,16
40,350,22
41,462,16
42,549,20
43,656,36
44,821,29
45,929,32
46,1122,54
47,1286,65
48,1553,77
49,1811,109
50,2217,116
51,2600,126
52,3081,176
53,3651,209
54,4279,245
55,5147,248
56,6221,331
57,7450,416
58,8939,472
59,10597,559
60,12655,608
61,15306,776
62,18266,979
63,22215,1122
64,26470,1317
65,31470,1618
66,37657,1959
67,44908,2339
68,51252,2611
69,52704,2971
70,46926,2784
71,36262,2598
72,25045,2020
73,15446,1460
74,9000,949
75,4736,649
76,2528,419
77,1209,268
78,575,132
79,250,77
80,128,42
81,58,27
82,27,9
83,11,2
84,3,4
85,0,2
86,0,0
87,0,0
88,0,0
89,0,0
90,0,0
91,0,0
92,0,0
93,0,0
94,0,0
95,0,0
96,0,0
97,0,0
98,0,0
99,0,0
100,0,0
101,0,0
102,0,0
103,0,0
104,0,0
105,0,0
106,0,0
107,0,0
108,0,0
109,0,0
110,0,0
111,0,0
112,0,0
113,0,0
114,0,0
