1,1,0
2,0,0
3,0,0
4,1,0
5,2,0
6,5,0
7,9,0
8,2,0
9,5,0
10,5,1
11,7,1
12,14,1
13,9,1
14,21,0
15,34,0
16,24,4
17,27,1
18,41,2
19,62,3
20,82,2
21,109,4
22,87,5
23,133,2
24,132,7
25,153,8
26,168,11
27,249,11
28,306,8
29,320,21
30,424,18
31,454,30
32,557,25
33,652,39
34,792,45
35,967,45
36,1192,56
37,1367,69
38,1619,79
39,2021,99
40,2404,137
41,2806,165
42,3224,152
43,3852,236
44,4753,235
45,5590,338
46,6557,337
47,7927,415
48,9507,497
49,11374,604
50,13814,695
51,16120,873
52,19536,1058
53,23242,1222
54,27510,1410
55,33024,1698
56,39857,2041
57,46722,2409
58,51603,2706
59,50292,2927
60,41556,2726
61,30743,2304
62,20233,1762
63,12347,1203
64,6857,838
65,3551,517
66,1825,327
67,942,175
68,399,105
69,181,72
70,91,24
71,26,18
72,18,4
73,8,8
74,3,5
75,0,1
76,0,1
77,0,1
78,0,0
79,0,0
80,0,0
81,0,0
82,0,0
83,0,0
84,0,0
85,0,0
86,0,0
87,0,0
88,0,0
89,0,0
90,0,0
91,0,0
92,0,0
93,0,0
94,0,0
95,0,0
96,0,0
97,0,0
98,0,0
99,0,0
100,0,0
101,0,0
102,0,0
103,0,0
104,0,0
105,0,0
106,0,0
107,0,0
108,0,0
109,0,0
110,0,0
111,0,0
112,0,0
113,0,0
114,0,0
