1,1,0
2,0,0
3,2,0
4,2,0
5,3,0
6,2,0
7,7,0
8,1,0
9,5,1
10,2,1
11,4,1
12,3,1
13,1,0
14,3,0
15,2,1
16,4,0
17,0,0
18,2,0
19,2,0
20,3,0
21,4,0
22,3,0
23,1,0
24,1,1
25,1,0
26,0,1
27,2,0
28,0,1
29,2,0
30,1,0
31,1,0
32,0,1
33,1,2
34,5,0
35,5,0
36,4,1
37,8,0
38,2,0
39,2,1
40,6,1
41,3,0
42,3,1
43,11,1
44,16,0
45,13,1
46,23,0
47,23,5
48,14,0
49,30,0
50,33,1
51,38,0
52,49,1
53,61,4
54,50,2
55,62,5
56,85,4
57,125,5
58,133,10
59,163,5
60,206,12
61,234,12
62,251,14
63,313,10
64,347,17
65,431,24
66,478,29
67,625,29
68,777,43
69,925,52
70,1067,48
71,1255,61
72,1543,88
73,1774,102
74,2130,109
75,2540,134
76,3074,179
77,3674,191
78,4624,218
79,5614,263
80,6549,313
81,8034,429
82,9348,430
83,11252,543
84,13189,685
85,16096,895
86,18995,972
87,22932,1246
88,27530,1397
89,32808,1668
90,39575,1940
91,46718,2529
92,51969,2704
93,51102,2893
94,43147,2948
95,32141,2319
96,21649,1780
97,12939,1245
98,7375,867
99,3963,585
100,1932,353
101,932,209
102,434,112
103,187,69
104,100,29
105,32,15
106,21,11
107,6,4
108,1,3
109,1,0
110,0,1
111,0,0
112,0,0
113,0,0
114,0,0
