1,1,0
2,0,0
3,0,0
4,1,0
5,0,0
6,0,0
7,0,0
8,0,0
9,0,0
10,0,0
11,1,0
12,0,0
13,0,0
14,0,0
15,0,0
16,0,1
17,2,0
18,1,0
19,0,0
20,1,0
21,3,0
22,3,0
23,4,0
24,4,0
25,3,0
26,6,0
27,7,1
28,12,1
29,5,0
30,10,1
31,9,3
32,7,0
33,16,2
34,24,1
35,20,2
36,20,0
37,24,1
38,39,3
39,62,0
40,50,2
41,73,4
42,83,7
43,106,7
44,126,9
45,141,8
46,183,8
47,199,11
48,275,11
49,326,12
50,367,32
51,450,31
52,620,19
53,717,28
54,828,48
55,1013,60
56,1167,64
57,1357,77
58,1701,82
59,1932,107
60,2363,109
61,2709,143
62,3217,186
63,3915,204
64,4610,254
65,5471,286
66,6562,403
67,7873,423
68,9495,482
69,11055,550
70,13690,720
71,16249,777
72,19548,961
73,22988,1266
74,28038,1406
75,33571,1694
76,40213,1984
77,46922,2330
78,52778,2764
79,51857,2958
80,43561,2687
81,32377,2304
82,21459,1844
83,13080,1303
84,7553,909
85,3993,615
86,1973,338
87,1004,190
88,412,109
89,189,80
90,80,38
91,42,19
92,10,9
93,3,7
94,1,2
95,2,3
96,1,2
97,0,0
98,0,0
99,0,0
100,0,0
101,0,0
102,0,0
103,0,0
104,0,0
105,0,0
106,0,0
107,0,0
108,0,0
109,0,0
110,0,0
111,0,0
112,0,0
113,0,0
114,0,0
