1,1,0
2,0,0
3,0,0
4,3,0
5,1,0
6,2,0
7,6,0
8,2,0
9,3,0
10,4,1
11,5,0
12,7,1
13,10,1
14,14,1
15,8,0
16,16,1
17,20,1
18,25,1
19,29,2
20,23,4
21,19,2
22,47,2
23,42,2
24,57,4
25,72,5
26,83,5
27,89,4
28,98,11
29,127,8
30,156,5
31,193,5
32,233,9
33,262,18
34,418,19
35,459,15
36,569,20
37,664,22
38,739,43
39,851,38
40,1128,57
41,1346,78
42,1576,75
43,1828,87
44,2297,138
45,2828,136
46,3404,195
47,4100,196
48,4891,264
49,5743,285
50,6819,339
51,8258,412
52,9824,482
53,11808,627
54,14215,769
55,17104,858
56,20485,1013
57,24692,1231
58,29022,1438
59,34997,1713
60,41728,2180
61,49269,2528
62,53317,2826
63,50189,2945
64,40388,2772
65,29172,2174
66,18923,1664
67,11205,1193
68,6222,787
69,3170,485
70,1576,322
71,778,176
72,365,115
73,150,62
74,61,32
75,32,22
76,20,9
77,3,1
78,3,1
79,0,2
80,0,0
81,0,0
82,0,0
83,0,0
84,0,0
85,0,0
86,0,0
87,0,0
88,0,0
89,0,0
90,0,0
91,0,0
92,0,0
93,0,0
94,0,0
95,0,0
96,0,0
97,0,0
98,0,0
99,0,0
100,0,0
101,0,0
102,0,0
103,0,0
104,0,0
105,0,0
106,0,0
107,0,0
108,0,0
109,0,0
110,0,0
111,0,0
112,0,0
113,0,0
114,0,0
