1,1,0
2,0,0
3,1,0
4,0,0
5,1,0
6,1,0
7,1,0
8,0,0
9,4,0
10,11,1
11,9,0
12,10,0
13,16,0
14,19,0
15,28,0
16,40,1
17,56,2
18,47,2
19,61,4
20,64,5
21,76,5
22,80,4
23,112,4
24,161,7
25,168,5
26,210,11
27,247,14
28,326,15
29,385,16
30,497,15
31,596,23
32,735,27
33,912,36
34,1063,45
35,1285,63
36,1625,64
37,1820,94
38,2196,123
39,2676,127
40,3174,158
41,3824,203
42,4508,234
43,5292,256
44,6515,348
45,7774,388
46,9114,513
47,11242,568
48,13347,702
49,15874,852
50,19550,981
51,23183,1166
52,27390,1428
53,33218,1639
54,39941,1978
55,47144,2433
56,52688,2828
57,52102,2920
58,43806,2759
59,32773,2431
60,21966,1853
61,13446,1313
62,7570,877
63,3997,580
64,2038,346
65,973,222
66,437,101
67,188,74
68,114,40
69,44,14
70,13,9
71,5,6
72,2,1
73,1,2
74,0,2
75,0,1
76,0,0
77,0,0
78,0,0
79,0,0
80,0,0
81,0,0
82,0,0
83,0,0
84,0,0
85,0,0
86,0,0
87,0,0
88,0,0
89,0,0
90,0,0
91,0,0
92,0,0
93,0,0
94,0,0
95,0,0
96,0,0
97,0,0
98,0,0
99,0,0
100,0,0
101,0,0
102,0,0
103,0,0
104,0,0
105,0,0
106,0,0
107,0,0
108,0,0
109,0,0
110,0,0
111,0,0
112,0,0
113,0,0
114,0,0
