1,1,0
2,0,0
3,0,0
4,1,0
5,4,0
6,3,0
7,0,0
8,0,0
9,2,0
10,1,0
11,0,1
12,3,1
13,3,0
14,3,0
15,6,0
16,4,0
17,9,0
18,6,0
19,9,1
20,10,0
21,8,0
22,8,1
23,13,0
24,15,5
25,16,3
26,25,0
27,32,1
28,46,2
29,48,3
30,58,1
31,64,3
32,90,8
33,90,4
34,145,0
35,160,4
36,222,14
37,214,13
38,278,18
39,324,15
40,372,15
41,481,23
42,576,28
43,657,23
44,819,37
45,883,50
46,1025,63
47,1238,75
48,1490,93
49,1764,121
50,2065,110
51,2482,129
52,2918,164
53,3378,175
54,3951,239
55,4759,261
56,5566,281
57,6687,352
58,8157,420
59,9802,537
60,11452,616
61,14064,750
62,16492,857
63,19681,1002
64,23474,1253
65,28484,1513
66,33593,1778
67,40066,2061
68,47268,2511
69,51670,2761
70,49148,2835
71,40702,2645
72,29249,2174
73,19244,1678
74,11524,1195
75,6294,869
76,3319,470
77,1765,324
78,775,180
79,397,98
80,155,57
81,68,25
82,26,16
83,22,10
84,5,9
85,4,1
86,0,1
87,0,1
88,0,2
89,0,0
90,0,0
91,0,0
92,0,0
93,0,0
94,0,0
95,0,0
96,0,0
97,0,0
98,0,0
99,0,0
100,0,0
101,0,0
102,0,0
103,0,0
104,0,0
105,0,0
106,0,0
107,0,0
108,0,0
109,0,0
110,0,0
111,0,0
112,0,0
113,0,0
114,0,0
