1,1,0
2,0,0
3,1,0
4,0,1
5,2,0
6,2,0
7,6,0
8,3,0
9,6,0
10,4,0
11,6,0
12,4,0
13,3,1
14,1,1
15,2,1
16,5,1
17,1,1
18,5,0
19,4,0
20,7,1
21,5,0
22,7,0
23,9,1
24,21,0
25,11,0
26,28,0
27,19,1
28,19,2
29,34,0
30,32,3
31,21,2
32,44,3
33,32,1
34,33,3
35,38,8
36,40,8
37,31,4
38,46,5
39,58,7
40,67,0
41,80,3
42,89,9
43,119,4
44,90,3
45,142,5
46,182,7
47,189,16
48,278,9
49,342,10
50,402,23
51,465,26
52,566,21
53,658,31
54,752,54
55,863,41
56,1103,41
57,1205,76
58,1455,81
59,1674,116
60,1942,112
61,2391,130
62,2972,153
63,3424,188
64,4169,226
65,4829,292
66,5877,290
67,6790,329
68,7985,462
69,9955,540
70,11744,617
71,14080,734
72,16832,899
73,19952,1075
74,24170,1243
75,28728,1429
76,34176,1750
77,41497,2210
78,48378,2519
79,52108,2806
80,48977,2851
81,39412,2588
82,28619,2141
83,18290,1647
84,10920,1086
85,5982,758
86,3203,487
87,1559,294
88,760,185
89,338,92
90,148,55
91,74,34
92,30,17
93,8,9
94,2,3
95,1,2
96,0,0
97,0,0
98,0,0
99,0,0
100,0,0
101,0,0
102,0,0
103,0,0
104,0,0
105,0,0
106,0,0
107,0,0
108,0,0
109,0,0
110,0,0
111,0,0
112,0,0
113,0,0
114,0,0
