1,1,0
2,0,0
3,0,0
4,2,0
5,3,0
6,5,0
7,5,0
8,5,0
9,7,0
10,4,0
11,2,0
12,6,0
13,16,0
14,24,1
15,18,0
16,24,1
17,32,3
18,34,4
19,40,0
20,37,0
21,58,1
22,55,3
23,68,4
24,75,6
25,79,13
26,97,8
27,117,10
28,159,10
29,157,8
30,161,9
31,238,19
32,282,18
33,286,23
34,338,17
35,452,24
36,548,35
37,614,34
38,765,48
39,966,41
40,1160,62
41,1366,56
42,1695,92
43,1964,94
44,2311,122
45,2833,132
46,3378,161
47,4140,184
48,4833,239
49,5599,294
50,6861,361
51,8163,452
52,9983,505
53,11864,663
54,14249,712
55,17012,882
56,20353,1044
57,24333,1212
58,29247,1479
59,35093,1760
60,41905,2162
61,49282,2556
62,53118,2806
63,50701,2883
64,41432,2688
65,29652,2234
66,19329,1708
67,11420,1212
68,6359,748
69,3415,567
70,1613,297
71,780,166
72,370,95
73,149,59
74,67,31
75,34,18
76,10,10
77,4,3
78,0,3
79,0,1
80,0,0
81,0,0
82,0,0
83,0,0
84,0,0
85,0,0
86,0,0
87,0,0
88,0,0
89,0,0
90,0,0
91,0,0
92,0,0
93,0,0
94,0,0
95,0,0
96,0,0
97,0,0
98,0,0
99,0,0
100,0,0
101,0,0
102,0,0
103,0,0
104,0,0
105,0,0
106,0,0
107,0,0
108,0,0
109,0,0
110,0,0
111,0,0
112,0,0
113,0,0
114,0,0
