1,1,0
2,0,0
3,0,0
4,1,0
5,2,0
6,1,0
7,1,0
8,1,0
9,3,0
10,6,0
11,1,0
12,7,0
13,10,0
14,18,0
15,26,0
16,19,2
17,37,1
18,39,1
19,52,1
20,65,2
21,80,7
22,81,5
23,128,9
24,126,3
25,163,9
26,210,6
27,234,10
28,276,12
29,330,22
30,396,18
31,447,30
32,548,28
33,629,36
34,867,48
35,989,54
36,1265,73
37,1440,73
38,1671,88
39,1995,88
40,2353,136
41,2764,140
42,3429,176
43,3874,210
44,4808,262
45,5699,266
46,6868,332
47,8320,375
48,9947,514
49,11443,619
50,13741,687
51,16342,857
52,19743,1020
53,23585,1294
54,27598,1459
55,33521,1772
56,40221,2077
57,46917,2478
58,51997,2826
59,50276,2925
60,42071,2729
61,30614,2304
62,20898,1764
63,12322,1177
64,6983,842
65,3638,552
66,1880,286
67,880,188
68,395,112
69,196,64
70,92,31
71,43,16
72,18,14
73,7,5
74,1,2
75,0,1
76,0,0
77,0,0
78,0,0
79,0,0
80,0,0
81,0,0
82,0,0
83,0,0
84,0,0
85,0,0
