1,1,0
2,0,0
3,0,0
4,0,0
5,1,0
6,0,0
7,2,0
8,1,0
9,3,0
10,6,0
11,4,0
12,9,0
13,11,1
14,11,1
15,24,0
16,29,1
17,34,2
18,70,2
19,65,2
20,82,3
21,110,4
22,111,6
23,143,4
24,142,2
25,190,10
26,203,18
27,280,12
28,336,17
29,424,20
30,576,22
31,644,29
32,789,31
33,976,51
34,1183,52
35,1424,63
36,1732,85
37,1832,102
38,2253,109
39,2688,157
40,3060,189
41,3688,206
42,4544,266
43,5589,305
44,6611,346
45,7747,432
46,9247,503
47,10884,503
48,13104,696
49,15767,822
50,18923,972
51,22348,1233
52,27173,1395
53,32326,1603
54,38428,2061
55,46203,2366
56,52282,2703
57,52308,2918
58,44848,2771
59,33849,2424
60,22899,1901
61,14128,1408
62,8002,890
63,4394,572
64,2161,363
65,1070,224
66,496,134
67,218,70
68,106,33
69,39,18
70,13,7
71,7,5
72,6,3
73,1,1
74,1,2
75,0,0
76,0,0
77,0,0
78,1,0
79,0,0
80,0,0
81,0,0
82,0,0
83,0,0
84,0,0
85,0,0
