1,1,0
2,0,0
3,0,0
4,0,0
5,1,0
6,1,0
7,2,0
8,4,0
9,3,0
10,2,0
11,2,0
12,7,0
13,7,0
14,7,0
15,5,0
16,4,0
17,8,0
18,4,2
19,9,0
20,15,4
21,16,1
22,16,1
23,14,2
24,18,0
25,27,2
26,17,3
27,33,1
28,25,2
29,32,5
30,42,6
31,59,3
32,73,4
33,55,8
34,67,4
35,69,2
36,89,5
37,95,4
38,133,10
39,148,8
40,157,17
41,188,16
42,199,12
43,280,14
44,285,24
45,397,20
46,488,35
47,567,27
48,681,29
49,795,46
50,884,59
51,1064,58
52,1252,86
53,1682,81
54,1908,104
55,2250,126
56,2814,136
57,3286,176
58,4010,208
59,4772,251
60,5612,270
61,6940,328
62,8169,413
63,9973,498
64,12123,609
65,14383,725
66,16880,903
67,20296,995
68,23873,1254
69,28961,1593
70,34444,1808
71,41159,2188
72,48475,2431
73,51755,2897
74,48923,2831
75,39808,2654
76,28641,2115
77,18498,1644
78,11030,1163
79,6089,809
80,3236,497
81,1564,292
82,737,197
83,339,95
84,166,55
85,58,29
