1,1,0
2,0,0
3,0,0
4,0,0
5,0,0
6,0,0
7,1,0
8,0,0
9,2,0
10,3,0
11,7,0
12,13,0
13,10,0
14,13,1
15,15,0
16,24,0
17,43,1
18,44,0
19,50,2
20,63,4
21,94,5
22,93,8
23,139,5
24,165,3
25,180,11
26,230,13
27,280,21
28,336,11
29,391,14
30,467,28
31,653,36
32,763,35
33,903,39
34,1144,48
35,1387,64
36,1560,78
37,1785,96
38,2244,118
39,2768,135
40,3177,178
41,3789,191
42,4488,227
43,5460,258
44,6600,341
45,7847,406
46,9333,497
47,11272,553
48,13193,679
49,15930,790
50,19460,987
51,22934,1161
52,27715,1429
53,32820,1714
54,39220,2043
55,46791,2421
56,52192,2718
57,51466,2903
58,43256,2877
59,32276,2306
60,21566,1860
61,13053,1304
62,7453,936
63,3893,585
64,1986,333
65,936,189
66,476,124
67,201,77
68,70,30
69,34,20
70,17,12
71,6,2
72,1,1
73,1,5
74,1,0
75,0,1
76,0,0
77,0,0
78,0,0
79,0,0
80,0,0
81,0,0
82,0,0
83,0,0
84,0,0
85,0,0
