1,1,0
2,0,0
3,0,0
4,2,0
5,2,0
6,4,0
7,5,0
8,1,0
9,6,0
10,8,1
11,6,2
12,9,1
13,8,1
14,17,0
15,12,3
16,11,2
17,22,3
18,16,1
19,18,2
20,25,2
21,42,3
22,51,1
23,47,2
24,60,6
25,66,4
26,71,3
27,92,5
28,114,6
29,124,9
30,180,12
31,173,8
32,215,13
33,235,13
34,335,19
35,359,19
36,406,20
37,587,24
38,654,38
39,796,40
40,981,42
41,1130,56
42,1261,61
43,1589,80
44,1815,94
45,2252,105
46,2590,145
47,3151,184
48,3719,191
49,4210,235
50,5272,295
51,6424,298
52,7607,418
53,9220,464
54,11072,550
55,13275,696
56,15721,836
57,18995,999
58,22701,1190
59,26803,1443
60,32020,1690
61,38673,1993
62,45987,2346
63,51235,2763
64,51219,2878
65,44437,2807
66,33375,2289
67,22379,1824
68,13753,1313
69,7863,924
70,4194,619
71,2164,373
72,998,204
73,447,124
74,211,63
75,83,38
76,49,18
77,13,7
78,5,7
79,2,6
80,2,0
81,1,2
82,0,0
83,0,0
84,0,0
85,0,0
