1,1,0
2,0,0
3,0,0
4,0,0
5,0,0
6,1,0
7,3,0
8,0,0
9,2,0
10,1,0
11,2,0
12,3,0
13,4,1
14,3,0
15,2,0
16,3,0
17,0,0
18,2,0
19,4,0
20,13,1
21,3,1
22,7,0
23,8,0
24,16,0
25,8,1
26,13,2
27,14,1
28,10,2
29,15,4
30,24,1
31,34,0
32,44,1
33,37,1
34,51,7
35,84,1
36,112,3
37,107,7
38,137,4
39,154,8
40,194,5
41,249,12
42,315,14
43,325,19
44,406,22
45,449,24
46,606,25
47,725,30
48,822,36
49,1045,43
50,1276,70
51,1606,59
52,1957,96
53,2359,120
54,2790,125
55,3440,166
56,4124,190
57,4841,244
58,5795,304
59,6856,343
60,8283,452
61,9969,500
62,11777,567
63,13888,739
64,16817,822
65,19988,1038
66,23944,1265
67,28382,1513
68,33853,1717
69,40486,2072
70,48369,2506
71,52830,2847
72,50728,2845
73,41726,2684
74,30324,2214
75,19515,1697
76,11981,1216
77,6605,803
78,3513,498
79,1737,301
80,845,208
81,400,110
82,170,64
83,69,27
84,28,24
85,19,8
