1,1,0
2,0,0
3,0,0
4,0,0
5,0,0
6,2,0
7,1,0
8,1,0
9,4,0
10,2,0
11,4,0
12,6,2
13,2,0
14,2,0
15,1,1
16,4,0
17,1,0
18,4,1
19,1,0
20,6,1
21,0,0
22,7,0
23,10,1
24,20,1
25,16,0
26,16,0
27,22,3
28,15,1
29,24,2
30,23,1
31,22,1
32,26,2
33,25,4
34,30,5
35,40,3
36,32,3
37,43,5
38,37,6
39,53,3
40,60,7
41,62,5
42,53,6
43,81,8
44,112,4
45,114,6
46,127,13
47,139,9
48,213,8
49,271,11
50,299,14
51,320,12
52,426,11
53,455,29
54,593,36
55,700,35
56,776,41
57,1045,56
58,1111,66
59,1374,73
60,1613,72
61,1968,87
62,2308,120
63,2807,145
64,3381,183
65,4071,181
66,4891,265
67,5717,293
68,6879,327
69,8295,446
70,9790,485
71,11661,668
72,13995,738
73,16591,813
74,19941,1066
75,23808,1291
76,28315,1454
77,33991,1742
78,40755,2119
79,48941,2509
80,55973,2965
81,56228,3126
82,49314,2992
83,37771,2741
84,25561,2102
85,15606,1484
