1,1,0
2,0,0
3,0,0
4,0,0
5,1,0
6,1,0
7,2,0
8,1,0
9,3,0
10,4,0
11,2,2
12,5,0
13,2,0
14,0,1
15,4,0
16,5,0
17,3,0
18,6,0
19,4,1
20,8,0
21,9,1
22,5,1
23,6,1
24,7,1
25,12,2
26,15,0
27,24,0
28,20,2
29,26,2
30,35,1
31,29,1
32,41,5
33,40,1
34,41,1
35,65,5
36,62,3
37,77,7
38,93,6
39,141,6
40,140,8
41,178,10
42,211,5
43,249,14
44,329,19
45,369,12
46,440,19
47,498,32
48,605,30
49,725,35
50,857,51
51,1101,52
52,1285,73
53,1596,76
54,1841,95
55,2125,127
56,2665,145
57,3086,148
58,3733,174
59,4568,232
60,5254,268
61,6318,344
62,7561,379
63,9001,455
64,10502,573
65,12760,638
66,15095,771
67,18069,927
68,21516,1144
69,25996,1306
70,31158,1665
71,36580,1895
72,44178,2308
73,50468,2671
74,52967,2886
75,47774,2920
76,37136,2482
77,25932,2021
78,16403,1554
79,9496,1046
80,5288,693
81,2634,429
82,1363,235
83,605,133
84,300,76
85,121,45
