1,1,0
2,0,0
3,0,0
4,0,0
5,5,0
6,1,0
7,5,0
8,2,0
9,4,1
10,0,0
11,1,1
12,1,0
13,2,0
14,1,0
15,0,0
16,4,0
17,1,0
18,4,0
19,5,0
20,2,1
21,1,0
22,1,1
23,1,1
24,1,1
25,2,0
26,1,0
27,1,0
28,3,0
29,3,0
30,7,0
31,16,0
32,9,0
33,18,1
34,21,0
35,33,2
36,28,1
37,20,0
38,43,1
39,41,2
40,51,1
41,56,1
42,70,7
43,93,6
44,116,6
45,143,5
46,178,11
47,213,9
48,271,10
49,270,15
50,396,17
51,468,26
52,509,26
53,619,21
54,738,42
55,859,39
56,1080,64
57,1360,69
58,1638,89
59,2016,97
60,2459,99
61,3028,139
62,3398,175
63,4211,224
64,4852,243
65,6080,312
66,7170,357
67,8656,487
68,10418,524
69,12496,628
70,14624,746
71,17735,859
72,21630,1082
73,25606,1310
74,30608,1573
75,36724,1877
76,43675,2271
77,50889,2646
78,54453,2939
79,51068,3003
80,40995,2635
81,29099,2252
82,18455,1633
83,11070,1162
84,6036,789
85,3194,501
