1,1,0
2,0,0
3,0,0
4,2,0
5,3,0
6,3,0
7,4,0
8,3,0
9,3,1
10,7,0
11,6,0
12,5,0
13,5,0
14,12,0
15,11,1
16,22,3
17,28,0
18,24,2
19,19,1
20,24,1
21,30,3
22,38,5
23,41,4
24,45,1
25,50,6
26,55,5
27,61,1
28,82,8
29,84,5
30,96,5
31,129,6
32,158,6
33,185,11
34,229,12
35,233,9
36,317,15
37,324,20
38,404,23
39,463,30
40,564,32
41,661,27
42,797,43
43,931,48
44,1198,71
45,1394,94
46,1673,84
47,1958,90
48,2393,115
49,3021,151
50,3481,152
51,4137,209
52,5007,260
53,5949,299
54,7143,382
55,8504,443
56,10387,510
57,12328,645
58,15047,771
59,17954,902
60,21470,1107
61,25779,1341
62,31021,1525
63,36671,1973
64,43489,2245
65,50238,2601
66,52757,2899
67,47489,2848
68,37193,2518
69,25819,2082
70,16243,1526
71,9386,1025
72,5014,707
73,2593,448
74,1275,248
75,616,170
76,297,85
77,134,43
78,50,22
79,32,14
80,11,4
81,4,6
82,2,2
83,0,1
84,0,0
85,1,0
