1,1,0
2,0,0
3,0,0
4,3,0
5,2,0
6,2,0
7,3,0
8,6,0
9,4,0
10,5,1
11,6,1
12,15,0
13,29,0
14,29,2
15,24,0
16,34,2
17,26,2
18,24,1
19,17,5
20,27,5
21,13,5
22,29,5
23,27,7
24,25,2
25,41,1
26,37,6
27,52,5
28,72,2
29,47,2
30,49,2
31,45,11
32,91,7
33,87,6
34,97,14
35,108,11
36,147,14
37,164,6
38,166,10
39,229,11
40,285,22
41,331,18
42,400,20
43,454,10
44,545,24
45,592,46
46,755,36
47,931,53
48,1050,54
49,1182,63
50,1540,79
51,1818,98
52,2289,112
53,2600,146
54,3112,144
55,3819,194
56,4633,224
57,5521,259
58,6566,331
59,7811,391
60,9264,451
61,11121,601
62,13487,711
63,16194,833
64,19399,954
65,23138,1153
66,27506,1427
67,32754,1590
68,39407,1988
69,47154,2456
70,52514,2727
71,51528,2961
72,44001,2742
73,32902,2299
74,21552,1765
75,13148,1315
76,7365,891
77,4004,581
78,2026,345
79,988,226
80,495,126
81,201,73
82,96,48
83,35,18
84,19,11
85,6,1
