1,1,0
2,0,0
3,0,0
4,1,0
5,0,0
6,1,0
7,2,0
8,0,0
9,3,0
10,2,0
11,3,0
12,7,0
13,5,1
14,6,0
15,10,0
16,17,0
17,14,0
18,20,0
19,29,1
20,40,0
21,40,1
22,50,2
23,39,5
24,64,3
25,69,5
26,90,4
27,93,7
28,113,8
29,156,4
30,173,9
31,184,12
32,256,14
33,301,10
34,332,14
35,401,23
36,490,27
37,555,30
38,668,44
39,777,30
40,973,55
41,1103,61
42,1378,80
43,1636,96
44,2120,98
45,2396,130
46,2786,141
47,3426,155
48,3939,228
49,4809,247
50,5728,302
51,6800,363
52,7919,418
53,9298,501
54,11403,548
55,13362,698
56,16158,857
57,19268,1056
58,22839,1264
59,27255,1407
60,32632,1754
