1,1,0
2,0,0
3,0,0
4,0,0
5,0,0
6,2,0
7,0,0
8,2,0
9,4,0
10,13,0
11,8,0
12,11,0
13,8,0
14,13,4
15,19,3
16,20,0
17,10,2
18,22,4
19,16,2
20,23,0
21,34,4
22,34,1
23,36,3
24,54,2
25,68,0
26,73,0
27,100,7
28,118,7
29,138,8
30,167,6
31,176,7
32,198,12
33,266,24
34,323,18
35,408,25
36,438,23
37,525,34
38,637,28
39,826,42
40,931,50
41,1138,63
42,1379,71
43,1602,86
44,1812,107
45,2281,114
46,2740,136
47,3210,168
48,3851,202
49,4616,249
50,5476,294
51,6530,317
52,7773,406
53,9125,451
54,11079,582
55,13344,645
56,15848,806
57,18890,940
58,22516,1203
59,27248,1439
60,32646,1698
