1,1,0
2,0,0
3,0,0
4,0,0
5,0,0
6,1,0
7,1,0
8,0,0
9,1,0
10,1,0
11,4,0
12,4,0
13,5,0
14,7,0
15,12,0
16,22,0
17,16,0
18,23,1
19,36,1
20,21,2
21,20,0
22,35,3
23,43,4
24,73,3
25,58,4
26,72,2
27,103,5
28,144,2
29,133,12
30,148,6
31,206,15
32,272,10
33,293,17
34,360,14
35,456,22
36,461,23
37,534,35
38,630,34
39,747,51
40,913,53
41,1150,71
42,1356,82
43,1643,83
44,1803,107
45,2209,128
46,2709,162
47,3225,182
48,3733,190
49,4402,234
50,5465,285
51,6593,327
52,7844,386
53,9526,473
54,11183,582
55,13410,696
56,15779,815
57,19075,949
58,22618,1198
59,27081,1412
60,32813,1635
