1,1,0
2,0,0
3,0,0
4,1,1
5,1,0
6,0,0
7,1,0
8,3,0
9,1,1
10,1,0
11,6,0
12,9,0
13,7,0
14,7,0
15,9,0
16,11,2
17,15,1
18,17,0
19,22,0
20,20,1
21,18,1
22,17,4
23,33,2
24,46,0
25,53,0
26,85,2
27,90,5
28,117,4
29,134,9
30,153,6
31,153,4
32,204,16
33,250,19
34,330,13
35,364,16
36,416,31
37,568,32
38,664,33
39,743,31
40,913,61
41,1045,47
42,1335,68
43,1601,91
44,1749,92
45,2141,110
46,2717,136
47,3228,161
48,3910,193
49,4496,227
50,5549,293
51,6533,337
52,7891,403
53,9682,488
54,10963,587
55,13113,681
56,16212,854
57,19107,1020
58,22626,1248
59,27438,1387
60,32498,1685
