1,1,0
2,0,0
3,0,0
4,2,0
5,1,0
6,0,0
7,2,0
8,2,0
9,2,0
10,0,0
11,8,0
12,10,0
13,15,1
14,16,0
15,16,1
16,21,0
17,23,1
18,23,0
19,22,1
20,28,0
21,31,5
22,31,3
23,46,0
24,52,7
25,31,0
26,48,6
27,74,7
28,76,5
29,91,3
30,109,6
31,165,3
32,185,13
33,193,9
34,216,12
35,280,17
36,336,12
37,399,21
38,498,32
39,613,33
40,728,33
41,834,46
42,998,62
43,1200,68
44,1377,69
45,1781,88
46,2020,108
47,2574,122
48,2885,173
49,3509,193
50,3997,233
51,5015,247
52,5851,332
53,6941,337
54,8268,435
55,10119,512
56,12061,580
57,14528,683
58,17626,900
59,20767,1044
60,25131,1252
