1,1,0
2,0,0
3,1,0
4,0,0
5,1,0
6,0,0
7,1,0
8,1,0
9,5,0
10,7,0
11,7,0
12,9,0
13,8,1
14,3,1
15,7,1
16,12,0
17,6,0
18,9,0
19,16,2
20,11,3
21,20,0
22,19,1
23,38,1
24,32,1
25,52,1
26,54,0
27,48,5
28,68,2
29,84,2
30,72,3
31,100,5
32,142,6
33,164,9
34,183,9
35,209,14
36,273,9
37,276,14
38,341,17
39,435,17
40,488,28
41,627,23
42,735,53
43,892,43
44,1099,64
45,1272,54
46,1579,83
47,1963,80
48,2369,120
49,2734,112
50,3241,157
51,3993,193
52,4696,244
53,5587,310
54,6668,311
55,7960,396
56,9625,479
57,11527,611
58,13461,757
59,16225,885
60,19256,999
