1,1,0
2,0,0
3,0,0
4,1,0
5,0,0
6,0,0
7,0,0
8,1,0
9,0,0
10,0,0
11,4,0
12,2,0
13,2,0
14,4,0
15,5,0
16,3,0
17,8,0
18,11,0
19,13,1
20,33,1
21,32,3
22,49,0
23,49,2
24,62,2
25,66,4
26,70,3
27,102,9
28,138,7
29,138,8
30,168,8
31,193,7
32,210,14
33,278,9
34,262,23
35,279,26
36,364,29
37,402,30
38,498,28
39,582,40
40,681,41
41,765,44
42,907,56
43,1154,51
44,1383,75
45,1601,87
46,1872,110
47,2363,128
48,2931,143
49,3544,194
50,4215,206
51,4803,246
52,5891,286
53,7063,328
54,8185,422
55,9897,523
56,11597,608
57,13881,746
58,16653,853
59,19895,1013
60,23493,1227
