1,1,0
2,0,0
3,0,0
4,0,0
5,0,0
6,0,0
7,1,0
8,0,0
9,1,0
10,0,0
11,2,0
12,5,1
13,6,0
14,11,0
15,10,0
16,3,0
17,12,0
18,22,0
19,19,0
20,16,1
21,11,1
22,14,1
23,24,1
24,28,1
25,39,3
26,62,1
27,73,2
28,89,1
29,77,2
30,82,2
31,123,3
32,154,11
33,207,14
34,220,7
35,214,13
36,258,19
37,289,7
38,361,24
39,422,33
40,523,19
41,604,43
42,784,35
43,888,41
44,1056,62
45,1178,54
46,1394,87
47,1670,94
48,2087,110
49,2424,134
50,2971,155
51,3431,194
52,4276,209
53,5143,250
54,6231,291
55,7317,390
56,8772,464
57,10351,513
58,12345,634
59,14863,722
60,17595,983
