1,1,0
2,0,0
3,1,0
4,1,0
5,2,0
6,4,0
7,2,0
8,3,0
9,0,0
10,4,0
11,2,0
12,3,0
13,4,0
14,7,0
15,5,1
16,2,0
17,3,0
18,3,0
19,1,0
20,6,0
21,8,0
22,8,3
23,9,0
24,5,1
25,14,1
26,10,1
27,15,0
28,20,1
29,30,2
30,34,2
31,27,1
32,49,5
33,43,5
34,58,1
35,60,4
36,80,8
37,114,4
38,136,6
39,157,8
40,177,7
41,210,8
42,216,22
43,290,8
44,343,22
45,422,22
46,470,33
47,550,35
48,642,39
49,747,49
50,899,44
51,1120,60
52,1322,66
53,1599,78
54,1966,93
55,2266,123
56,2855,123
57,3299,156
58,3999,186
59,4605,236
60,5679,326
