1,1,0
2,0,0
3,1,0
4,4,0
5,2,0
6,2,0
7,5,0
8,2,0
9,1,0
10,8,0
11,5,0
12,11,0
13,7,0
14,12,2
15,14,1
16,20,0
17,13,0
18,27,1
19,31,0
20,46,1
21,40,4
22,56,4
23,66,1
24,93,2
25,96,4
26,128,7
27,151,9
28,127,5
29,185,13
30,237,12
31,232,16
32,301,16
33,317,17
34,401,24
35,462,33
36,508,33
37,584,44
38,754,47
39,900,57
40,1107,59
41,1310,61
42,1630,81
43,1940,81
44,2320,112
45,2929,124
46,3304,154
47,3882,224
48,4690,263
49,5757,298
50,7011,363
51,8295,377
52,10054,480
53,12082,628
54,14592,704
55,17243,838
56,21083,1070
57,24868,1273
58,29866,1492
59,36003,1880
60,42988,2135
