1,1,0
2,0,0
3,0,0
4,4,0
5,11,0
6,15,0
7,21,0
8,24,1
9,35,0
10,39,1
11,53,1
12,89,1
13,119,2
14,118,2
15,169,5
16,200,9
17,243,8
18,301,9
19,312,17
20,430,20
21,511,15
22,589,29
23,717,33
24,850,51
25,1043,52
26,1254,62
27,1520,80
28,1800,91
29,2158,116
30,2551,118
31,3029,165
32,3642,200
33,4159,228
34,5034,252
35,5975,330
36,7166,386
37,8637,457
38,10176,562
39,11836,613
40,14453,776
41,17224,890
42,20699,1105
43,24325,1343
44,29174,1473
45,34611,1830
46,41838,2135
47,48896,2626
48,52702,2776
49,48643,2832
50,39994,2586
51,28523,2210
52,18732,1641
53,11147,1211
54,6110,799
55,3326,479
56,1622,270
57,761,181
58,339,75
59,168,51
60,75,30
