1,1,0
2,0,0
3,0,0
4,0,0
5,0,0
6,1,0
7,1,0
8,1,0
9,3,0
10,5,0
11,7,1
12,10,0
13,9,0
14,10,0
15,14,0
16,8,1
17,21,1
18,13,1
19,16,0
20,11,1
21,26,1
22,26,0
23,34,3
24,49,1
25,51,4
26,73,1
27,80,0
28,115,5
29,119,3
30,177,12
31,229,11
32,233,14
33,311,16
34,370,13
35,414,20
36,523,30
37,697,35
38,807,38
39,922,44
40,1060,57
41,1181,79
42,1501,86
43,1654,104
44,2130,114
45,2574,133
46,3007,168
47,3532,191
48,4366,205
49,5088,256
50,6071,316
51,7526,377
52,8706,458
53,10436,542
54,12496,621
55,15327,795
56,18195,898
57,21361,1124
58,25695,1340
59,30548,1639
60,36554,1890
