1,1,0
2,0,0
3,0,0
4,0,0
5,1,0
6,0,0
7,3,0
8,3,0
9,3,0
10,2,0
11,5,0
12,3,0
13,2,0
14,5,0
15,5,0
16,14,1
17,13,0
18,15,0
19,6,0
20,13,2
21,12,1
22,24,4
23,19,2
24,23,1
25,26,6
26,27,1
27,48,3
28,43,0
29,51,2
30,64,3
31,65,6
32,75,6
33,109,9
34,127,2
35,140,8
36,185,14
37,213,11
38,246,13
39,328,15
40,407,24
41,458,21
42,592,33
43,686,40
44,817,39
45,1050,52
46,1210,49
47,1478,77
48,1759,90
49,2030,103
50,2529,149
51,2859,145
52,3430,203
53,4107,238
54,4894,260
55,5706,279
56,6947,382
57,8441,397
58,9937,487
59,11889,619
60,14372,752
