1,1,0
2,0,0
3,0,0
4,2,0
5,7,0
6,4,0
7,8,1
8,10,1
9,10,1
10,6,1
11,13,1
12,12,0
13,11,0
14,16,0
15,14,2
16,15,2
17,19,1
18,18,1
19,16,5
20,43,2
21,59,2
22,55,1
23,64,3
24,76,2
25,93,2
26,94,7
27,133,5
28,160,8
29,177,7
30,183,10
31,207,13
32,239,16
33,350,24
34,408,12
35,470,28
36,564,23
37,700,31
38,853,46
39,1012,43
40,1206,69
41,1436,75
42,1690,87
43,1943,101
44,2325,123
45,2612,160
46,3231,179
47,3815,209
48,4623,251
49,5396,262
50,6323,360
51,7492,385
52,8679,535
53,10229,571
54,12504,697
55,15069,836
56,17795,937
57,21347,1116
58,25801,1293
59,30325,1591
60,36624,1912
