1,1,0
2,0,0
3,0,0
4,3,0
5,3,0
6,8,0
7,6,0
8,6,1
9,7,0
10,6,2
11,9,2
12,14,3
13,21,0
14,36,0
15,27,0
16,45,3
17,56,1
18,49,4
19,51,3
20,63,5
21,79,7
22,82,2
23,86,9
24,114,10
25,167,5
26,161,8
27,193,10
28,225,7
29,258,15
30,287,17
31,358,20
32,474,22
33,559,28
34,626,37
35,743,29
36,914,44
37,1149,47
38,1346,65
39,1659,78
40,2024,107
41,2394,110
42,2780,125
43,3309,162
44,3937,208
45,4788,250
46,5645,310
47,6787,363
48,8068,452
49,9864,509
50,11545,594
51,13992,697
52,16521,851
53,19806,1005
54,23807,1205
55,28090,1505
56,33698,1762
57,40446,2204
58,47848,2505
59,56994,3053
60,68625,3555
