1,1,0
2,0,0
3,0,0
4,1,0
5,4,0
6,4,0
7,5,0
8,2,0
9,5,0
10,3,0
11,6,2
12,6,1
13,5,1
14,4,0
15,5,2
16,9,1
17,11,1
18,3,0
19,11,0
20,9,1
21,14,1
22,14,1
23,20,0
24,30,1
25,31,0
26,61,1
27,57,1
28,74,1
29,98,1
30,131,9
31,176,9
32,203,4
33,277,12
34,294,10
35,351,18
36,427,15
37,494,21
38,556,31
39,624,40
40,780,48
41,918,54
42,1128,52
43,1267,65
44,1528,81
45,1801,93
46,2234,98
47,2603,126
48,3177,171
49,3754,209
50,4390,233
51,5217,284
52,6200,349
53,7550,413
54,9028,452
55,10612,616
56,12405,633
57,15249,783
58,18122,921
59,21927,1097
60,25972,1339
