1,1,0
2,0,0
3,0,0
4,0,0
5,3,0
6,1,0
7,1,0
8,2,0
9,0,0
10,1,0
11,0,0
12,10,0
13,9,1
14,5,0
15,6,1
16,14,0
17,16,0
18,12,0
19,18,0
20,31,1
21,18,2
22,34,0
23,33,0
24,27,3
25,40,6
26,57,5
27,58,3
28,75,6
29,93,4
30,117,5
31,136,12
32,157,6
33,179,12
34,196,10
35,235,14
36,257,9
37,288,19
38,404,17
39,528,22
40,627,42
41,720,29
42,887,47
43,1138,44
44,1352,54
45,1599,88
46,1886,104
47,2186,127
48,2676,144
49,3159,148
50,3647,204
51,4416,244
52,5316,285
53,6395,348
54,7893,408
55,9216,460
56,11089,544
57,13142,707
58,15711,784
59,19081,960
60,22107,1150
61,26952,1423
62,32264,1643
63,38690,2035
64,45969,2369
