1,1,0
2,0,0
3,0,0
4,1,0
5,0,0
6,2,0
7,1,1
8,0,0
9,0,0
10,5,0
11,3,0
12,5,0
13,6,0
14,5,0
15,17,0
16,26,0
17,27,0
18,37,0
19,27,0
20,31,1
21,46,1
22,62,4
23,64,3
24,52,7
25,79,2
26,77,2
27,109,11
28,113,6
29,142,10
30,177,6
31,206,15
32,232,12
33,315,12
34,361,15
35,408,16
36,540,26
37,653,31
38,794,33
39,976,54
40,1198,55
41,1457,65
42,1724,76
43,2153,116
44,2578,122
45,2998,148
46,3536,188
47,4157,243
48,4859,260
49,5738,318
50,7059,380
51,8341,443
52,9743,547
53,11746,617
54,13972,755
55,16869,872
56,20459,1061
57,24535,1295
58,28622,1557
59,34978,1803
60,41281,2068
61,49545,2554
62,59557,2942
63,70418,3730
64,84441,4406
