1,1,0
2,0,0
3,0,0
4,0,0
5,1,0
6,1,0
7,0,0
8,1,0
9,1,0
10,4,0
11,0,0
12,4,0
13,3,1
14,2,1
15,1,0
16,5,0
17,9,0
18,10,0
19,9,0
20,10,0
21,10,0
22,25,1
23,22,0
24,34,1
25,34,0
26,44,4
27,42,3
28,49,5
29,60,4
30,68,4
31,81,3
32,95,7
33,129,7
34,121,8
35,157,12
36,193,13
37,252,9
38,277,17
39,360,18
40,388,14
41,466,28
42,588,31
43,656,37
44,857,42
45,1040,50
46,1152,64
47,1399,72
48,1751,84
49,1950,117
50,2467,128
51,2895,144
52,3468,176
53,4080,218
54,5004,232
55,5874,298
56,6938,388
57,8282,408
58,9648,521
59,11695,581
60,13593,783
61,16159,902
62,19344,999
63,23039,1239
64,27671,1429
