1,1,0
2,0,0
3,0,0
4,0,0
5,1,0
6,2,0
7,1,0
8,0,0
9,3,0
10,2,0
11,1,0
12,5,0
13,5,0
14,8,0
15,5,0
16,10,1
17,11,0
18,30,0
19,27,0
20,28,1
21,46,4
22,43,3
23,59,3
24,73,3
25,101,5
26,114,2
27,115,7
28,160,8
29,160,13
30,223,18
31,258,9
32,325,11
33,389,13
34,421,27
35,494,26
36,646,39
37,751,35
38,881,52
39,1069,63
40,1282,48
41,1490,67
42,1810,94
43,2251,116
44,2519,135
45,3037,163
46,3579,177
47,4400,227
48,5196,271
49,6224,351
50,7484,415
51,8727,446
52,10596,583
53,12528,642
54,14907,801
55,17662,907
56,21072,1105
57,25212,1373
58,30199,1583
59,35693,1916
60,42720,2194
61,51236,2729
62,61259,3330
63,73036,3838
64,87775,4544
