1,1,0
2,0,0
3,0,0
4,1,0
5,3,0
6,1,0
7,4,0
8,8,0
9,3,1
10,8,0
11,4,1
12,11,0
13,11,0
14,16,1
15,23,1
16,23,0
17,33,2
18,28,1
19,28,2
20,33,4
21,50,4
22,47,3
23,65,4
24,72,2
25,78,2
26,106,8
27,89,11
28,134,12
29,123,11
30,146,14
31,222,14
32,214,18
33,276,12
34,365,12
35,432,22
36,494,23
37,563,32
38,642,37
39,789,41
40,915,43
41,1218,68
42,1380,73
43,1623,94
44,1977,105
45,2365,126
46,2857,144
47,3283,170
48,4050,189
49,4995,272
50,5916,280
51,7243,356
52,8633,444
53,9988,519
54,12147,604
55,14806,699
56,17572,883
57,20414,1072
58,24686,1277
59,29844,1486
60,35645,1821
61,42301,2170
62,50195,2674
63,59581,3151
64,71516,3749
