1,1,0
2,0,0
3,0,0
4,0,0
5,3,0
6,4,0
7,2,0
8,3,0
9,3,0
10,5,0
11,5,0
12,1,1
13,3,1
14,7,0
15,11,0
16,9,1
17,18,0
18,18,0
19,16,0
20,18,1
21,25,2
22,32,4
23,28,1
24,32,3
25,37,1
26,42,3
27,61,6
28,89,1
29,123,4
30,103,6
31,142,7
32,171,6
33,182,11
34,233,13
35,290,12
36,328,20
37,433,23
38,535,29
39,612,37
40,670,38
41,828,32
42,977,48
43,1201,60
44,1466,73
45,1644,96
46,2001,102
47,2275,106
48,2841,138
49,3324,183
50,3838,221
51,4686,268
52,5635,297
53,6659,354
54,8166,404
55,9696,466
56,11775,594
57,13957,698
58,17014,878
59,20201,979
60,23963,1242
61,28291,1516
62,33955,1696
63,40443,2135
64,47834,2519
