1,1,0
2,0,0
3,1,0
4,1,0
5,3,0
6,3,0
7,5,0
8,7,0
9,8,0
10,17,0
11,14,0
12,11,3
13,24,1
14,24,1
15,28,1
16,19,1
17,33,4
18,34,2
19,37,2
20,49,3
21,62,5
22,72,3
23,68,9
24,86,5
25,110,4
26,119,8
27,135,8
28,130,7
29,204,13
30,243,9
31,302,15
32,376,24
33,441,14
34,548,19
35,614,29
36,823,41
37,1041,60
38,1200,60
39,1403,61
40,1746,89
41,2075,102
42,2415,112
43,2956,162
44,3614,188
45,4256,202
46,5093,246
47,6032,310
48,7239,396
49,8738,470
50,10246,500
51,12281,619
52,14813,783
53,18064,913
54,21503,1136
55,25943,1323
56,31208,1526
57,37472,1820
58,44344,2268
59,52201,2640
60,59062,3189
61,58664,3352
62,50191,3146
63,37736,2724
64,25440,2138
