1,1,0
2,0,0
3,0,0
4,2,0
5,2,0
6,6,0
7,4,0
8,13,0
9,18,0
10,5,1
11,11,0
12,14,0
13,18,3
14,17,2
15,20,2
16,35,1
17,46,2
18,32,2
19,50,2
20,62,1
21,92,4
22,97,5
23,93,3
24,125,4
25,159,6
26,183,14
27,210,14
28,242,10
29,272,11
30,311,20
31,402,32
32,491,15
33,577,38
34,713,35
35,811,42
36,966,39
37,1191,64
38,1498,65
39,1800,90
40,2129,95
41,2463,132
42,2871,159
43,3522,209
44,4143,201
45,5000,250
46,5888,308
47,7183,371
48,8783,485
49,10477,512
50,12372,566
51,14809,715
52,17563,947
53,20751,1101
54,24789,1272
55,29650,1545
56,35372,1852
57,42028,2266
58,49653,2631
59,54610,3063
60,53295,3202
61,44723,2863
62,32914,2420
63,21675,1879
64,12803,1313
