1,1,0
2,0,0
3,0,0
4,0,0
5,1,0
6,5,0
7,2,0
8,0,0
9,2,0
10,1,0
11,1,0
12,2,0
13,1,1
14,3,0
15,0,0
16,1,0
17,0,0
18,0,0
19,2,0
20,1,2
21,2,0
22,2,0
23,4,0
24,6,0
25,4,1
26,14,0
27,10,0
28,28,0
29,18,0
30,30,2
31,32,1
32,24,0
33,20,1
34,35,1
35,55,1
36,63,1
37,76,2
38,85,4
39,83,4
40,123,6
41,134,8
42,170,8
43,177,14
44,256,15
45,244,21
46,381,21
47,495,14
48,589,19
49,736,27
50,879,40
51,1030,52
52,1286,52
53,1482,65
54,1860,84
55,2251,111
56,2642,138
57,3294,165
58,3816,183
59,4662,254
60,5848,284
61,7037,366
62,8255,400
63,10119,518
64,12414,625
