1,1,0
2,0,0
3,0,0
4,1,0
5,2,0
6,2,0
7,4,0
8,5,0
9,4,0
10,6,1
11,8,0
12,3,0
13,3,0
14,5,2
15,8,0
16,3,1
17,11,1
18,19,0
19,36,0
20,40,0
21,61,3
22,85,2
23,116,4
24,104,3
25,147,5
26,186,6
27,215,3
28,230,11
29,256,19
30,351,17
31,349,17
32,418,22
33,506,26
34,563,38
35,637,38
36,724,49
37,914,57
38,1040,53
39,1218,70
40,1476,82
41,1782,84
42,2106,110
43,2585,134
44,3118,146
45,3658,186
46,4396,224
47,5392,284
48,6533,321
49,7714,358
50,9017,466
51,10961,545
52,13151,656
53,15606,837
54,18891,950
55,22508,1133
56,26921,1378
57,32213,1638
58,38400,1981
59,46154,2268
60,52333,2836
61,52880,2934
62,45663,2876
63,35019,2367
64,23654,1901
65,14540,1462
66,8475,990
67,4469,665
68,2308,370
69,1137,222
70,589,138
71,283,90
72,110,48
73,39,15
74,16,14
75,12,5
76,3,4
77,0,2
78,2,0
79,0,0
80,0,0
81,0,0
82,0,0
83,0,0
84,0,0
85,0,0
86,0,0
87,0,0
88,0,0
89,0,0
90,0,0
91,0,0
92,0,0
93,0,0
94,0,0
95,0,0
96,0,0
97,0,0
98,0,0
99,0,0
100,0,0
101,0,0
102,0,0
103,0,0
104,0,0
105,0,0
106,0,0
107,0,0
108,0,0
109,0,0
110,0,0
111,0,0
112,0,0
113,0,0
114,0,0
115,0,0
116,0,0
117,0,0
118,0,0
119,0,0
120,0,0
121,0,0
122,0,0
123,0,0
124,0,0
125,0,0
126,0,0
127,0,0
128,0,0
129,0,0
130,0,0
131,0,0
132,0,0
133,0,0
134,0,0
135,0,0
136,0,0
137,0,0
138,0,0
