1,1,0
2,0,0
3,1,0
4,6,0
5,12,0
6,12,0
7,16,0
8,20,0
9,24,0
10,18,0
11,25,3
12,39,1
13,35,2
14,44,1
15,67,1
16,63,2
17,74,7
18,90,12
19,115,8
20,151,6
21,165,7
22,195,10
23,214,11
24,271,8
25,339,21
26,426,13
27,465,19
28,542,24
29,670,30
30,730,48
31,881,54
32,1022,57
33,1232,78
34,1501,71
35,1691,94
36,2078,99
37,2518,131
38,3090,148
39,3771,224
40,4442,245
41,5225,283
42,6738,337
43,7879,391
44,9587,469
45,11471,562
46,13473,663
47,16268,783
48,19662,1007
49,23484,1217
50,28277,1421
51,33886,1662
52,41113,2076
53,47873,2448
54,52871,2850
55,50847,2933
56,42422,2780
57,30911,2208
58,20521,1711
59,12359,1345
60,6872,853
61,3625,526
62,1843,318
63,915,203
64,423,120
65,180,69
66,85,34
67,28,18
68,10,6
69,6,6
70,1,2
71,0,1
72,0,0
73,0,0
74,0,0
75,0,0
76,0,0
77,0,0
78,0,0
79,0,0
80,0,0
81,0,0
82,0,0
83,0,0
84,0,0
85,0,0
86,0,0
87,0,0
88,0,0
89,0,0
90,0,0
91,0,0
92,0,0
93,0,0
94,0,0
95,0,0
96,0,0
97,0,0
98,0,0
99,0,0
100,0,0
101,0,0
102,0,0
103,0,0
104,0,0
105,0,0
106,0,0
107,0,0
108,0,0
109,0,0
110,0,0
111,0,0
112,0,0
113,0,0
114,0,0
115,0,0
116,0,0
117,0,0
118,0,0
119,0,0
120,0,0
121,0,0
122,0,0
123,0,0
124,0,0
125,0,0
126,0,0
127,0,0
128,0,0
129,0,0
130,0,0
131,0,0
132,0,0
133,0,0
134,0,0
135,0,0
136,0,0
137,0,0
138,0,0
