1,1,0
2,0,0
3,0,0
4,1,0
5,1,0
6,3,0
7,1,0
8,2,0
9,5,0
10,6,0
11,7,0
12,7,0
13,16,0
14,15,1
15,11,1
16,12,0
17,22,1
18,35,1
19,56,1
20,67,2
21,84,1
22,88,2
23,103,2
24,147,6
25,181,5
26,207,7
27,264,10
28,293,15
29,369,18
30,469,25
31,555,26
32,627,35
33,784,39
34,899,49
35,1066,54
36,1200,65
37,1343,95
38,1674,97
39,1971,91
40,2380,132
41,2702,144
42,3428,170
43,4025,209
44,4850,251
45,5691,322
46,6944,346
47,8364,438
48,9891,538
49,11855,610
50,14174,671
51,16965,885
52,20011,1055
53,23980,1267
54,28906,1500
55,34248,1880
56,41147,2081
57,48686,2485
58,52515,2800
59,49533,2894
60,39925,2636
61,28695,2161
62,18356,1719
63,11023,1116
64,6021,796
65,3221,523
66,1535,277
67,739,181
68,360,103
69,150,56
70,67,36
71,30,14
72,10,8
73,4,3
74,1,4
75,0,3
76,0,0
77,0,0
78,0,0
79,0,0
80,0,0
81,0,0
82,0,0
83,0,0
84,0,0
85,0,0
86,0,0
87,0,0
88,0,0
89,0,0
90,0,0
91,0,0
92,0,0
93,0,0
94,0,0
95,0,0
96,0,0
97,0,0
98,0,0
99,0,0
100,0,0
101,0,0
102,0,0
103,0,0
104,0,0
105,0,0
106,0,0
107,0,0
108,0,0
109,0,0
110,0,0
111,0,0
112,0,0
113,0,0
114,0,0
115,0,0
116,0,0
117,0,0
118,0,0
119,0,0
120,0,0
121,0,0
122,0,0
123,0,0
124,0,0
125,0,0
126,0,0
127,0,0
128,0,0
129,0,0
130,0,0
131,0,0
132,0,0
133,0,0
134,0,0
135,0,0
136,0,0
137,0,0
138,0,0
