1,1,0
2,0,0
3,0,0
4,2,0
5,0,0
6,1,0
7,1,0
8,2,0
9,5,0
10,5,0
11,1,0
12,1,1
13,3,0
14,11,0
15,10,0
16,18,2
17,16,2
18,27,0
19,40,1
20,40,1
21,47,2
22,43,2
23,49,4
24,46,2
25,73,6
26,81,4
27,87,5
28,119,5
29,141,10
30,197,10
31,224,12
32,273,7
33,385,18
34,427,15
35,520,25
36,688,27
37,734,25
38,887,48
39,1083,55
40,1278,61
41,1534,107
42,1733,89
43,2084,125
44,2487,149
45,2988,170
46,3626,202
47,4134,222
48,5136,300
49,6131,300
50,7372,367
51,8671,459
52,10384,544
53,12518,614
54,14779,779
55,17474,990
56,20742,1104
57,25031,1332
58,29356,1523
59,35419,1869
60,41913,2190
61,49065,2568
62,52052,2908
63,47035,2804
64,37782,2522
65,26784,2068
66,16790,1528
67,9808,1046
68,5364,695
69,2753,433
70,1355,252
71,603,142
72,316,87
73,147,55
74,62,20
75,31,12
76,11,4
77,7,5
78,3,2
79,1,1
80,0,1
81,1,0
82,0,0
83,0,0
84,0,0
85,0,0
86,0,0
87,0,0
88,0,0
89,0,0
90,0,0
91,0,0
92,0,0
93,0,0
94,0,0
95,0,0
96,0,0
97,0,0
98,0,0
99,0,0
100,0,0
101,0,0
102,0,0
103,0,0
104,0,0
105,0,0
106,0,0
107,0,0
108,0,0
109,0,0
110,0,0
111,0,0
112,0,0
113,0,0
114,0,0
115,0,0
116,0,0
117,0,0
118,0,0
119,0,0
120,0,0
121,0,0
122,0,0
123,0,0
124,0,0
125,0,0
126,0,0
127,0,0
128,0,0
129,0,0
130,0,0
131,0,0
132,0,0
133,0,0
134,0,0
135,0,0
136,0,0
137,0,0
138,0,0
