1,1,0
2,0,0
3,0,0
4,0,0
5,0,0
6,0,0
7,0,0
8,1,0
9,0,0
10,0,0
11,1,0
12,1,0
13,2,0
14,2,0
15,3,1
16,1,0
17,7,0
18,2,0
19,8,0
20,11,0
21,21,1
22,10,1
23,9,1
24,21,0
25,18,4
26,11,1
27,16,0
28,14,5
29,14,2
30,31,4
31,29,1
32,47,0
33,53,7
34,58,4
35,72,5
36,76,3
37,110,7
38,113,7
39,155,7
40,190,15
41,265,10
42,352,15
43,409,23
44,490,16
45,639,31
46,734,39
47,879,45
48,999,49
49,1274,59
50,1546,84
51,1941,93
52,2131,108
53,2527,156
54,3073,166
55,3731,185
56,4437,268
57,5401,269
58,6595,311
59,7758,405
60,9132,462
61,10813,577
62,13129,703
63,15404,782
64,18166,991
65,22070,1146
66,26192,1321
67,31193,1642
68,37749,1968
69,44929,2356
70,50812,2651
71,51574,2864
72,44866,2798
73,34274,2351
74,22998,1918
75,14246,1362
76,8214,957
77,4262,628
78,2284,401
79,1068,250
80,501,143
81,219,79
82,100,40
83,41,14
84,14,5
85,9,3
86,1,2
87,5,1
88,1,2
89,0,0
90,0,0
91,0,0
92,0,0
93,0,0
94,0,0
95,0,0
96,0,0
97,0,0
98,0,0
99,0,0
100,0,0
101,0,0
102,0,0
103,0,0
104,0,0
105,0,0
106,0,0
107,0,0
108,0,0
109,0,0
110,0,0
111,0,0
112,0,0
113,0,0
114,0,0
115,0,0
116,0,0
117,0,0
118,0,0
119,0,0
120,0,0
121,0,0
122,0,0
123,0,0
124,0,0
125,0,0
126,0,0
127,0,0
128,0,0
129,0,0
130,0,0
131,0,0
132,0,0
133,0,0
134,0,0
135,0,0
136,0,0
137,0,0
138,0,0
