1,1,0
2,0,0
3,0,0
4,1,0
5,2,0
6,1,0
7,1,0
8,5,0
9,9,0
10,12,0
11,9,1
12,18,0
13,13,1
14,21,1
15,18,2
16,31,1
17,27,1
18,34,2
19,40,4
20,45,1
21,37,5
22,72,4
23,87,6
24,130,4
25,149,5
26,195,11
27,240,8
28,241,13
29,343,13
30,404,26
31,483,24
32,593,16
33,651,38
34,781,44
35,994,62
36,1152,57
37,1388,87
38,1594,88
39,1912,108
40,2317,121
41,2749,141
42,3327,186
43,3979,225
44,4666,262
45,5684,291
46,6904,324
47,8265,402
48,9974,498
49,11723,597
50,13816,657
51,16641,896
52,19722,1035
53,23534,1216
54,28572,1514
55,33498,1822
56,40476,2029
57,48353,2491
58,52988,2730
59,51380,2941
60,43156,2780
61,31648,2236
62,20577,1717
63,12583,1236
64,6873,857
65,3813,514
66,1834,327
67,946,210
68,383,116
69,185,79
70,93,38
71,29,19
72,14,8
73,5,8
74,2,2
75,3,1
76,0,1
77,0,0
78,0,0
79,0,0
80,0,0
81,0,0
82,0,0
83,0,0
84,0,0
85,0,0
86,0,0
87,0,0
88,0,0
89,0,0
90,0,0
91,0,0
92,0,0
93,0,0
94,0,0
95,0,0
96,0,0
97,0,0
98,0,0
99,0,0
100,0,0
101,0,0
102,0,0
103,0,0
104,0,0
105,0,0
106,0,0
107,0,0
108,0,0
109,0,0
110,0,0
111,0,0
112,0,0
113,0,0
114,0,0
115,0,0
116,0,0
117,0,0
118,0,0
119,0,0
120,0,0
121,0,0
122,0,0
123,0,0
124,0,0
125,0,0
126,0,0
127,0,0
128,0,0
129,0,0
130,0,0
131,0,0
132,0,0
133,0,0
134,0,0
135,0,0
136,0,0
137,0,0
138,0,0
