1,1,0
2,0,0
3,0,0
4,1,0
5,1,0
6,0,0
7,0,0
8,1,1
9,0,0
10,0,0
11,2,0
12,0,0
13,0,0
14,0,0
15,1,1
16,1,0
17,1,0
18,2,0
19,1,1
20,8,0
21,3,0
22,7,0
23,14,1
24,7,0
25,8,0
26,14,1
27,11,0
28,8,1
29,14,0
30,13,1
31,13,1
32,13,1
33,10,0
34,9,1
35,15,3
36,18,0
37,28,0
38,28,1
39,26,0
40,51,1
41,66,1
42,67,4
43,87,4
44,118,1
45,160,10
46,179,14
47,234,13
48,280,13
49,326,16
50,366,25
51,403,23
52,521,26
53,644,32
54,773,42
55,947,43
56,1080,36
57,1314,67
58,1559,72
59,1786,113
60,2245,101
61,2659,154
62,3157,160
63,3849,203
64,4334,234
65,5369,255
66,6249,321
67,7511,378
68,9057,467
69,10627,557
70,12568,661
71,15053,828
72,17978,933
73,21536,1158
74,25793,1342
75,30403,1635
76,36912,1955
77,44304,2321
78,50840,2631
79,52034,2890
80,46296,2745
81,35830,2479
82,24600,1977
83,15310,1418
84,8940,997
85,4824,606
86,2515,437
87,1263,243
88,596,153
89,249,78
90,118,31
91,44,20
92,25,11
93,6,4
94,4,3
95,1,3
96,2,1
97,1,2
98,0,0
99,0,0
100,0,0
101,0,0
102,0,0
103,0,0
104,0,0
105,0,0
106,0,0
107,0,0
108,0,0
109,0,0
110,0,0
111,0,0
112,0,0
113,0,0
114,0,0
115,0,0
116,0,0
117,0,0
118,0,0
119,0,0
120,0,0
121,0,0
122,0,0
123,0,0
124,0,0
125,0,0
126,0,0
127,0,0
128,0,0
129,0,0
130,0,0
131,0,0
132,0,0
133,0,0
134,0,0
135,0,0
136,0,0
137,0,0
138,0,0
