1,1,0
2,0,0
3,0,0
4,0,0
5,0,0
6,2,0
7,1,0
8,0,0
9,2,0
10,0,1
11,0,0
12,3,0
13,8,0
14,7,0
15,8,1
16,9,0
17,10,0
18,6,1
19,6,1
20,13,0
21,11,1
22,17,4
23,16,1
24,25,1
25,32,0
26,44,0
27,45,2
28,51,1
29,52,4
30,53,3
31,62,6
32,94,5
33,99,4
34,117,13
35,134,7
36,158,5
37,205,14
38,250,15
39,265,17
40,339,18
41,376,16
42,502,24
43,599,27
44,658,32
45,802,44
46,915,53
47,1141,58
48,1315,70
49,1566,83
50,1883,98
51,2389,125
52,2776,145
53,3359,158
54,4009,220
55,4722,234
56,5676,268
57,6669,342
58,8114,423
59,9703,520
60,11726,647
61,13918,678
62,16683,827
63,20422,983
64,24240,1233
65,29090,1501
66,34202,1825
67,41179,2125
68,48272,2542
69,52911,2893
70,50055,2918
71,41120,2731
72,30118,2250
73,19602,1692
74,11742,1258
75,6457,814
76,3377,521
77,1759,280
78,873,200
79,419,115
80,172,58
81,89,35
82,44,16
83,15,6
84,6,3
85,1,0
86,0,3
87,2,1
88,0,0
89,0,0
90,0,0
91,0,0
92,0,0
93,0,0
94,0,0
95,0,0
96,0,0
97,0,0
98,0,0
99,0,0
100,0,0
101,0,0
102,0,0
103,0,0
104,0,0
105,0,0
106,0,0
107,0,0
108,0,0
109,0,0
110,0,0
111,0,0
112,0,0
113,0,0
114,0,0
115,0,0
116,0,0
117,0,0
118,0,0
119,0,0
120,0,0
121,0,0
122,0,0
123,0,0
124,0,0
125,0,0
126,0,0
127,0,0
128,0,0
129,0,0
130,0,0
131,0,0
132,0,0
133,0,0
134,0,0
135,0,0
136,0,0
137,0,0
138,0,0
