1,1,0
2,0,0
3,0,0
4,1,0
5,4,0
6,1,0
7,1,0
8,3,0
9,0,1
10,8,0
11,3,0
12,4,0
13,1,0
14,3,0
15,3,0
16,2,0
17,0,0
18,2,0
19,4,0
20,4,0
21,2,0
22,2,0
23,3,0
24,2,0
25,2,2
26,2,0
27,3,0
28,2,1
29,2,1
30,3,0
31,2,0
32,3,1
33,0,0
34,2,0
35,3,0
36,3,0
37,1,0
38,1,0
39,1,0
40,1,1
41,3,0
42,2,0
43,4,1
44,2,1
45,5,1
46,8,0
47,9,0
48,12,0
49,29,0
50,38,1
51,34,0
52,41,1
53,34,1
54,60,3
55,73,4
56,101,1
57,88,5
58,133,5
59,139,6
60,152,14
61,175,10
62,250,19
63,288,20
64,346,17
65,416,18
66,536,24
67,634,37
68,701,35
69,853,48
70,987,47
71,1161,57
72,1445,69
73,1694,104
74,2022,94
75,2376,138
76,2861,161
77,3455,174
78,3993,213
79,4800,249
80,5833,289
81,7017,367
82,8391,403
83,9999,515
84,11994,585
85,14151,746
86,16702,852
87,20055,1076
88,23904,1224
89,28670,1527
90,34097,1803
91,40915,2163
92,48127,2466
93,52430,2872
94,50776,2869
95,41815,2728
96,30314,2186
97,19909,1684
98,11862,1234
99,6649,821
100,3621,523
101,1807,320
102,900,176
103,373,99
104,168,59
105,93,40
106,32,15
107,15,9
108,12,4
109,6,4
110,2,0
111,0,0
112,0,1
113,0,0
114,0,0
115,0,0
116,0,0
117,0,0
118,0,0
119,0,0
120,0,0
121,0,0
122,0,0
123,0,0
124,0,0
125,0,0
126,0,0
127,0,0
128,0,0
129,0,0
130,0,0
131,0,0
132,0,0
133,0,0
134,0,0
135,0,0
136,0,0
137,0,0
138,0,0
