1,1,0
2,0,0
3,0,0
4,2,0
5,1,0
6,2,0
7,4,0
8,4,0
9,8,0
10,6,0
11,14,0
12,14,0
13,19,0
14,23,1
15,28,1
16,30,3
17,37,4
18,60,1
19,51,4
20,84,2
21,95,4
22,90,6
23,126,8
24,156,12
25,179,10
26,248,21
27,326,14
28,383,18
29,467,19
30,593,28
31,695,34
32,801,36
33,950,59
34,1165,48
35,1356,85
36,1608,87
37,1937,86
38,2442,117
39,2807,146
40,3359,178
41,3946,194
42,4856,249
43,5855,287
44,7086,359
45,8211,395
46,9971,524
47,11704,590
48,13850,693
49,16818,951
50,20312,1068
51,24316,1185
52,28889,1557
53,34413,1738
54,41411,2156
55,47862,2535
56,52014,2771
57,49366,2855
58,40110,2669
59,28486,2211
60,18275,1761
61,11130,1160
62,6103,772
63,3213,476
64,1599,334
65,736,175
66,347,113
67,159,56
68,74,27
69,23,17
70,11,8
71,4,5
72,1,1
73,1,0
74,0,0
75,0,0
76,0,0
77,0,0
78,0,1
79,0,0
80,0,0
81,0,0
82,0,0
83,0,0
84,0,0
85,0,0
86,0,0
87,0,0
88,0,0
89,0,0
90,0,0
91,0,0
92,0,0
93,0,0
94,0,0
95,0,0
96,0,0
97,0,0
98,0,0
99,0,0
100,0,0
101,0,0
102,0,0
103,0,0
104,0,0
105,0,0
106,0,0
107,0,0
108,0,0
109,0,0
110,0,0
111,0,0
112,0,0
113,0,0
114,0,0
115,0,0
116,0,0
117,0,0
118,0,0
119,0,0
120,0,0
121,0,0
122,0,0
123,0,0
124,0,0
125,0,0
126,0,0
127,0,0
128,0,0
129,0,0
130,0,0
131,0,0
132,0,0
133,0,0
134,0,0
135,0,0
136,0,0
137,0,0
138,0,0
