1,1,0
2,0,0
3,0,0
4,0,0
5,1,0
6,0,0
7,0,0
8,3,0
9,0,1
10,2,0
11,1,0
12,5,0
13,2,1
14,5,1
15,11,0
16,4,0
17,11,0
18,10,0
19,9,1
20,16,2
21,23,1
22,26,4
23,45,3
24,35,4
25,52,1
26,63,1
27,77,1
28,104,5
29,106,1
30,108,2
31,137,8
32,169,6
33,178,8
34,180,14
35,225,16
36,257,17
37,283,21
38,363,23
39,415,32
40,508,36
41,627,40
42,733,35
43,894,36
44,1053,54
45,1248,58
46,1380,85
47,1750,95
48,2035,118
49,2538,139
50,2936,141
51,3456,189
52,4219,207
53,4986,272
54,6095,326
55,7328,343
56,8691,416
57,10295,506
58,12384,624
59,14560,792
60,17402,960
61,20912,1157
62,24843,1299
63,29623,1587
64,35253,1847
65,42355,2203
66,49347,2601
67,51742,2864
68,47052,2828
69,37431,2500
70,25881,2012
71,16450,1525
72,9595,1100
73,5205,734
74,2741,434
75,1302,272
76,640,152
77,287,75
78,140,41
79,73,22
80,22,13
81,7,6
82,5,1
83,0,1
84,0,1
85,1,0
86,0,0
87,0,0
88,0,0
89,0,0
90,0,0
91,0,0
92,0,0
93,0,0
94,0,0
95,0,0
96,0,0
97,0,0
98,0,0
99,0,0
100,0,0
101,0,0
102,0,0
103,0,0
104,0,0
105,0,0
106,0,0
107,0,0
108,0,0
109,0,0
110,0,0
111,0,0
112,0,0
113,0,0
114,0,0
115,0,0
116,0,0
117,0,0
118,0,0
119,0,0
120,0,0
121,0,0
122,0,0
123,0,0
124,0,0
125,0,0
126,0,0
127,0,0
128,0,0
129,0,0
130,0,0
131,0,0
132,0,0
133,0,0
134,0,0
135,0,0
136,0,0
137,0,0
138,0,0
