1,1,0
2,0,0
3,1,0
4,3,0
5,10,0
6,8,0
7,9,0
8,15,1
9,10,0
10,16,0
11,11,0
12,23,1
13,23,3
14,22,1
15,30,0
16,38,0
17,57,5
18,58,1
19,77,4
20,79,3
21,95,8
22,122,3
23,143,12
24,168,11
25,195,8
26,241,12
27,255,13
28,258,18
29,323,20
30,345,25
31,422,24
32,468,32
33,531,39
34,677,45
35,839,58
36,1063,50
37,1214,60
38,1436,85
39,1664,78
40,2072,118
41,2486,121
42,2820,161
43,3556,183
44,4163,231
45,4946,291
46,6169,292
47,7310,371
48,8739,470
49,10747,534
50,12972,674
51,15213,759
52,18439,952
53,22224,1067
54,26314,1335
55,31769,1571
56,37779,2025
57,45326,2225
58,51866,2736
59,52991,2928
60,47439,2894
61,36291,2529
62,24978,2041
63,15445,1431
64,9124,1056
65,4886,658
66,2392,412
67,1239,241
68,572,134
69,276,82
70,113,40
71,43,18
72,20,15
73,11,10
74,1,3
75,0,0
76,1,0
77,0,0
78,0,0
79,0,0
80,0,0
81,0,0
82,0,0
83,0,0
84,0,0
85,0,0
86,0,0
87,0,0
88,0,0
89,0,0
90,0,0
91,0,0
92,0,0
93,0,0
94,0,0
95,0,0
96,0,0
97,0,0
98,0,0
99,0,0
100,0,0
101,0,0
102,0,0
103,0,0
104,0,0
105,0,0
106,0,0
107,0,0
108,0,0
109,0,0
110,0,0
111,0,0
112,0,0
113,0,0
114,0,0
115,0,0
116,0,0
117,0,0
118,0,0
119,0,0
120,0,0
121,0,0
122,0,0
123,0,0
124,0,0
125,0,0
126,0,0
127,0,0
128,0,0
129,0,0
130,0,0
131,0,0
132,0,0
133,0,0
134,0,0
135,0,0
136,0,0
137,0,0
138,0,0
