1,1,0
2,0,0
3,0,0
4,1,0
5,3,0
6,4,0
7,2,0
8,2,0
9,3,0
10,4,0
11,4,0
12,7,1
13,6,1
14,9,0
15,6,1
16,12,0
17,16,0
18,14,0
19,13,2
20,12,2
21,15,0
22,19,2
23,17,5
24,15,2
25,16,2
26,22,2
27,29,3
28,25,3
29,44,3
30,51,3
31,65,5
32,56,1
33,82,6
34,97,2
35,138,5
36,154,7
37,205,6
38,284,13
39,302,18
40,378,14
41,429,19
42,531,28
43,601,30
44,708,42
45,906,45
46,1082,46
47,1295,79
48,1397,67
49,1771,95
50,2072,121
51,2612,133
52,3173,149
53,3746,176
54,4474,240
55,5249,282
56,6518,330
57,7678,383
58,9224,501
59,11052,546
60,13160,706
61,15449,869
62,18284,989
63,21408,1125
64,26314,1341
65,30911,1661
66,36866,1936
67,43914,2285
68,50499,2669
69,51142,2973
70,44613,2817
71,34252,2421
72,23423,1932
73,14206,1365
74,8227,941
75,4381,618
76,2285,375
77,1092,221
78,500,124
79,226,76
80,94,49
81,47,27
82,17,12
83,10,2
84,1,2
85,0,1
86,0,1
87,1,1
88,0,0
89,0,0
90,0,1
91,0,0
92,0,0
93,0,0
94,0,0
95,0,0
96,0,0
97,0,0
98,0,0
99,0,0
100,0,0
101,0,0
102,0,0
103,0,0
104,0,0
105,0,0
106,0,0
107,0,0
108,0,0
109,0,0
110,0,0
111,0,0
112,0,0
113,0,0
114,0,0
115,0,0
116,0,0
117,0,0
118,0,0
119,0,0
120,0,0
121,0,0
122,0,0
123,0,0
124,0,0
125,0,0
126,0,0
127,0,0
128,0,0
129,0,0
130,0,0
131,0,0
132,0,0
133,0,0
134,0,0
135,0,0
136,0,0
137,0,0
138,0,0
