1,1,0
2,0,0
3,0,0
4,1,0
5,0,0
6,0,0
7,0,0
8,0,0
9,1,0
10,1,0
11,0,0
12,1,0
13,4,0
14,1,0
15,2,0
16,2,0
17,2,0
18,2,0
19,1,0
20,6,0
21,3,0
22,8,0
23,10,0
24,12,0
25,29,0
26,41,3
27,33,2
28,45,2
29,47,3
30,37,2
31,54,5
32,58,6
33,106,5
34,89,5
35,113,2
36,135,6
37,176,11
38,206,4
39,211,17
40,273,14
41,332,13
42,417,23
43,519,27
44,575,24
45,762,32
46,883,37
47,1092,45
48,1300,53
49,1495,74
50,1843,90
51,2278,125
52,2691,136
53,3061,167
54,3762,187
55,4471,249
56,5467,286
57,6422,356
58,7905,374
59,9030,496
60,11003,580
61,13089,667
62,15527,802
63,18340,998
64,22158,1135
65,26121,1348
