1,1,0
2,0,0
3,0,0
4,0,0
5,0,0
6,0,0
7,0,0
8,0,0
9,0,0
10,0,0
11,0,0
12,1,0
13,0,0
14,0,0
15,1,0
16,1,0
17,0,0
18,0,0
19,4,0
20,2,0
21,1,0
22,1,0
23,0,0
24,0,0
25,0,0
26,0,0
27,1,0
28,1,0
29,1,0
30,3,1
31,5,0
32,4,0
33,4,0
34,10,1
35,4,0
36,9,0
37,17,1
38,19,0
39,21,1
40,15,1
41,16,1
42,24,1
43,35,2
44,19,4
45,27,5
46,40,5
47,33,5
48,59,1
49,79,2
50,93,4
51,92,6
52,137,6
53,154,5
54,180,8
55,210,15
56,295,20
57,286,17
58,343,26
59,345,17
60,424,29
61,493,23
62,597,34
63,711,51
64,887,47
65,994,46
