1,1,0
2,0,0
3,0,0
4,4,0
5,6,0
6,6,0
7,4,0
8,7,0
9,6,1
10,16,1
11,8,0
12,14,1
13,24,0
14,27,0
15,27,1
16,20,0
17,37,0
18,50,2
19,64,1
20,64,5
21,80,3
22,92,7
23,101,6
24,112,6
25,172,9
26,197,3
27,236,9
28,286,12
29,345,19
30,399,20
31,447,33
32,605,29
33,648,40
34,777,44
35,846,55
36,1154,59
37,1303,67
38,1677,78
39,1940,95
40,2229,111
41,2483,147
42,3033,164
43,3787,181
44,4501,232
45,5471,261
46,6317,343
47,7715,364
48,9075,494
49,11240,580
50,13164,691
51,16030,803
52,18902,965
53,22854,1258
54,27345,1389
55,32592,1687
56,38557,2000
57,45950,2442
58,51932,2752
59,52661,2992
60,46156,2843
61,35310,2507
62,23873,1954
63,14894,1489
64,8460,964
65,4684,638
