1,1,0
2,0,0
3,1,0
4,1,0
5,9,0
6,2,0
7,5,0
8,8,0
9,12,0
10,12,2
11,22,1
12,30,0
13,42,0
14,41,1
15,42,1
16,40,1
17,36,2
18,40,4
19,51,2
20,63,3
21,71,5
22,87,5
23,98,4
24,120,6
25,147,5
26,144,10
27,207,12
28,227,8
29,287,18
30,341,17
31,360,12
32,442,19
33,503,30
34,625,36
35,747,29
36,925,44
37,1093,54
38,1282,55
39,1566,92
40,1882,89
41,2265,118
42,2738,135
43,3201,166
44,3844,196
45,4596,258
46,5602,300
47,6607,314
48,7965,401
49,9577,480
50,11578,570
51,13901,708
52,16479,844
53,19652,976
54,23430,1158
55,28249,1516
56,33530,1704
57,40505,2065
58,48587,2555
59,54692,2927
60,54988,3119
61,47797,2852
62,36615,2560
63,24783,2046
64,15108,1523
65,8945,1004
