1,1,0
2,0,0
3,0,0
4,0,0
5,1,0
6,1,0
7,3,0
8,5,0
9,0,0
10,1,0
11,3,0
12,5,0
13,3,1
14,1,1
15,4,0
16,5,0
17,5,2
18,8,2
19,5,1
20,7,1
21,8,1
22,6,0
23,8,1
24,12,1
25,17,0
26,22,0
27,27,1
28,28,2
29,42,2
30,66,1
31,51,3
32,67,6
33,96,5
34,89,7
35,142,6
36,147,1
37,168,8
38,245,17
39,246,12
40,301,18
41,400,14
42,432,29
43,535,30
44,678,24
45,784,35
46,926,64
47,1124,45
48,1390,65
49,1679,85
50,2057,103
51,2378,121
52,2834,149
53,3341,174
54,3993,192
55,4818,232
56,5728,285
57,6803,373
58,8342,425
59,9668,495
60,11578,594
61,13980,707
62,16270,886
63,19741,1069
64,23612,1260
65,28000,1466
