1,1,0
2,0,0
3,0,0
4,0,0
5,3,0
6,3,0
7,3,0
8,3,0
9,2,0
10,3,0
11,3,0
12,4,0
13,13,0
14,16,0
15,13,0
16,22,1
17,28,1
18,42,2
19,55,0
20,67,2
21,76,7
22,100,4
23,120,4
24,162,8
25,208,5
26,291,8
27,360,12
28,363,16
29,490,22
30,634,19
31,754,23
32,923,46
33,1034,38
34,1233,48
35,1480,77
36,1731,104
37,2109,111
38,2437,136
39,2895,175
40,3573,201
41,4224,212
42,4993,255
43,5878,324
44,6983,388
45,8470,445
46,10293,529
47,12192,578
48,14596,748
49,17532,892
50,20977,1100
51,25140,1246
52,30221,1535
53,35752,1810
54,42906,2189
55,49398,2574
56,53153,2815
57,49629,2898
58,39329,2657
59,27805,2166
60,17800,1619
61,10600,1127
62,5729,740
63,3097,462
64,1586,283
65,710,168
