1,1,0
2,0,0
3,1,0
4,0,0
5,4,0
6,8,0
7,3,0
8,6,0
9,4,0
10,4,1
11,4,2
12,8,1
13,10,0
14,21,1
15,31,0
16,46,0
17,41,2
18,40,5
19,52,1
20,64,1
21,65,2
22,78,6
23,111,8
24,113,5
25,130,8
26,174,7
27,195,9
28,212,12
29,264,10
30,318,17
31,366,24
32,431,25
33,551,32
34,595,31
35,741,49
36,896,41
37,1068,51
38,1331,56
39,1584,71
40,1891,105
41,2321,98
42,2634,151
43,3181,168
44,3837,196
45,4487,259
46,5422,254
47,6460,347
48,7622,376
49,9402,469
50,10931,578
51,13121,670
52,15570,841
53,18873,967
54,22325,1205
55,26788,1340
56,31841,1633
57,38454,1951
58,45503,2357
59,52971,2785
60,55445,3087
61,50765,3061
62,40489,2717
63,28167,2216
64,17542,1597
65,10661,1129
