1,1,0
2,0,0
3,0,0
4,0,0
5,0,0
6,0,0
7,0,0
8,0,1
9,1,0
10,0,0
11,0,0
12,1,0
13,0,0
14,1,0
15,1,1
16,0,0
17,0,0
18,2,0
19,2,0
20,1,0
21,3,0
22,7,0
23,8,0
24,4,0
25,7,0
26,7,0
27,9,0
28,7,0
29,14,3
30,23,1
31,45,0
32,44,0
33,54,1
34,42,0
35,68,3
36,95,5
37,102,7
38,109,5
39,134,9
40,207,4
41,232,6
42,298,8
43,367,13
44,426,18
45,536,21
46,606,22
47,756,34
48,902,42
49,1085,59
50,1354,81
51,1579,81
52,1927,100
53,2378,128
54,2897,112
55,3472,161
56,4123,205
57,4637,251
58,5603,292
59,6724,333
60,7992,440
61,9297,472
62,11250,608
63,13523,752
64,16042,831
65,19302,1086
