1,1,0
2,0,0
3,1,0
4,3,0
5,9,0
6,10,0
7,8,0
8,4,0
9,13,0
10,15,2
11,27,1
12,14,1
13,19,1
14,22,1
15,26,2
16,33,1
17,45,2
18,33,2
19,48,2
20,68,1
21,118,5
22,111,8
23,130,11
24,164,8
25,203,13
26,233,14
27,244,15
28,313,17
29,384,26
30,464,16
31,575,30
32,681,33
33,866,37
34,977,44
35,1220,66
36,1408,80
37,1735,92
38,2081,121
39,2561,135
40,2965,157
41,3629,178
42,4422,254
43,5368,254
44,6331,327
45,7510,395
46,9144,464
47,10849,532
48,13066,698
49,15388,792
50,18307,990
51,22194,1148
52,26387,1425
53,31328,1630
54,37253,1940
55,44313,2267
56,50633,2722
57,52762,2981
58,46679,2793
59,35867,2539
60,24873,1906
61,15471,1425
62,8927,1035
63,4854,647
64,2414,423
65,1284,234
