1,1,0
2,0,0
3,0,0
4,1,0
5,0,0
6,6,0
7,4,0
8,4,0
9,2,0
10,9,0
11,9,0
12,14,0
13,16,0
14,18,0
15,21,1
16,37,4
17,50,2
18,52,1
19,38,4
20,62,3
21,82,3
22,90,2
23,110,7
24,120,11
25,143,12
26,142,9
27,211,20
28,291,9
29,310,19
30,393,18
31,447,24
32,619,25
33,726,45
34,809,40
35,1068,34
36,1239,57
37,1482,63
38,1804,95
39,2106,118
40,2486,124
41,2973,166
42,3492,184
43,4165,221
44,5039,275
45,5927,320
46,7214,407
47,8459,435
48,10434,536
49,12205,627
50,14677,774
51,17380,927
52,20744,1116
53,24714,1290
54,29716,1517
55,35993,1846
56,42197,2154
57,49540,2615
58,53979,2964
59,50665,2917
60,41828,2705
61,29895,2244
62,19663,1645
63,11563,1212
64,6463,784
65,3429,565
