1,1,0
2,0,0
3,0,0
4,0,0
5,0,0
6,4,0
7,1,0
8,8,0
9,3,1
10,2,1
11,5,1
12,6,0
13,3,1
14,10,2
15,11,0
16,10,0
17,18,0
18,19,1
19,21,2
20,18,2
21,38,3
22,47,0
23,45,1
24,67,2
25,89,2
26,105,3
27,105,6
28,155,12
29,203,5
30,295,12
31,349,14
32,421,15
33,475,23
34,563,28
35,725,49
36,891,41
37,1035,53
38,1187,59
39,1343,71
40,1749,84
41,1973,105
42,2390,105
43,2974,165
44,3481,171
45,4218,211
46,5106,263
47,5960,285
48,7048,359
49,8443,408
50,9980,536
51,12150,602
52,14311,724
53,17124,908
54,20550,1059
55,24786,1242
56,30109,1568
57,36306,1867
58,43040,2192
59,50021,2564
60,52772,2883
61,49258,2891
62,39360,2664
63,27896,2230
64,18040,1623
65,10583,1189
66,5919,771
67,3014,479
68,1543,300
69,738,184
70,310,83
71,132,46
72,60,27
73,22,13
74,16,3
75,10,0
76,1,2
77,0,0
78,0,1
79,0,1
80,0,0
81,0,0
82,0,0
83,0,0
84,0,0
85,0,0
86,0,0
87,0,0
88,0,0
89,0,0
90,0,0
91,0,0
92,0,0
93,0,0
94,0,0
95,0,0
96,0,0
97,0,0
98,0,0
99,0,0
100,0,0
101,0,0
102,0,0
103,0,0
104,0,0
105,0,0
106,0,0
107,0,0
108,0,0
109,0,0
110,0,0
111,0,0
112,0,0
113,0,0
114,0,0
115,0,0
