1,1,0
2,0,0
3,0,0
4,0,0
5,1,0
6,3,0
7,3,0
8,1,0
9,2,0
10,0,0
11,0,0
12,1,0
13,0,0
14,0,0
15,1,0
16,0,0
17,0,0
18,1,0
19,0,0
20,2,0
21,2,0
22,0,0
23,4,0
24,6,0
25,7,0
26,4,0
27,7,1
28,7,0
29,18,1
30,14,1
31,11,4
32,20,1
33,38,2
34,52,1
35,65,3
36,80,0
37,108,5
38,138,1
39,213,8
40,258,3
41,282,16
42,354,13
43,373,19
44,489,18
45,563,23
46,688,44
47,775,43
48,936,55
49,1143,59
50,1372,75
51,1534,79
52,1915,113
53,2312,104
54,2733,134
55,3406,165
56,3868,188
57,4490,254
58,5422,282
59,6567,343
60,7837,422
61,9270,500
62,11087,575
63,13315,690
64,15869,832
65,19235,1010
66,22226,1147
67,26997,1408
68,32560,1644
69,38879,2075
70,45914,2464
71,51932,2734
72,50620,2883
73,43273,2721
74,31975,2350
75,21602,1844
76,13265,1281
77,7422,912
78,3887,562
79,1961,366
80,971,211
81,442,128
82,210,59
83,88,30
84,34,23
85,16,9
86,7,5
87,6,4
88,0,1
89,0,0
90,0,0
91,0,1
92,0,0
93,0,0
94,0,0
95,0,0
96,0,0
97,0,0
98,0,0
99,0,0
100,0,0
101,0,0
102,0,0
103,0,0
104,0,0
105,0,0
106,0,0
107,0,0
108,0,0
109,0,0
110,0,0
111,0,0
112,0,0
113,0,0
114,0,0
115,0,0
