1,1,0
2,0,0
3,0,0
4,3,0
5,5,0
6,11,0
7,8,0
8,5,0
9,8,0
10,11,1
11,11,1
12,17,1
13,24,0
14,24,1
15,37,1
16,38,1
17,46,4
18,64,4
19,66,1
20,96,1
21,113,1
22,139,7
23,179,9
24,198,10
25,249,9
26,276,15
27,350,20
28,369,17
29,450,23
30,518,25
31,616,29
32,728,55
33,870,50
34,980,55
35,1163,61
36,1462,71
37,1641,93
38,2065,111
39,2459,128
40,2915,151
41,3616,172
42,4421,193
43,5251,249
44,6220,297
45,7591,377
46,9136,450
47,11070,537
48,12959,649
49,15693,795
50,18474,970
51,22146,1186
52,26121,1428
53,31191,1632
54,37249,1916
55,44743,2368
56,51642,2727
57,52813,2974
58,46615,2778
59,36087,2459
60,24954,1936
61,15642,1439
62,8835,1003
63,4881,647
64,2431,407
65,1169,240
66,562,145
67,262,87
68,121,44
69,48,19
70,19,11
71,15,5
72,4,2
73,1,4
74,0,2
75,0,0
76,0,0
77,0,0
78,0,0
79,0,0
80,0,0
81,0,0
82,0,0
83,0,0
84,0,0
85,0,0
86,0,0
87,0,0
88,0,0
89,0,0
90,0,0
91,0,0
92,0,0
93,0,0
94,0,0
95,0,0
96,0,0
97,0,0
98,0,0
99,0,0
100,0,0
101,0,0
102,0,0
103,0,0
104,0,0
105,0,0
106,0,0
107,0,0
108,0,0
109,0,0
110,0,0
111,0,0
112,0,0
113,0,0
114,0,0
115,0,0
