1,1,0
2,0,0
3,0,0
4,0,0
5,4,0
6,4,1
7,8,0
8,13,0
9,17,0
10,40,3
11,31,1
12,35,0
13,54,3
14,75,3
15,84,2
16,84,8
17,77,7
18,110,8
19,115,3
20,134,4
21,145,9
22,241,9
23,269,15
24,259,10
25,335,23
26,428,18
27,556,22
28,628,31
29,733,40
30,924,45
31,938,58
32,1233,68
33,1530,72
34,1861,89
35,2092,122
36,2580,115
37,3071,161
38,3766,215
39,4470,218
40,5271,275
41,6047,340
42,7296,368
43,8761,466
44,10486,557
45,12460,737
46,14705,719
47,18069,951
48,21194,1113
49,25097,1359
50,30196,1660
51,36560,1873
52,43491,2154
53,50574,2570
54,52515,2928
55,47170,2842
56,37033,2360
57,26031,1958
58,16137,1483
59,9457,1045
60,5190,638
61,2699,425
62,1288,241
63,599,148
64,279,84
65,133,50
66,57,26
67,26,12
68,10,10
69,2,4
70,1,2
71,0,0
72,1,2
73,0,0
74,0,0
75,0,0
76,0,0
77,0,0
78,0,0
79,0,0
80,0,0
81,0,0
82,0,0
83,0,0
84,0,0
85,0,0
86,0,0
87,0,0
88,0,0
89,0,0
90,0,0
91,0,0
92,0,0
93,0,0
94,0,0
95,0,0
96,0,0
97,0,0
98,0,0
99,0,0
100,0,0
101,0,0
102,0,0
103,0,0
104,0,0
105,0,0
106,0,0
107,0,0
108,0,0
109,0,0
110,0,0
111,0,0
112,0,0
113,0,0
114,0,0
115,0,0
