1,1,0
2,0,0
3,0,0
4,0,0
5,0,0
6,1,0
7,0,0
8,0,0
9,0,0
10,0,0
11,0,0
12,1,0
13,0,0
14,0,0
15,1,0
16,1,0
17,0,0
18,2,0
19,4,0
20,1,0
21,0,0
22,0,1
23,1,0
24,0,0
25,0,0
26,1,1
27,0,0
28,0,1
29,2,0
30,1,0
31,1,0
32,2,0
33,6,0
34,4,0
35,4,0
36,5,0
37,4,0
38,2,0
39,1,1
40,3,0
41,4,1
42,6,1
43,5,0
44,9,0
45,15,1
46,17,0
47,17,1
48,28,0
49,31,2
50,35,1
51,60,4
52,66,5
53,73,6
54,103,1
55,122,7
56,125,3
57,130,5
58,157,7
59,225,20
60,260,12
61,353,14
62,448,14
63,591,21
64,675,24
65,880,32
66,1018,39
67,1249,58
68,1497,67
69,1757,93
70,2156,104
71,2532,142
72,3090,169
73,3672,177
74,4654,213
75,5407,275
76,6515,307
77,7583,393
78,9195,481
79,10922,572
80,13345,687
81,15610,808
82,18612,964
83,22749,1132
84,26747,1350
85,31871,1640
86,38116,1913
87,45889,2349
88,51499,2757
89,51844,2935
90,45403,2868
91,34574,2480
92,23671,2022
93,14511,1428
94,8276,977
95,4423,664
96,2261,369
97,1113,219
98,530,143
99,216,90
100,119,39
101,42,23
102,29,20
103,9,6
104,0,0
105,1,2
106,0,0
107,0,1
108,0,0
109,1,0
110,0,0
111,0,0
112,0,0
113,0,0
114,0,0
115,0,0
