1,1,0
2,0,0
3,0,0
4,1,0
5,3,0
6,5,0
7,0,0
8,3,0
9,6,1
10,3,0
11,5,0
12,4,0
13,1,0
14,14,0
15,18,0
16,29,1
17,40,0
18,47,1
19,39,1
20,56,2
21,67,2
22,84,5
23,74,5
24,101,4
25,110,9
26,133,9
27,172,8
28,199,9
29,279,16
30,344,18
31,428,12
32,538,20
33,600,22
34,687,34
35,935,47
36,1103,58
37,1338,57
38,1532,79
39,1801,88
40,2267,103
41,2704,140
42,3199,169
43,3866,179
44,4447,250
45,5413,277
46,6647,282
47,7893,380
48,9402,491
49,11454,591
50,13900,695
51,16552,809
52,19585,1002
53,23509,1154
54,27726,1440
55,33561,1735
56,40153,2072
57,48013,2429
58,53348,2699
59,52327,2929
60,44240,2830
61,33055,2312
62,21960,1855
63,13246,1336
64,7511,875
65,4027,558
66,2066,354
67,1003,185
68,445,125
69,194,70
70,89,37
71,32,23
72,17,11
73,8,3
74,6,2
75,1,1
76,0,1
77,0,0
78,0,0
79,0,0
80,0,0
81,0,0
82,0,0
83,0,0
84,0,0
85,0,0
86,0,0
87,0,0
88,0,0
89,0,0
90,0,0
91,0,0
92,0,0
93,0,0
94,0,0
95,0,0
96,0,0
97,0,0
98,0,0
99,0,0
100,0,0
101,0,0
102,0,0
103,0,0
104,0,0
105,0,0
106,0,0
107,0,0
108,0,0
109,0,0
110,0,0
111,0,0
112,0,0
113,0,0
114,0,0
115,0,0
