1,1,0
2,0,0
3,1,0
4,0,0
5,2,0
6,0,0
7,3,1
8,0,0
9,3,0
10,1,0
11,0,0
12,1,0
13,1,1
14,4,0
15,2,0
16,7,0
17,3,1
18,2,0
19,7,1
20,4,0
21,8,0
22,0,0
23,5,2
24,5,0
25,7,0
26,5,0
27,2,1
28,4,0
29,3,1
30,8,1
31,2,0
32,4,0
33,10,0
34,9,0
35,14,1
36,16,0
37,28,0
38,38,3
39,47,2
40,51,1
41,63,1
42,76,1
43,76,3
44,76,9
45,88,7
46,104,8
47,131,9
48,161,11
49,206,8
50,210,8
51,265,18
52,337,13
53,406,14
54,520,27
55,644,29
56,764,33
57,879,43
58,1087,55
59,1243,70
60,1596,74
61,1993,84
62,2242,111
63,2773,163
64,3303,178
65,3951,191
66,4803,226
67,5709,299
68,6806,361
69,8143,443
70,9945,496
71,11682,625
72,13921,682
73,16724,901
74,19969,1028
75,23931,1265
76,29088,1415
77,34346,1738
78,41208,2110
79,48540,2593
80,53225,2914
81,51014,2892
82,41926,2657
83,30583,2228
84,20129,1709
85,12227,1237
86,6666,866
87,3532,534
88,1699,271
89,882,189
90,400,94
91,205,53
92,75,33
93,33,21
94,11,8
95,5,2
96,3,3
97,0,0
98,0,0
99,0,0
100,0,0
101,0,0
102,0,0
103,0,0
104,0,0
105,0,0
106,0,0
107,0,0
108,0,0
109,0,0
110,0,0
111,0,0
112,0,0
113,0,0
114,0,0
115,0,0
