1,1,0
2,0,0
3,0,0
4,1,0
5,4,0
6,8,0
7,10,0
8,13,0
9,4,1
10,10,0
11,10,1
12,7,1
13,18,0
14,8,3
15,15,1
16,12,0
17,16,1
18,15,0
19,24,1
20,27,1
21,34,3
22,41,0
23,54,6
24,59,4
25,71,4
26,77,6
27,119,5
28,125,11
29,167,9
30,184,4
31,227,14
32,308,8
33,424,22
34,524,28
35,627,26
36,738,30
37,937,38
38,945,53
39,1080,64
40,1390,64
41,1697,85
42,1957,105
43,2194,109
44,2649,139
45,3137,176
46,3772,190
47,4585,237
48,5603,312
49,6634,336
50,7837,372
51,9469,499
52,11285,581
53,13392,697
54,16213,806
55,19407,994
56,23299,1142
57,28060,1365
58,33563,1674
59,40764,2016
60,47991,2485
61,53460,2887
62,53490,2939
63,45076,2738
64,33429,2375
65,22360,1869
66,13371,1361
67,7782,892
68,4150,560
69,2038,390
70,1001,222
71,466,107
72,230,69
73,91,36
74,45,24
75,14,11
76,5,10
77,2,2
78,1,2
79,0,0
80,0,0
81,0,1
82,0,0
83,0,1
84,0,0
85,0,0
86,0,0
87,0,0
88,0,0
89,0,0
90,0,0
91,0,0
92,0,0
93,0,0
94,0,0
95,0,0
96,0,0
97,0,0
98,0,0
99,0,0
100,0,0
101,0,0
102,0,0
103,0,0
104,0,0
105,0,0
106,0,0
107,0,0
108,0,0
109,0,0
110,0,0
111,0,0
112,0,0
113,0,0
114,0,0
115,0,0
