1,1,0
2,0,0
3,0,0
4,0,0
5,2,0
6,1,0
7,1,0
8,4,0
9,9,0
10,5,1
11,8,0
12,12,0
13,9,0
14,11,1
15,17,2
16,27,2
17,27,2
18,23,1
19,22,2
20,33,2
21,18,3
22,28,5
23,22,2
24,33,5
25,33,7
26,33,4
27,38,4
28,48,2
29,43,11
30,34,2
31,55,4
32,61,6
33,75,5
34,94,8
35,93,5
36,115,10
37,137,8
38,140,7
39,191,10
40,212,17
41,278,13
42,288,13
43,344,21
44,401,24
45,448,29
46,571,30
47,686,42
48,745,50
49,971,69
50,1064,58
51,1355,66
52,1504,93
53,1925,92
54,2382,109
55,2802,155
56,3329,170
57,3922,186
58,4856,228
59,5723,336
60,7046,339
61,8381,414
62,9863,473
63,11872,593
64,14318,733
65,16761,840
66,19963,1045
67,24188,1279
68,28964,1453
69,34545,1695
70,41448,2168
71,48525,2535
72,52402,2791
73,49466,2856
74,40319,2693
75,28421,2153
76,18778,1589
77,11055,1162
78,6140,827
79,3236,455
80,1549,318
81,690,193
82,398,101
83,175,56
84,71,28
85,33,17
86,17,8
87,3,3
88,6,1
89,1,1
90,0,0
91,0,0
92,0,0
93,0,1
94,0,0
95,0,0
96,0,0
97,0,0
98,0,0
99,0,0
100,0,0
101,0,0
102,0,0
103,0,0
104,0,0
105,0,0
106,0,0
107,0,0
108,0,0
109,0,0
110,0,0
111,0,0
112,0,0
113,0,0
114,0,0
115,0,0
