1,1,0
2,0,0
3,0,0
4,0,0
5,3,0
6,4,0
7,4,0
8,4,0
9,4,0
10,8,0
11,10,1
12,5,0
13,15,0
14,11,0
15,14,1
16,15,1
17,25,3
18,30,0
19,33,2
20,34,1
21,38,2
22,29,1
23,65,2
24,65,4
25,93,5
26,98,6
27,101,3
28,130,8
29,127,17
30,165,8
31,172,16
32,245,17
33,263,13
34,305,9
35,412,14
36,411,19
37,457,23
38,542,34
39,618,40
40,833,45
41,860,55
42,1052,71
43,1305,59
44,1511,72
45,1814,100
46,2278,110
47,2631,141
48,3224,153
49,3783,227
50,4425,235
51,5247,256
52,6228,346
53,7510,353
54,8846,478
55,10672,550
56,12726,650
57,15361,796
58,18059,992
59,21480,1086
60,25812,1370
61,30743,1591
62,37021,1810
63,44066,2355
64,50773,2708
65,51915,2916
66,45817,2863
67,35618,2421
68,24435,1863
69,15206,1453
70,8760,1025
71,4724,632
72,2404,404
73,1223,240
74,539,131
75,241,96
76,109,40
77,59,21
78,19,14
79,14,5
80,2,3
81,1,1
82,0,0
83,0,0
84,0,0
85,0,0
86,0,0
87,0,0
88,0,0
89,0,0
90,0,0
91,0,0
92,0,0
93,0,0
94,0,0
95,0,0
96,0,0
97,0,0
98,0,0
99,0,0
100,0,0
101,0,0
102,0,0
103,0,0
104,0,0
105,0,0
106,0,0
107,0,0
108,0,0
109,0,0
110,0,0
111,0,0
112,0,0
113,0,0
114,0,0
115,0,0
