1,1,0
2,0,0
3,0,0
4,2,0
5,3,0
6,2,0
7,3,0
8,2,0
9,3,0
10,9,0
11,4,0
12,6,0
13,4,1
14,7,0
15,8,1
16,2,3
17,13,0
18,10,2
19,24,0
20,19,2
21,25,2
22,39,1
23,38,0
24,49,2
25,31,4
26,33,2
27,42,2
28,50,5
29,58,6
30,64,5
31,81,4
32,97,8
33,104,9
34,109,7
35,161,6
36,168,11
37,224,5
38,289,15
39,373,10
40,437,18
41,519,22
42,577,27
43,670,36
44,801,49
45,918,49
46,1182,68
47,1314,77
48,1502,75
49,1864,98
50,2225,118
51,2675,148
52,3062,150
53,3643,228
54,4218,242
55,5081,284
56,6215,335
57,7517,373
58,8687,505
59,10263,535
60,12373,652
61,14750,724
62,17778,924
63,20884,1097
64,25122,1234
65,29958,1552
66,35642,1837
67,42981,2198
68,49877,2681
69,52494,2866
70,48095,2865
71,38049,2556
72,26868,2032
73,16781,1605
74,9884,1096
75,5539,726
76,2853,463
77,1327,263
78,680,161
79,315,89
80,120,36
81,62,13
82,21,12
83,18,5
84,3,3
85,3,2
86,0,1
87,0,2
88,0,0
89,0,0
90,0,0
91,0,0
92,0,0
93,0,0
94,0,0
95,0,0
96,0,0
97,0,0
98,0,0
99,0,0
100,0,0
101,0,0
102,0,0
103,0,0
104,0,0
105,0,0
106,0,0
107,0,0
108,0,0
109,0,0
110,0,0
111,0,0
112,0,0
113,0,0
114,0,0
115,0,0
