1,1,0
2,0,0
3,0,0
4,3,0
5,1,0
6,4,0
7,0,0
8,1,0
9,2,0
10,2,0
11,5,0
12,10,0
13,17,0
14,30,0
15,32,0
16,43,0
17,37,3
18,46,2
19,70,3
20,103,6
21,112,3
22,140,2
23,145,5
24,200,11
25,207,14
26,247,14
27,256,9
28,326,18
29,366,29
30,426,26
31,489,24
32,609,38
33,742,38
34,893,38
35,1078,46
36,1325,81
37,1579,92
38,1960,95
39,2255,119
40,2705,136
41,3253,188
42,3919,191
43,4688,241
44,5678,262
45,6766,341
46,8118,445
47,9853,462
48,11813,598
49,14118,772
50,16784,891
51,20290,1015
52,24143,1261
53,29042,1469
54,34800,1735
55,41686,2102
56,49640,2531
57,54213,2796
58,52087,2913
59,43383,2664
60,31132,2284
61,20301,1708
62,12324,1211
63,6687,854
64,3587,539
65,1822,335
66,889,188
67,389,83
68,177,63
69,71,43
70,39,16
71,13,6
72,7,3
73,0,2
74,0,1
75,0,2
76,0,2
77,1,0
78,0,0
79,0,0
80,0,0
81,0,0
82,0,0
83,0,0
