1,1,0
2,0,0
3,0,0
4,0,0
5,0,0
6,0,0
7,3,0
8,1,0
9,0,1
10,0,0
11,1,0
12,3,0
13,3,0
14,1,0
15,9,0
16,10,1
17,10,0
18,16,0
19,22,1
20,21,3
21,26,0
22,33,1
23,41,2
24,39,1
25,52,3
26,63,2
27,67,10
28,90,3
29,94,0
30,132,6
31,127,6
32,181,14
33,202,17
34,241,23
35,281,17
36,308,17
37,391,26
38,450,20
39,546,34
40,638,39
41,804,36
42,938,52
43,1048,64
44,1351,65
45,1575,94
46,1909,87
47,2174,131
48,2619,168
49,3208,157
50,3879,199
51,4518,262
52,5577,259
53,6585,318
54,7818,414
55,9433,474
56,11172,550
57,13115,696
58,15847,834
59,19020,993
60,22864,1148
61,27099,1365
62,32632,1716
63,39191,2035
64,46860,2480
65,52573,2725
66,51482,2873
67,43854,2768
68,32366,2319
69,21621,1823
70,13021,1300
71,7283,851
72,3877,558
73,1985,350
74,954,179
75,445,105
76,186,83
77,100,32
78,35,26
79,17,10
80,5,8
81,5,4
82,0,3
83,0,1
