1,1,0
2,0,0
3,0,0
4,1,0
5,0,0
6,2,0
7,1,0
8,5,0
9,1,0
10,1,0
11,4,0
12,1,1
13,2,0
14,4,0
15,8,0
16,2,1
17,5,0
18,8,0
19,14,0
20,13,0
21,14,0
22,22,2
23,25,0
24,32,0
25,32,1
26,43,2
27,43,4
28,51,4
29,74,3
30,89,5
31,98,8
32,117,3
33,145,8
34,168,7
35,187,14
36,197,11
37,305,14
38,313,18
39,357,18
40,473,20
41,636,30
42,646,42
43,743,33
44,995,52
45,1171,50
46,1210,83
47,1560,91
48,1801,87
49,2194,123
50,2704,145
51,3212,162
52,3820,193
53,4597,205
54,5490,284
55,6773,343
56,8045,418
57,9680,472
58,11607,585
59,13647,701
60,16629,853
61,19659,981
62,23887,1204
63,28316,1436
64,33860,1793
65,40972,2091
66,47541,2434
67,52264,2875
68,50576,2951
69,42423,2808
70,31255,2323
71,20065,1674
72,12501,1253
73,7046,878
74,3721,576
75,1871,320
76,929,198
77,421,109
78,184,76
79,89,39
80,39,20
81,11,11
82,1,8
83,2,3
