1,1,0
2,0,0
3,0,0
4,2,0
5,8,0
6,5,1
7,9,0
8,9,0
9,12,0
10,10,1
11,4,0
12,5,3
13,10,0
14,4,4
15,6,0
16,6,0
17,6,1
18,11,2
19,5,0
20,5,0
21,7,1
22,6,1
23,6,2
24,9,1
25,8,1
26,19,0
27,16,0
28,26,3
29,23,0
30,26,2
31,25,1
32,38,1
33,81,0
34,106,2
35,128,4
36,164,5
37,217,8
38,291,10
39,323,6
40,358,16
41,468,24
42,531,33
43,636,30
44,765,40
45,940,56
46,1008,73
47,1248,78
48,1469,83
49,1656,97
50,2023,111
51,2340,138
52,2853,158
53,3361,188
54,4104,219
55,4930,220
56,5954,311
57,7023,363
58,8502,418
59,10291,518
60,12355,576
61,14906,742
62,17519,920
63,21138,1104
64,25516,1307
65,30337,1522
66,36796,1839
67,44030,2218
68,50698,2666
69,53336,2820
70,49615,2847
71,39054,2608
72,27195,2047
73,17270,1526
74,10188,1122
75,5568,718
76,2880,442
77,1488,259
78,650,144
79,321,100
80,130,42
81,59,37
82,28,14
83,7,4
