1,1,0
2,0,0
3,0,0
4,0,0
5,1,0
6,2,0
7,1,0
8,5,0
9,11,0
10,10,0
11,9,0
12,11,0
13,26,0
14,36,3
15,47,0
16,54,2
17,52,1
18,72,3
19,86,2
20,128,5
21,127,4
22,172,11
23,206,6
24,213,9
25,256,17
26,321,19
27,376,19
28,456,24
29,487,35
30,568,31
31,734,40
32,889,41
33,1004,55
34,1191,65
35,1438,73
36,1620,91
37,1966,96
38,2260,139
39,2943,138
40,3358,178
41,4081,178
42,4917,250
43,5847,298
44,6990,349
45,8609,426
46,10208,490
47,12504,604
48,14683,763
49,17364,896
50,20594,1053
51,24768,1218
52,29428,1621
53,35213,1845
54,42039,2213
55,49604,2616
56,52658,2959
57,48463,2878
58,39381,2619
59,27532,2217
60,17826,1609
61,10388,1031
62,5689,690
63,2959,461
64,1457,280
65,704,190
66,332,86
67,121,58
68,50,30
69,36,11
70,13,4
71,3,7
72,2,2
73,0,1
74,0,2
75,0,0
76,0,0
77,0,0
78,0,0
79,0,0
80,0,0
81,0,0
82,0,0
83,0,0
