1,1,0
2,0,0
3,0,0
4,0,0
5,2,0
6,1,0
7,1,1
8,1,0
9,2,1
10,3,0
11,3,0
12,4,1
13,7,0
14,21,1
15,16,0
16,12,1
17,22,2
18,17,0
19,37,1
20,32,4
21,49,2
22,47,2
23,51,6
24,55,5
25,77,2
26,116,6
27,94,2
28,145,3
29,187,5
30,205,11
31,243,7
32,278,13
33,352,16
34,387,16
35,529,26
36,591,29
37,730,44
38,943,46
39,1111,68
40,1463,68
41,1720,77
42,2052,80
43,2531,110
44,2936,127
45,3322,174
46,4101,214
47,4859,277
48,5980,335
49,7158,365
50,8616,411
51,10040,541
52,12235,652
53,14560,747
54,17770,870
55,20938,1161
56,25681,1253
57,30329,1511
58,36332,1789
59,43088,2268
60,50050,2672
61,52846,2804
62,48015,2943
63,37834,2609
64,26581,2065
65,16742,1538
66,9783,1077
67,5486,748
68,2728,464
69,1320,257
70,659,150
71,324,101
72,110,53
73,51,21
74,34,17
75,12,5
76,3,4
77,1,3
78,1,2
79,2,1
80,0,0
81,0,0
82,0,0
83,0,0
