1,1,0
2,0,0
3,0,0
4,0,0
5,1,0
6,0,0
7,0,0
8,1,0
9,7,0
10,5,0
11,16,0
12,20,0
13,29,0
14,42,1
15,33,1
16,36,0
17,50,3
18,97,0
19,107,3
20,109,8
21,140,7
22,144,9
23,190,4
24,227,19
25,251,16
26,292,16
27,349,26
28,421,20
29,568,28
30,617,40
31,676,43
32,832,49
33,929,56
34,1139,72
35,1367,84
36,1700,84
37,2003,95
38,2391,124
39,2783,161
40,3282,169
41,4021,226
42,4759,271
43,5703,270
44,6803,350
45,8239,414
46,9672,495
47,11444,571
48,13801,734
49,16282,852
50,19769,1045
51,23637,1237
52,27934,1442
53,33223,1772
54,39696,2058
55,46754,2506
56,51739,2751
57,48923,2813
58,40537,2660
59,29660,2220
60,19315,1706
61,11689,1157
62,6428,820
63,3318,482
64,1698,305
65,821,191
66,407,120
67,144,62
68,77,41
69,28,21
70,16,9
71,2,4
72,3,1
73,0,1
74,1,0
75,0,0
76,0,0
77,0,0
78,0,0
79,0,0
80,0,0
81,0,0
82,0,0
83,0,0
