1,1,0
2,0,0
3,1,0
4,4,0
5,7,0
6,13,0
7,11,0
8,12,2
9,14,1
10,33,1
11,41,0
12,38,2
13,45,0
14,55,1
15,69,5
16,65,3
17,83,3
18,118,5
19,153,11
20,185,3
21,247,7
22,235,12
23,302,15
24,370,11
25,437,20
26,477,24
27,601,26
28,707,33
29,826,41
30,1000,45
31,1342,54
32,1495,67
33,1766,97
34,1970,104
35,2342,118
36,2869,145
37,3344,215
38,4077,212
39,4727,263
40,5694,327
41,6985,407
42,8386,460
43,10001,519
44,11987,696
45,14303,714
46,17134,846
47,20553,1086
48,24586,1297
49,29482,1536
50,35389,1872
51,42624,2124
52,49914,2523
53,52836,2807
54,48822,2799
55,39253,2593
56,27711,2153
57,17780,1606
58,10218,1107
59,5753,787
60,2933,503
61,1492,272
62,727,154
63,333,97
64,128,61
65,62,36
66,34,8
67,10,8
68,7,5
69,1,1
70,0,0
71,0,0
72,0,0
73,0,0
74,0,0
75,0,0
76,0,1
77,0,0
78,0,0
79,0,0
80,0,0
81,0,0
82,0,0
83,0,0
