1,1,0
2,0,0
3,0,0
4,1,0
5,5,0
6,4,0
7,4,0
8,1,1
9,2,0
10,0,0
11,2,0
12,3,0
13,3,0
14,0,0
15,2,0
16,6,2
17,11,0
18,18,0
19,22,0
20,24,0
21,30,0
22,26,1
23,39,0
24,34,2
25,35,2
26,52,1
27,91,3
28,84,9
29,74,6
30,122,6
31,107,11
32,160,12
33,189,15
34,206,8
35,227,14
36,306,14
37,346,22
38,415,21
39,499,26
40,581,28
41,686,30
42,831,43
43,1011,51
44,1199,63
45,1474,70
46,1595,77
47,1954,101
48,2291,150
49,2727,133
50,3291,192
51,3926,198
52,4709,279
53,5713,299
54,6883,350
55,8194,417
56,9682,513
57,11644,567
58,13799,725
59,16644,813
60,19935,1047
61,23770,1228
62,28336,1436
63,34051,1697
64,40452,2173
65,48414,2478
66,52221,2795
67,50523,2896
68,41932,2620
69,30353,2235
70,19719,1660
71,11749,1218
72,6448,790
73,3516,510
74,1790,284
75,865,184
76,411,83
77,190,58
78,64,30
79,38,16
80,22,5
81,9,5
82,3,3
83,1,1
