1,1,0
2,0,0
3,1,0
4,1,0
5,0,1
6,3,0
7,6,0
8,7,0
9,7,0
10,4,1
11,10,1
12,12,1
13,10,1
14,18,0
15,14,1
16,21,1
17,20,2
18,26,2
19,34,0
20,30,0
21,51,2
22,44,5
23,75,5
24,87,5
25,111,2
26,118,5
27,132,5
28,182,5
29,193,13
30,264,17
31,301,14
32,325,17
33,420,20
34,467,21
35,632,20
36,732,36
37,893,45
38,1026,40
39,1272,56
40,1511,87
41,1886,100
42,2201,120
43,2666,137
44,3143,184
45,3658,172
46,4506,212
47,5279,295
48,6201,352
49,7688,389
50,9152,468
51,10710,577
52,12996,695
53,15153,802
54,18517,985
55,22055,1081
56,26568,1409
57,31388,1657
58,38056,1921
59,45119,2314
60,51551,2664
61,51677,2824
62,45272,2749
63,34448,2355
64,23328,1974
65,14402,1423
66,8289,952
67,4463,647
68,2337,401
69,1096,234
70,505,131
71,234,75
72,106,38
73,39,11
74,16,15
75,12,6
76,4,5
77,1,1
78,0,2
79,0,2
80,0,0
81,0,0
82,0,0
83,0,0
