1,1,0
2,0,0
3,0,0
4,0,0
5,0,0
6,2,0
7,1,0
8,4,0
9,5,0
10,7,0
11,11,0
12,24,0
13,41,1
14,42,1
15,31,1
16,51,1
17,43,3
18,58,2
19,80,1
20,81,4
21,104,3
22,116,9
23,140,7
24,154,11
25,170,15
26,262,22
27,289,15
28,342,22
29,434,19
30,501,28
31,558,36
32,689,42
33,818,45
34,946,54
35,1069,63
36,1280,68
37,1520,99
38,1774,112
39,2169,122
40,2561,138
41,2976,189
42,3613,205
43,4347,209
44,5126,272
45,6092,325
46,7120,362
47,8722,441
48,10475,554
49,12407,622
50,14976,748
51,17703,952
52,21285,1090
53,25430,1303
54,30549,1585
55,36384,1906
56,43302,2176
57,50442,2609
58,52828,2897
59,48066,2870
60,38146,2531
61,26776,2103
62,17013,1486
63,9919,1121
64,5421,687
65,2740,437
66,1321,272
67,621,169
68,303,89
69,121,52
70,61,24
71,30,9
72,14,7
73,4,0
74,1,1
75,1,0
76,0,1
77,0,0
78,0,0
79,0,0
80,0,0
81,0,0
82,0,0
83,0,0
