1,1,0
2,0,0
3,0,0
4,3,0
5,2,0
6,5,0
7,5,0
8,12,0
9,10,0
10,19,1
11,18,2
12,14,0
13,21,1
14,23,4
15,36,3
16,28,1
17,46,1
18,52,2
19,73,4
20,89,5
21,100,5
22,108,8
23,136,10
24,170,14
25,184,13
26,222,9
27,277,13
28,316,18
29,374,20
30,460,19
31,554,27
32,636,26
33,736,49
34,943,46
35,1160,50
36,1395,75
37,1543,63
38,1852,86
39,2134,124
40,2529,145
41,3158,143
42,3688,216
43,4308,250
44,5331,282
45,6357,306
46,7573,407
47,9062,460
48,10946,524
49,13337,612
50,15804,833
51,19090,958
52,22676,1121
53,27217,1364
54,32997,1712
55,39348,2056
56,46478,2350
57,52623,2762
58,52200,2847
59,44842,2870
60,33666,2371
61,22726,1919
62,14134,1355
63,7970,940
64,4309,555
65,2157,404
66,1061,234
67,496,111
68,234,62
69,104,52
70,49,23
71,22,12
72,6,4
73,5,1
74,3,1
75,0,1
76,0,0
77,0,0
78,1,0
79,0,0
80,0,0
81,0,0
82,0,0
83,0,0
