1,1,0
2,0,0
3,0,0
4,6,0
5,5,0
6,10,0
7,15,0
8,16,0
9,16,2
10,24,0
11,28,1
12,24,0
13,31,1
14,36,2
15,32,3
16,50,4
17,45,7
18,58,1
19,77,11
20,96,7
21,142,10
22,165,5
23,174,7
24,210,9
25,234,16
26,254,17
27,283,24
28,372,18
29,405,32
30,487,45
31,625,37
32,784,30
33,848,42
34,1029,58
35,1096,63
36,1348,66
37,1597,97
38,1943,101
39,2353,138
40,3024,150
41,3569,167
42,4123,212
43,5082,231
44,6112,308
45,7239,359
46,8776,443
47,10511,500
48,12786,680
49,15045,777
50,17947,919
51,21362,1096
52,25904,1310
53,30667,1664
54,36581,1877
55,43766,2313
56,50442,2659
57,52406,2928
58,47679,2841
59,37335,2540
60,25876,2045
61,16328,1507
62,9541,969
63,5096,615
64,2554,447
65,1385,270
66,572,149
67,291,82
68,140,51
69,50,23
70,27,5
71,14,12
72,6,8
73,1,1
74,1,1
75,1,0
76,1,1
77,0,0
78,0,0
79,0,0
80,0,0
81,0,0
82,0,0
83,0,0
