1,1,0
2,0,0
3,0,0
4,0,0
5,2,0
6,3,0
7,4,0
8,4,0
9,8,0
10,14,0
11,4,0
12,7,1
13,8,2
14,10,2
15,11,1
16,7,2
17,4,2
18,8,0
19,7,1
20,9,1
21,7,1
22,12,1
23,15,2
24,33,0
25,33,2
26,35,2
27,46,4
28,58,5
29,61,5
30,88,2
31,100,2
32,113,5
33,107,6
34,154,7
35,198,10
36,211,10
37,263,10
38,289,21
39,390,16
40,416,27
41,500,25
42,603,27
43,665,37
44,823,56
45,956,50
46,1132,69
47,1434,65
48,1724,94
49,1940,85
50,2295,142
51,2900,147
52,3460,203
53,4024,218
54,4985,255
55,5752,309
56,7070,387
57,8302,419
58,9872,546
59,12013,579
60,14120,767
61,16846,867
62,20442,1035
63,24320,1302
64,29337,1511
65,35799,1812
66,42600,2183
67,49860,2533
68,53951,2833
69,50691,2904
70,41498,2710
71,29890,2217
72,19129,1621
73,11510,1169
74,6394,747
75,3377,491
76,1668,300
77,762,190
78,338,110
79,158,58
80,77,34
81,34,16
82,9,8
83,7,1
