1,1,0
2,0,0
3,0,0
4,2,0
5,1,0
6,6,0
7,2,0
8,2,0
9,1,0
10,3,0
11,2,0
12,2,1
13,2,0
14,2,0
15,2,0
16,1,0
17,0,0
18,5,1
19,9,0
20,8,0
21,9,0
22,15,0
23,26,0
24,14,0
25,18,1
26,23,3
27,20,4
28,34,2
29,47,1
30,59,1
31,61,1
32,73,1
33,72,3
34,95,8
35,119,11
36,122,8
37,167,10
38,188,10
39,238,16
40,293,13
41,406,12
42,406,22
43,517,37
44,623,23
45,746,45
46,948,35
47,995,55
48,1202,65
49,1407,82
50,1838,84
51,2182,112
52,2567,134
53,3234,166
54,3905,185
55,4623,203
56,5592,290
57,6680,328
58,8081,414
59,9536,510
60,11496,545
61,13902,698
62,16789,868
63,20053,1044
64,24024,1195
65,28608,1472
66,34315,1715
67,41175,2081
68,48778,2545
69,54033,2884
70,52244,2932
71,43441,2754
72,31912,2254
73,20880,1807
74,12652,1221
75,6980,890
76,3721,541
77,1930,363
78,891,218
79,433,104
80,206,68
81,101,39
82,34,22
83,19,11
