1,1,0
2,0,0
3,1,0
4,2,0
5,2,0
6,5,0
7,0,0
8,8,0
9,9,0
10,6,1
11,16,0
12,15,1
13,24,0
14,25,1
15,41,0
16,58,1
17,56,1
18,53,3
19,54,4
20,65,3
21,79,6
22,90,4
23,110,6
24,158,11
25,208,8
26,262,13
27,258,6
28,307,19
29,319,12
30,324,21
31,418,30
32,503,37
33,604,45
34,724,50
35,870,58
36,1012,51
37,1138,58
38,1399,75
39,1731,103
40,2047,112
41,2318,125
42,2824,162
43,3367,181
44,3893,205
45,4623,256
46,5554,283
47,6657,362
48,8209,443
49,9501,492
50,11601,602
51,13847,667
52,16151,812
53,19860,1046
54,23658,1194
55,28122,1449
56,33822,1774
57,40661,2127
58,48184,2451
59,52415,2804
60,49675,2802
61,40973,2652
62,29520,2327
63,19698,1699
64,11655,1202
65,6392,802
66,3358,483
67,1694,315
68,845,186
69,383,103
70,154,67
71,75,29
72,37,17
73,13,8
74,9,3
75,2,1
76,1,1
77,1,0
78,0,0
79,0,0
80,0,0
81,0,0
82,0,0
83,0,0
