1,1,0
2,0,0
3,0,0
4,3,0
5,8,0
6,9,0
7,6,0
8,16,0
9,5,0
10,11,2
11,21,1
12,25,0
13,27,0
14,34,1
15,43,3
16,57,3
17,84,2
18,86,4
19,130,4
20,123,4
21,134,11
22,177,9
23,228,6
24,240,10
25,317,18
26,358,26
27,381,17
28,557,31
29,654,30
30,750,47
31,879,34
32,1116,46
33,1312,68
34,1582,90
35,1893,91
36,2357,111
37,2868,142
38,3368,172
39,4046,178
40,4806,261
41,5691,297
42,6831,338
43,8223,426
44,9760,523
45,11698,583
46,13834,696
47,16400,837
48,19751,1018
49,23840,1219
50,28300,1518
51,34118,1726
52,41044,2094
53,48771,2526
54,58494,2929
55,69815,3610
56,83331,4210
57,93845,4763
