1,1,0
2,0,0
3,0,0
4,1,0
5,2,0
6,9,0
7,5,0
8,7,0
9,2,0
10,7,0
11,5,1
12,11,3
13,13,1
14,29,0
15,26,2
16,27,1
17,20,1
18,18,1
19,35,3
20,30,3
21,42,4
22,33,1
23,48,5
24,57,5
25,56,7
26,67,5
27,70,5
28,82,5
29,103,6
30,119,10
31,125,10
32,130,11
33,152,9
34,167,11
35,207,15
36,251,17
37,302,15
38,367,20
39,402,21
40,504,21
41,559,31
42,705,39
43,828,48
44,1004,47
45,1165,62
46,1394,75
47,1682,99
48,1952,120
49,2478,131
50,2793,143
51,3363,181
52,4101,206
53,4938,260
54,5973,298
55,7190,345
56,8730,435
57,10407,495
