1,1,0
2,0,0
3,1,0
4,1,0
5,1,0
6,5,0
7,11,0
8,6,0
9,10,0
10,5,0
11,2,1
12,11,0
13,10,0
14,14,0
15,6,1
16,12,1
17,16,1
18,14,2
19,11,0
20,16,2
21,19,4
22,35,1
23,27,1
24,36,2
25,38,3
26,52,6
27,74,6
28,83,9
29,119,3
30,123,3
31,135,8
32,201,12
33,210,12
34,243,7
35,293,11
36,340,17
37,372,24
38,496,31
39,604,34
40,792,35
41,929,31
42,1132,52
43,1332,58
44,1559,78
45,1899,106
46,2200,117
47,2671,135
48,3378,175
49,3843,205
50,4687,231
51,5482,268
52,6883,349
53,8167,376
54,9899,490
55,11718,609
56,13942,693
57,16416,860
