1,1,0
2,0,0
3,0,0
4,1,0
5,0,0
6,0,0
7,1,0
8,0,0
9,3,0
10,3,0
11,5,0
12,9,1
13,10,0
14,7,1
15,8,0
16,27,1
17,27,2
18,18,0
19,21,2
20,24,1
21,42,4
22,42,3
23,51,2
24,77,7
25,80,4
26,81,5
27,104,5
28,134,11
29,200,5
30,239,8
31,312,10
32,363,10
33,379,17
34,476,22
35,577,26
36,715,27
37,861,52
38,1088,44
39,1180,58
40,1506,67
41,1813,90
42,2100,104
43,2656,127
44,3165,172
45,3805,181
46,4473,228
47,5443,309
48,6506,327
49,7429,431
50,8909,464
51,10800,586
52,12644,676
53,14992,878
54,18142,973
55,21579,1183
56,25424,1383
57,30240,1563
