1,1,0
2,0,0
3,1,0
4,5,0
5,2,0
6,11,0
7,2,0
8,3,0
9,4,0
10,4,0
11,4,0
12,5,1
13,1,0
14,4,1
15,6,0
16,11,0
17,18,1
18,14,0
19,29,0
20,17,2
21,29,2
22,26,0
23,23,1
24,33,6
25,44,1
26,52,5
27,62,3
28,98,4
29,120,6
30,142,6
31,171,6
32,215,12
33,219,14
34,274,13
35,347,18
36,370,19
37,444,23
38,575,22
39,639,36
40,762,44
41,939,45
42,1045,55
43,1297,74
44,1521,75
45,1838,104
46,2142,112
47,2361,148
48,2981,172
49,3514,189
50,4313,241
51,5182,269
52,6155,344
53,7283,396
54,8503,463
55,10064,562
56,12373,650
57,14577,739
