1,1,0
2,0,0
3,0,0
4,0,0
5,0,0
6,2,0
7,1,1
8,1,0
9,1,0
10,1,0
11,0,0
12,1,0
13,1,0
14,0,0
15,1,0
16,2,0
17,2,0
18,6,0
19,2,0
20,11,0
21,11,0
22,22,0
23,37,0
24,23,0
25,39,2
26,74,1
27,91,0
28,96,5
29,120,3
30,146,5
31,146,4
32,178,5
33,196,13
34,244,16
35,317,11
36,346,17
37,402,21
38,449,34
39,556,39
40,616,45
41,779,52
42,792,55
43,983,61
44,1070,79
45,1496,87
46,1771,102
47,2160,99
48,2476,117
49,2810,145
50,3423,164
51,4131,238
52,5012,257
53,6028,333
54,7280,355
55,8733,450
56,10593,537
57,12700,634
