1,1,0
2,0,0
3,0,0
4,0,0
5,2,0
6,1,0
7,2,0
8,4,0
9,1,0
10,0,1
11,2,0
12,2,0
13,2,0
14,4,0
15,1,0
16,7,0
17,8,0
18,7,0
19,7,1
20,23,0
21,20,0
22,20,0
23,36,0
24,46,1
25,62,2
26,63,3
27,98,2
28,97,5
29,112,8
30,153,5
31,176,8
32,204,13
33,280,9
34,342,23
35,388,18
36,487,26
37,562,31
38,622,31
39,812,41
40,1003,53
41,1160,57
42,1342,89
43,1519,90
44,1814,107
45,2259,120
46,2633,131
47,3173,187
48,3694,196
49,4449,216
50,5328,276
51,6381,345
52,7822,403
53,9359,489
54,10964,559
55,13216,643
56,15692,866
57,19106,951
