1,1,0
2,0,0
3,0,0
4,0,0
5,1,0
6,0,0
7,3,0
8,4,0
9,4,0
10,3,0
11,5,0
12,3,0
13,10,1
14,14,1
15,22,1
16,20,0
17,39,1
18,46,3
19,46,2
20,45,2
21,85,2
22,122,0
23,137,5
24,140,3
25,158,11
26,173,10
27,252,11
28,277,17
29,397,28
30,404,24
31,450,23
32,550,38
33,669,48
34,840,42
35,942,57
36,1097,60
37,1473,76
38,1719,100
39,1953,104
40,2370,118
41,2634,145
42,3353,167
43,3897,211
44,4723,258
45,5641,272
46,6799,358
47,8289,415
48,9649,520
49,11646,599
50,13991,724
51,16415,838
52,19464,1037
53,23801,1190
54,28016,1525
55,33693,1792
56,40610,2078
57,48252,2552
