1,1,0
2,0,0
3,0,0
4,0,0
5,1,0
6,0,0
7,2,0
8,4,0
9,9,0
10,7,1
11,15,0
12,15,0
13,29,2
14,44,2
15,60,0
16,50,3
17,64,1
18,87,7
19,113,4
20,142,3
21,181,5
22,193,13
23,240,13
24,288,16
25,356,8
26,391,23
27,473,30
28,573,42
29,658,27
30,766,48
31,956,42
32,1231,66
33,1452,73
34,1677,79
35,2028,82
36,2476,119
37,2957,137
38,3582,199
39,4437,242
40,5295,224
41,6167,306
42,7472,392
43,9082,426
44,10780,555
45,12904,661
46,15467,825
47,18380,975
48,21742,1181
49,25990,1418
50,31016,1627
51,37236,1897
52,44882,2380
53,53034,2751
54,62300,3223
55,66271,3711
56,61548,3602
57,49305,3421
