1,1,0
2,0,0
3,3,0
4,3,0
5,6,0
6,13,0
7,9,0
8,6,1
9,11,1
10,8,1
11,7,0
12,9,1
13,7,1
14,7,1
15,9,1
16,11,1
17,15,2
18,23,0
19,38,0
20,32,0
21,37,3
22,48,1
23,41,3
24,42,3
25,51,1
26,70,6
27,85,1
28,104,4
29,124,6
30,147,10
31,169,13
32,219,7
33,251,19
34,323,17
35,383,11
36,372,27
37,509,29
38,673,32
39,785,44
40,973,35
41,1179,55
42,1300,64
43,1715,85
44,2014,98
45,2334,102
46,2876,161
47,3318,179
48,3904,231
49,4662,227
50,5648,304
51,6740,354
52,8102,479
53,9557,519
54,11610,644
55,13554,738
56,16317,859
57,19876,986
