1,1,0
2,0,0
3,0,0
4,4,0
5,4,0
6,5,0
7,9,0
8,10,0
9,13,0
10,20,0
11,39,0
12,43,2
13,45,2
14,63,0
15,75,4
16,80,1
17,110,8
18,112,5
19,148,3
20,165,9
21,205,14
22,268,15
23,293,20
24,341,15
25,421,23
26,576,25
27,647,25
28,751,40
29,911,43
30,1148,54
31,1277,64
32,1602,74
33,1899,98
34,2258,109
35,2762,125
36,3282,190
37,3939,190
38,4665,238
39,5607,290
40,6708,351
41,8134,410
42,9675,532
43,11548,614
44,13891,675
45,16570,869
46,19407,1068
47,23241,1238
48,27584,1483
49,32793,1692
50,39592,2073
51,47141,2499
52,54463,2901
53,56506,3089
54,51062,2996
55,40018,2709
56,27761,2270
57,17190,1621
