1,1,0
2,0,0
3,0,0
4,0,0
5,1,0
6,3,0
7,4,0
8,3,0
9,5,0
10,11,0
11,8,0
12,9,0
13,10,1
14,17,1
15,15,2
16,19,0
17,22,3
18,24,1
19,23,0
20,26,3
21,31,0
22,46,1
23,47,4
24,58,3
25,72,5
26,69,6
27,86,7
28,99,4
29,132,5
30,146,8
31,188,15
32,230,14
33,261,18
34,292,24
35,352,17
36,443,29
37,563,27
38,655,26
39,774,30
40,923,42
41,1139,52
42,1397,64
43,1577,71
44,1971,110
45,2331,115
46,2863,157
47,3216,178
48,3782,228
49,4577,258
50,5490,290
51,6570,353
52,7767,402
53,9254,487
54,10847,619
55,12881,701
56,15389,808
57,18607,979
58,22145,1204
59,26491,1371
60,31769,1658
61,37936,1947
62,45207,2288
63,50544,2693
64,50361,2856
65,44129,2758
66,32821,2300
67,22180,1892
68,13617,1352
69,7955,911
70,4114,536
71,2144,383
72,1081,200
73,464,108
74,214,61
75,99,38
76,52,14
77,24,9
78,8,7
79,0,1
80,2,1
81,0,1
82,0,0
83,0,0
84,0,0
85,0,0
86,0,0
87,0,0
88,0,0
89,0,0
90,0,0
91,0,0
92,0,0
93,0,0
94,0,0
95,0,0
96,0,0
97,0,0
98,0,0
99,0,0
100,0,0
101,0,0
