1,1,0
2,0,0
3,0,0
4,2,0
5,2,0
6,3,0
7,8,0
8,2,0
9,9,0
10,6,1
11,12,0
12,10,0
13,20,1
14,11,1
15,24,2
16,32,1
17,36,1
18,38,3
19,38,1
20,56,6
21,79,1
22,93,4
23,99,4
24,139,5
25,155,6
26,176,6
27,208,14
28,218,19
29,306,22
30,364,17
31,411,23
32,531,20
33,612,36
34,697,34
35,791,57
36,998,44
37,1238,49
38,1449,61
39,1729,88
40,1968,99
41,2324,130
42,2785,151
43,3422,171
44,4076,209
45,4958,247
46,5989,279
47,7082,374
48,8469,408
49,10296,508
50,12370,586
51,14823,761
52,17797,960
53,21221,1073
54,25649,1268
55,30516,1533
56,36792,1872
57,43891,2220
58,50789,2626
59,53283,2946
60,48522,2789
61,38954,2549
62,27361,2255
63,17157,1543
64,10011,1128
65,5437,758
66,2885,479
67,1472,283
68,700,153
69,317,87
70,142,40
71,57,25
72,25,21
73,11,9
74,1,4
75,2,1
76,1,0
77,0,0
78,0,0
79,0,0
80,0,0
81,0,0
82,0,0
83,0,0
84,0,0
85,0,0
86,0,0
87,0,0
88,0,0
89,0,0
90,0,0
91,0,0
92,0,0
93,0,0
94,0,0
95,0,0
96,0,0
97,0,0
98,0,0
99,0,0
100,0,0
101,0,0
