1,1,0
2,0,0
3,2,0
4,1,0
5,1,0
6,5,0
7,4,0
8,4,0
9,3,0
10,5,0
11,7,0
12,11,0
13,10,0
14,16,2
15,25,0
16,23,1
17,47,4
18,53,1
19,81,2
20,61,1
21,104,1
22,100,0
23,133,4
24,135,13
25,186,10
26,190,15
27,245,15
28,295,15
29,300,16
30,398,26
31,484,22
32,561,31
33,676,39
34,812,41
35,988,48
36,1145,54
37,1372,76
38,1614,77
39,1975,99
40,2355,139
41,2715,142
42,3349,149
43,4010,217
44,4806,258
45,6154,302
46,7234,359
47,8389,416
48,10276,495
49,12518,598
50,14932,684
51,17521,960
52,20960,1090
53,24603,1277
54,29012,1491
55,34808,1807
56,41658,2243
57,48516,2623
58,52106,2857
59,48219,2876
60,38465,2565
61,27754,2099
62,17723,1623
63,10296,1100
64,5680,712
65,2972,468
66,1450,303
67,669,158
68,340,85
69,129,41
70,68,26
71,24,12
72,10,4
73,2,0
74,4,0
75,0,0
76,0,0
77,0,0
78,0,0
79,0,0
80,0,0
81,0,0
82,0,0
83,0,0
84,0,0
85,0,0
86,0,0
87,0,0
88,0,0
89,0,0
90,0,0
91,0,0
92,0,0
93,0,0
94,0,0
95,0,0
96,0,0
97,0,0
98,0,0
99,0,0
100,0,0
101,0,0
