1,1,0
2,0,0
3,1,0
4,3,0
5,2,0
6,1,0
7,6,1
8,3,0
9,8,0
10,5,1
11,2,0
12,8,1
13,12,0
14,12,1
15,16,0
16,12,0
17,17,0
18,21,0
19,19,1
20,19,4
21,25,2
22,24,3
23,33,0
24,42,4
25,56,0
26,79,6
27,101,4
28,142,6
29,139,10
30,212,6
31,241,6
32,257,7
33,317,17
34,363,18
35,435,16
36,516,32
37,618,27
38,705,36
39,868,48
40,1032,59
41,1312,81
42,1473,75
43,1867,93
44,2183,95
45,2487,126
46,3002,164
47,3665,193
48,4296,225
49,5197,278
50,6310,319
51,7271,388
52,9014,474
53,10825,518
54,12587,652
55,15175,765
56,18417,932
57,21860,1125
58,26440,1324
59,31430,1564
60,37437,1898
61,44703,2249
62,51572,2734
63,51955,2888
64,46280,2838
65,35843,2519
66,24427,1988
67,15072,1437
68,8830,1027
69,4730,657
70,2524,365
71,1232,270
72,581,127
73,252,91
74,122,40
75,59,22
76,20,10
77,16,7
78,4,1
79,3,1
80,1,2
81,0,0
82,0,0
83,0,0
84,0,0
85,0,0
86,0,0
87,0,0
88,0,0
89,0,0
90,0,0
91,0,0
92,0,0
93,0,0
94,0,0
95,0,0
96,0,0
97,0,0
98,0,0
99,0,0
100,0,0
101,0,0
