1,1,0
2,0,0
3,1,0
4,0,0
5,0,0
6,2,0
7,5,0
8,1,0
9,1,0
10,2,0
11,1,0
12,2,0
13,5,0
14,3,0
15,12,1
16,2,0
17,3,0
18,3,0
19,5,2
20,2,0
21,8,1
22,8,0
23,10,1
24,11,0
25,29,2
26,38,1
27,48,1
28,41,1
29,54,0
30,72,1
31,101,6
32,123,5
33,164,6
34,200,8
35,218,12
36,247,8
37,291,12
38,346,27
39,379,13
40,467,33
41,555,26
42,648,34
43,767,43
44,934,40
45,1063,53
46,1262,65
47,1483,78
48,1762,82
49,2257,143
50,2499,128
51,3178,154
52,3691,182
53,4491,223
54,5317,272
55,6474,294
56,7739,396
57,9312,460
58,10994,558
59,13083,662
60,15608,813
61,18854,1010
62,22342,1194
63,26715,1340
64,32074,1745
65,38511,1977
66,45821,2406
67,51821,2694
68,52983,2955
69,45502,2758
70,34971,2444
71,23776,1881
72,14448,1392
73,8136,953
74,4526,604
75,2386,383
76,1103,211
77,557,140
78,244,84
79,101,49
80,41,25
81,25,9
82,6,9
83,3,4
84,1,2
85,0,0
86,0,0
87,0,0
88,0,0
89,0,0
90,0,0
91,0,0
92,0,0
93,0,0
94,0,0
95,0,0
96,0,0
97,0,0
98,0,0
99,0,0
100,0,0
101,0,0
