1,1,0
2,0,0
3,0,0
4,0,0
5,3,0
6,2,0
7,4,0
8,2,0
9,4,0
10,4,0
11,1,0
12,7,1
13,3,0
14,5,0
15,7,0
16,14,0
17,7,2
18,12,0
19,11,0
20,21,0
21,22,3
22,27,1
23,25,2
24,32,1
25,33,4
26,47,3
27,57,3
28,62,5
29,92,4
30,96,7
31,106,2
32,176,8
33,200,11
34,229,10
35,299,11
36,359,16
37,449,17
38,525,28
39,614,23
40,786,35
41,972,40
42,1140,56
43,1399,68
44,1597,74
45,1932,87
46,2386,111
47,2899,145
48,3354,174
49,4136,219
50,5015,267
51,5998,281
52,7088,367
53,8392,417
54,9932,550
55,12004,676
56,14300,734
57,16917,933
58,20085,1134
59,24066,1235
60,29077,1484
61,34275,1808
62,41348,2224
63,47925,2554
64,52170,2862
65,48299,2948
66,39462,2584
67,28209,2101
68,18077,1663
69,10916,1189
70,6020,786
71,3043,469
72,1595,301
73,752,190
74,355,112
75,144,49
76,68,28
77,24,15
78,10,7
79,10,5
80,2,0
81,1,0
82,0,0
83,0,0
84,0,0
85,0,0
86,0,1
87,0,0
88,0,0
89,0,0
90,0,0
91,0,0
92,0,0
93,0,0
94,0,0
95,0,0
96,0,0
97,0,0
98,0,0
99,0,0
100,0,0
101,0,0
