1,1,0
2,0,0
3,0,0
4,0,0
5,1,0
6,3,0
7,2,0
8,2,0
9,1,0
10,2,0
11,5,0
12,3,0
13,0,0
14,9,0
15,13,1
16,7,0
17,12,1
18,17,0
19,28,0
20,20,2
21,26,2
22,26,0
23,45,3
24,36,6
25,35,2
26,50,6
27,64,3
28,81,4
29,92,2
30,113,5
31,149,8
32,171,10
33,207,9
34,261,9
35,301,17
36,363,22
37,462,14
38,503,30
39,621,30
40,759,48
41,884,43
42,995,44
43,1253,72
44,1572,80
45,1847,100
46,2234,116
47,2607,136
48,3164,165
49,3746,185
50,4359,234
51,5299,241
52,6484,312
53,7679,425
54,9250,480
55,11076,575
56,13334,689
57,15805,760
58,19008,1000
59,22368,1123
60,27110,1425
61,32508,1716
62,38131,1983
63,45622,2373
64,52336,2739
65,52378,2823
66,46002,2865
67,35020,2480
68,23724,1926
69,14715,1409
70,8360,971
71,4562,645
72,2312,359
73,1143,240
74,494,134
75,227,90
76,121,51
77,48,18
78,25,7
79,9,7
80,6,3
81,2,1
82,0,1
83,0,0
84,0,0
85,0,0
86,0,0
87,0,0
88,0,0
89,0,0
90,0,0
91,0,0
92,0,0
93,0,0
94,0,0
95,0,0
96,0,0
97,0,0
98,0,0
99,0,0
100,0,0
101,0,0
