1,1,0
2,0,0
3,0,0
4,0,0
5,3,0
6,1,0
7,0,0
8,1,0
9,0,0
10,0,0
11,1,1
12,4,0
13,4,0
14,3,0
15,8,0
16,9,0
17,13,0
18,19,1
19,11,0
20,27,2
21,33,3
22,38,1
23,62,4
24,56,2
25,82,3
26,107,2
27,137,6
28,151,6
29,146,12
30,205,11
31,269,13
32,293,10
33,330,16
34,469,22
35,522,20
36,596,30
37,823,45
38,925,45
39,1124,61
40,1479,84
41,1612,69
42,2044,99
43,2399,114
44,2894,131
45,3516,160
46,4109,210
47,5147,235
48,6183,303
49,7380,365
50,9023,414
51,10627,510
52,12604,664
53,15016,793
54,17917,903
55,21611,1141
56,26018,1276
57,31468,1633
58,37329,1961
59,44413,2317
60,51312,2695
61,53707,3037
62,48273,2891
63,38133,2568
64,26348,1995
65,16699,1543
66,9695,1106
67,5217,728
68,2728,441
69,1336,268
70,649,131
71,284,70
72,112,39
73,62,21
74,21,11
75,7,8
76,5,4
77,2,1
78,1,0
79,0,0
80,0,0
81,0,0
82,0,0
83,0,0
84,0,0
85,0,0
86,0,0
87,0,0
88,0,0
89,0,0
90,0,0
91,0,0
92,0,0
93,0,0
94,0,0
95,0,0
96,0,0
97,0,0
98,0,0
99,0,0
100,0,0
101,0,0
