1,1,0
2,0,0
3,1,0
4,1,1
5,6,0
6,6,0
7,8,0
8,10,1
9,6,0
10,12,0
11,18,3
12,14,0
13,19,0
14,20,2
15,38,2
16,43,3
17,49,3
18,63,2
19,105,4
20,122,2
21,150,4
22,192,7
23,199,11
24,235,7
25,280,12
26,309,16
27,365,25
28,454,29
29,534,26
30,613,29
31,798,35
32,970,51
33,1178,57
34,1455,81
35,1729,98
36,2037,96
37,2506,122
38,2907,158
39,3637,179
40,4172,200
41,5139,235
42,6168,314
43,7233,369
44,8747,442
45,10519,534
46,12410,670
47,14533,775
48,17538,901
49,21222,1115
50,24916,1280
51,30274,1672
52,35925,1836
53,42518,2256
54,49262,2567
55,51900,2902
56,47627,2884
57,37656,2515
58,26218,2105
59,16674,1645
60,9797,1017
61,5347,735
62,2725,464
63,1422,278
64,651,156
65,301,79
66,133,41
67,49,32
68,24,13
69,10,8
70,2,4
71,1,1
72,0,0
73,1,1
74,2,1
75,0,1
76,0,0
77,0,0
78,0,0
79,0,0
80,0,0
81,0,0
82,0,0
83,0,0
84,0,0
85,0,0
86,0,0
87,0,0
88,0,0
89,0,0
90,0,0
91,0,0
92,0,0
93,0,0
94,0,0
95,0,0
96,0,0
97,0,0
98,0,0
99,0,0
100,0,0
101,0,0
