1,1,0
2,0,0
3,0,0
4,2,0
5,1,0
6,3,0
7,2,0
8,2,0
9,2,0
10,0,0
11,5,0
12,4,0
13,4,0
14,5,0
15,2,1
16,4,0
17,3,0
18,1,2
19,6,1
20,4,0
21,0,0
22,2,0
23,5,1
24,11,0
25,11,0
26,15,0
27,2,1
28,13,1
29,17,0
30,16,3
31,23,0
32,33,1
33,38,3
34,31,0
35,45,3
36,56,4
37,55,3
38,64,2
39,86,3
40,107,4
41,113,8
42,143,12
43,215,16
44,242,8
45,286,13
46,349,15
47,357,18
48,466,30
49,547,31
50,686,35
51,799,35
52,979,52
53,1194,58
54,1427,69
55,1749,75
56,2014,111
57,2467,137
58,2967,152
59,3682,190
60,4270,227
61,5192,233
62,6314,319
63,7465,369
64,8714,426
65,10486,539
66,12537,679
67,15209,780
68,17980,914
69,21619,1064
70,26492,1360
71,31466,1673
72,37320,1863
73,44239,2336
74,51673,2659
75,53730,2888
76,48400,2872
77,38092,2622
78,26350,2089
79,16859,1486
80,9708,1071
81,5170,697
82,2681,446
83,1351,254
84,664,151
85,277,75
86,129,47
87,51,23
88,25,18
89,8,6
90,3,4
91,0,0
92,1,0
93,0,1
94,0,0
95,0,1
96,0,0
97,0,0
98,0,0
99,0,0
100,0,0
101,0,0
