1,1,0
2,0,0
3,0,0
4,0,0
5,3,0
6,1,0
7,2,0
8,5,0
9,2,0
10,1,0
11,2,1
12,3,1
13,4,0
14,3,2
15,3,0
16,1,1
17,3,0
18,8,0
19,4,0
20,7,0
21,9,1
22,13,0
23,10,1
24,12,0
25,14,1
26,9,2
27,7,1
28,7,2
29,14,2
30,9,0
31,15,5
32,20,0
33,23,1
34,25,1
35,28,4
36,43,2
37,32,2
38,55,1
39,55,3
40,53,5
41,97,7
42,113,6
43,126,8
44,136,6
45,165,11
46,193,14
47,217,14
48,254,25
49,302,22
50,388,19
51,486,21
52,525,35
53,652,34
54,789,41
55,923,45
56,1137,48
57,1281,60
58,1523,79
59,1891,80
60,2226,114
61,2758,127
62,3224,182
63,3993,227
64,4610,220
65,5403,290
66,6824,356
67,7833,429
68,9740,494
69,11627,622
70,13900,707
71,16947,845
72,20071,1006
73,24063,1156
74,28814,1458
75,34404,1814
76,41268,2144
77,48391,2540
78,52892,2904
79,50562,2886
80,41509,2705
81,30056,2280
82,19663,1737
83,11625,1193
84,6586,876
85,3347,562
86,1748,315
87,857,169
88,420,120
89,166,66
90,77,40
91,29,14
92,13,9
93,8,3
94,4,3
95,0,0
96,0,2
97,0,1
98,0,1
99,0,0
100,0,0
101,0,0
