1,1,0
2,0,0
3,0,0
4,1,0
5,4,0
6,2,0
7,2,0
8,2,0
9,5,0
10,4,0
11,10,1
12,6,0
13,7,0
14,12,0
15,23,1
16,20,0
17,33,0
18,27,0
19,27,3
20,38,1
21,33,2
22,34,5
23,55,3
24,49,2
25,73,7
26,72,4
27,80,6
28,110,7
29,109,1
30,134,10
31,159,6
32,197,8
33,183,12
34,270,14
35,316,17
36,383,15
37,448,25
38,567,24
39,699,45
40,892,39
41,961,55
42,1134,64
43,1399,68
44,1591,80
45,1870,109
46,2245,122
47,2636,143
48,3107,171
49,3738,198
50,4410,262
51,5257,263
52,6232,344
53,7465,444
54,8902,477
55,10562,565
56,12740,661
57,15403,793
58,18214,964
59,22245,1135
60,26223,1380
61,31304,1525
62,37418,1956
63,44721,2364
64,51632,2667
65,53461,2841
66,47311,2859
67,36490,2465
68,25033,1968
69,15659,1430
70,9167,955
71,5058,655
72,2506,387
73,1264,228
74,566,155
75,281,85
76,124,41
77,45,24
78,23,10
79,12,7
80,2,2
81,0,3
82,1,0
83,0,0
84,0,0
85,0,0
86,0,0
87,0,0
88,0,0
89,0,0
90,0,0
91,0,0
92,0,0
93,0,0
94,0,0
95,0,0
96,0,0
97,0,0
98,0,0
99,0,0
100,0,0
101,0,0
102,0,0
103,0,0
104,0,0
105,0,0
106,0,0
107,0,0
108,0,0
109,0,0
110,0,0
111,0,0
