1,1,0
2,0,0
3,0,0
4,0,0
5,1,0
6,1,0
7,2,0
8,2,0
9,0,0
10,2,1
11,2,1
12,5,1
13,6,0
14,3,0
15,9,0
16,6,0
17,12,0
18,5,0
19,5,0
20,17,0
21,16,1
22,28,1
23,32,0
24,36,1
25,48,1
26,57,7
27,48,3
28,74,2
29,88,4
30,117,6
31,174,7
32,187,5
33,194,7
34,227,21
35,285,15
36,315,20
37,432,18
38,474,21
39,593,21
40,644,41
41,755,50
42,893,58
43,1009,56
44,1236,70
45,1564,88
46,1806,89
47,2099,117
48,2612,139
49,3135,169
50,3928,190
51,4605,230
52,5519,284
53,6371,334
54,7847,425
55,9389,469
56,11335,570
57,13478,660
58,16159,874
59,19272,997
60,23293,1165
61,27423,1393
62,32537,1697
63,39058,2060
64,46711,2372
65,51650,2875
66,51060,2892
67,43423,2671
68,32464,2423
69,21843,1836
70,13381,1332
71,7419,862
72,3995,561
73,1944,320
74,964,224
75,476,124
76,178,69
77,95,35
78,36,17
79,17,9
80,6,8
81,0,4
82,1,0
83,1,0
84,0,0
85,0,0
86,0,0
87,0,0
88,0,0
89,0,0
90,0,0
91,0,0
92,0,0
93,0,0
94,0,0
95,0,0
96,0,0
97,0,0
98,0,0
99,0,0
100,0,0
101,0,0
102,0,0
103,0,0
104,0,0
105,0,0
106,0,0
107,0,0
108,0,0
109,0,0
110,0,0
111,0,0
