1,1,0
2,0,0
3,0,0
4,2,0
5,0,0
6,1,0
7,0,0
8,1,0
9,1,0
10,2,0
11,0,0
12,0,0
13,3,0
14,2,0
15,1,0
16,1,0
17,8,0
18,4,0
19,4,0
20,10,1
21,3,0
22,4,2
23,11,0
24,19,0
25,16,1
26,17,1
27,24,1
28,34,1
29,33,3
30,31,4
31,30,0
32,37,5
33,34,3
34,60,4
35,70,3
36,76,7
37,92,3
38,104,2
39,166,6
40,163,6
41,199,13
42,268,17
43,276,17
44,354,11
45,443,18
46,514,26
47,635,28
48,749,41
49,817,50
50,1000,62
51,1244,58
52,1516,67
53,1699,80
54,2034,108
55,2254,143
56,2824,169
57,3308,177
58,3941,216
59,4584,263
60,5537,314
61,6457,338
62,7555,440
63,9276,477
64,10663,552
65,12894,672
66,15526,902
67,18455,998
68,22206,1154
69,26613,1345
70,31608,1662
71,37922,1916
72,45114,2426
73,50812,2594
74,50844,2940
75,43544,2656
76,32731,2319
77,22298,1842
78,13519,1380
79,7572,900
80,4123,569
81,2184,383
82,1028,223
83,488,124
84,196,80
85,105,37
86,49,30
87,16,10
88,8,3
89,3,3
90,2,1
91,1,1
92,0,1
93,0,0
94,0,0
95,0,0
96,0,0
97,0,0
98,0,0
99,0,0
100,0,0
101,0,0
102,0,0
103,0,0
104,0,0
105,0,0
106,0,0
107,0,0
108,0,0
109,0,0
110,0,0
111,0,0
