1,1,0
2,0,0
3,0,0
4,1,0
5,3,0
6,6,0
7,6,0
8,4,0
9,8,0
10,12,0
11,26,0
12,16,1
13,22,1
14,36,0
15,22,2
16,43,2
17,50,3
18,42,2
19,68,5
20,75,4
21,86,8
22,104,7
23,156,15
24,168,4
25,170,7
26,263,9
27,317,8
28,359,12
29,478,19
30,542,27
31,698,38
32,774,46
33,1051,48
34,1183,52
35,1453,63
36,1817,74
37,2151,112
38,2590,122
39,3155,132
40,3449,186
41,4241,223
42,5065,265
43,6037,328
44,7168,412
45,8597,415
46,9866,531
47,12132,626
48,14560,766
49,17502,913
50,20763,1124
51,24658,1325
52,29823,1535
53,35956,1883
54,42527,2187
55,49196,2594
56,51998,2835
57,47142,2827
58,37311,2581
59,26285,2004
60,16812,1579
61,9698,1107
62,5424,690
63,2704,459
64,1343,282
65,651,155
66,319,72
67,136,38
68,56,25
69,15,9
70,5,6
71,7,3
72,3,1
73,2,0
74,1,1
75,0,0
76,0,0
77,1,0
78,0,0
79,0,0
80,0,0
81,0,0
82,0,0
83,0,0
84,0,0
85,0,0
86,0,0
87,0,0
88,0,0
89,0,0
90,0,0
91,0,0
92,0,0
93,0,0
94,0,0
95,0,0
96,0,0
97,0,0
98,0,0
99,0,0
100,0,0
101,0,0
102,0,0
103,0,0
104,0,0
105,0,0
106,0,0
107,0,0
108,0,0
109,0,0
110,0,0
111,0,0
