1,1,0
2,0,0
3,1,0
4,1,0
5,3,0
6,5,0
7,2,0
8,3,0
9,1,0
10,9,0
11,3,1
12,3,1
13,4,0
14,2,0
15,3,1
16,6,0
17,8,3
18,4,1
19,4,0
20,10,0
21,7,0
22,7,0
23,6,0
24,27,0
25,22,0
26,24,1
27,19,2
28,32,1
29,34,4
30,28,2
31,38,4
32,43,1
33,57,7
34,74,2
35,92,5
36,149,8
37,132,8
38,178,10
39,191,7
40,252,18
41,291,17
42,344,19
43,421,16
44,529,25
45,598,22
46,739,43
47,867,49
48,994,58
49,1224,71
50,1444,77
51,1712,102
52,2056,127
53,2467,114
54,3021,164
55,3446,167
56,4152,239
57,5129,264
58,5818,332
59,7091,353
60,8231,407
61,9952,507
62,11893,600
63,14321,825
64,17040,904
65,20252,1035
66,24378,1252
67,29040,1445
68,34438,1823
69,41401,2199
70,48115,2522
71,51600,2833
72,47931,2806
73,38109,2563
74,27008,2123
75,17342,1575
76,10240,1094
77,5755,750
78,2887,474
79,1435,277
80,716,152
81,355,113
82,144,47
83,64,20
84,29,20
85,17,5
86,9,3
87,1,2
88,0,0
89,0,0
90,0,0
91,0,0
92,0,0
93,0,0
94,0,0
95,0,0
96,0,0
97,0,0
98,0,0
99,0,0
100,0,0
101,0,0
102,0,0
103,0,0
104,0,0
105,0,0
106,0,0
107,0,0
108,0,0
109,0,0
110,0,0
111,0,0
