1,1,0
2,0,0
3,0,0
4,0,0
5,1,0
6,2,0
7,0,0
8,1,0
9,2,0
10,0,0
11,0,0
12,3,0
13,2,0
14,4,0
15,2,0
16,3,1
17,8,0
18,4,1
19,6,0
20,6,1
21,13,1
22,11,0
23,26,1
24,26,0
25,29,1
26,41,0
27,69,2
28,60,1
29,86,2
30,123,1
31,137,6
32,149,9
33,199,6
34,188,11
35,262,17
36,307,16
37,345,19
38,395,23
39,464,22
40,560,32
41,648,35
42,743,45
43,909,55
44,1061,51
45,1302,88
46,1536,98
47,1798,97
48,2104,135
49,2566,160
50,3087,164
51,3673,208
52,4442,249
53,5301,278
54,6374,315
55,7757,397
56,9163,440
57,11237,552
58,13450,700
59,15999,769
60,19168,966
61,23007,1169
62,27575,1337
63,33213,1725
64,39713,2080
65,47743,2358
66,53875,2807
67,54368,2926
68,46381,2881
69,35193,2466
70,23719,1873
71,14515,1353
72,8422,960
73,4389,536
74,2305,373
75,1091,216
76,485,133
77,240,70
78,90,31
79,37,20
80,20,5
81,10,4
82,3,2
83,0,1
84,2,0
85,0,0
86,0,0
87,0,0
88,0,0
89,0,0
90,0,0
91,0,0
92,0,0
93,0,0
94,0,0
95,0,0
96,0,0
97,0,0
98,0,0
99,0,0
100,0,0
101,0,0
102,0,0
103,0,0
104,0,0
105,0,0
106,0,0
107,0,0
108,0,0
109,0,0
110,0,0
111,0,0
