1,1,0
2,0,0
3,0,0
4,0,0
5,0,0
6,0,0
7,2,0
8,0,0
9,0,0
10,2,0
11,1,0
12,4,0
13,2,0
14,5,0
15,4,0
16,7,0
17,4,0
18,7,1
19,8,1
20,7,1
21,9,3
22,3,0
23,7,2
24,12,0
25,11,0
26,17,0
27,17,0
28,18,1
29,29,3
30,40,4
31,60,0
32,72,3
33,84,2
34,84,6
35,109,3
36,118,7
37,129,6
38,143,13
39,189,11
40,227,7
41,252,12
42,292,24
43,365,21
44,475,12
45,543,30
46,664,33
47,863,41
48,987,39
49,1296,46
50,1507,62
51,1856,77
52,2173,99
53,2540,122
54,3080,137
55,3681,173
56,4471,243
57,5185,287
58,6269,360
59,7395,416
60,8893,430
61,10419,576
62,12454,633
63,14828,819
64,17790,932
65,21491,1051
66,25549,1287
67,30535,1596
68,36764,1966
69,43424,2186
70,50389,2594
71,52027,2931
72,47145,2786
73,36879,2461
74,25342,1950
75,16070,1446
76,9416,1058
77,5320,744
78,2613,419
79,1271,292
80,614,159
81,290,80
82,129,35
83,44,26
84,20,16
85,10,4
86,6,6
87,1,3
88,1,1
89,0,0
90,0,0
91,0,0
92,0,0
93,0,1
94,0,0
95,0,0
96,0,0
97,0,0
98,0,0
99,0,0
100,0,0
101,0,0
102,0,0
103,0,0
104,0,0
105,0,0
106,0,0
107,0,0
108,0,0
109,0,0
110,0,0
111,0,0
