1,1,0
2,0,0
3,0,0
4,0,0
5,1,0
6,2,0
7,0,0
8,1,0
9,2,0
10,1,0
11,1,0
12,1,0
13,3,0
14,2,1
15,1,1
16,3,0
17,3,1
18,1,0
19,2,0
20,2,0
21,3,0
22,3,0
23,2,0
24,7,0
25,8,0
26,14,0
27,16,1
28,14,0
29,16,1
30,38,1
31,54,1
32,40,1
33,38,1
34,50,3
35,73,3
36,62,4
37,95,5
38,106,4
39,140,6
40,154,10
41,197,3
42,217,9
43,256,14
44,323,23
45,368,15
46,441,24
47,452,27
48,581,28
49,614,36
50,751,51
51,926,67
52,1104,53
53,1379,73
54,1567,64
55,1856,105
56,2112,120
57,2600,166
58,3096,174
59,3709,208
60,4395,227
61,5260,288
62,6418,324
63,7415,402
64,8867,470
65,10541,581
66,12378,682
67,14855,776
68,17680,958
69,21274,1101
70,25383,1362
71,29980,1598
72,35718,1871
73,43154,2229
74,49499,2643
75,51288,2828
76,46639,2719
77,36316,2500
78,25046,2047
79,15686,1475
80,8966,969
81,4952,663
82,2499,405
83,1298,255
84,615,156
85,279,105
86,130,52
87,52,19
88,19,11
89,6,6
90,6,2
91,1,3
92,0,1
93,0,1
94,0,0
95,0,0
96,0,0
97,0,0
98,0,0
99,0,0
100,0,0
101,0,0
102,0,0
103,0,0
104,0,0
105,0,0
106,0,0
107,0,0
108,0,0
109,0,0
110,0,0
111,0,0
