1,1,0
2,0,0
3,0,0
4,0,0
5,0,0
6,2,0
7,2,0
8,0,0
9,1,0
10,2,0
11,2,0
12,4,0
13,1,0
14,3,0
15,2,0
16,4,0
17,5,1
18,17,0
19,16,0
20,20,2
21,27,0
22,39,1
23,55,4
24,56,3
25,69,1
26,80,7
27,90,4
28,123,5
29,132,6
30,158,11
31,134,8
32,243,17
33,224,19
34,271,24
35,344,17
36,381,24
37,414,31
38,551,20
39,647,28
40,789,46
41,863,47
42,1035,61
43,1213,67
44,1512,89
45,1800,113
46,2151,118
47,2572,121
48,3111,143
49,3609,179
50,4377,223
51,4961,241
52,6062,335
53,7238,354
54,8657,469
55,10524,555
56,12505,643
57,15174,740
58,18104,934
59,21880,1167
60,25995,1343
61,31231,1564
62,37350,1857
63,44333,2261
64,50750,2702
65,52578,2919
66,46673,2713
67,36057,2534
68,24552,1976
69,15339,1481
70,8959,989
71,4818,644
72,2447,417
73,1187,235
74,572,163
75,237,85
76,110,37
77,44,28
78,27,9
79,8,6
80,4,4
81,2,2
82,0,1
83,0,0
84,0,0
85,0,0
86,0,0
87,0,0
88,0,0
89,0,0
90,0,0
91,0,0
92,0,0
93,0,0
94,0,0
95,0,0
96,0,0
97,0,0
98,0,0
99,0,0
100,0,0
101,0,0
102,0,0
103,0,0
104,0,0
105,0,0
106,0,0
107,0,0
108,0,0
109,0,0
110,0,0
111,0,0
