1,1,0
2,0,0
3,0,0
4,1,0
5,0,0
6,3,0
7,2,0
8,2,0
9,8,0
10,7,0
11,4,0
12,20,2
13,16,0
14,15,0
15,32,2
16,30,1
17,43,0
18,35,0
19,64,4
20,87,0
21,99,5
22,120,4
23,158,11
24,183,6
25,174,8
26,202,15
27,225,11
28,281,13
29,379,20
30,462,24
31,536,31
32,697,34
33,786,37
34,1002,41
35,1150,57
36,1318,61
37,1636,87
38,2009,98
39,2402,133
40,2792,165
41,3335,179
42,4018,210
43,4694,280
44,5534,301
45,6931,349
46,8266,474
47,9694,513
48,11874,597
49,14070,747
50,16570,849
51,20172,1056
52,24176,1153
53,29039,1466
54,34427,1765
55,41513,2157
56,48872,2501
57,53648,2861
58,51236,2920
59,42268,2731
60,30756,2258
61,20030,1758
62,12168,1237
63,6673,825
64,3604,508
65,1715,308
66,837,169
67,412,94
68,178,53
69,79,40
70,43,11
71,13,6
72,2,2
73,3,1
74,0,2
75,2,0
76,0,0
77,0,0
78,0,0
79,0,0
80,0,0
81,0,0
82,0,0
83,0,0
84,0,0
85,0,0
86,0,0
87,0,0
88,0,0
89,0,0
90,0,0
91,0,0
92,0,0
93,0,0
94,0,0
95,0,0
96,0,0
97,0,0
98,0,0
99,0,0
100,0,0
101,0,0
102,0,0
103,0,0
104,0,0
105,0,0
106,0,0
107,0,0
108,0,0
109,0,0
110,0,0
111,0,0
