1,1,0
2,0,0
3,0,0
4,2,0
5,0,0
6,2,0
7,1,0
8,5,0
9,1,1
10,5,0
11,3,1
12,1,1
13,2,0
14,8,1
15,10,0
16,10,0
17,16,1
18,19,2
19,18,0
20,14,3
21,22,4
22,35,3
23,34,1
24,47,2
25,66,4
26,69,3
27,119,7
28,148,7
29,165,8
30,178,8
31,215,11
32,282,21
33,298,17
34,361,17
35,430,27
36,522,37
37,607,35
38,770,44
39,901,43
40,1055,64
41,1392,53
42,1681,64
43,1990,86
44,2388,119
45,2763,146
46,3457,158
47,3992,191
48,4809,244
49,5650,307
50,6750,345
51,8230,440
52,9764,503
53,11848,648
54,13776,720
55,16662,868
56,19581,1063
57,23291,1267
58,28109,1438
59,33317,1761
60,39890,2115
61,47025,2490
62,52187,2871
63,50349,2903
64,42095,2677
65,31127,2256
66,20257,1714
67,12298,1211
68,7128,878
69,3608,590
70,1845,295
71,852,217
72,411,114
73,193,52
74,93,43
75,34,13
76,21,9
77,10,4
78,4,2
79,0,0
80,0,0
81,0,1
82,0,0
83,0,1
84,0,0
85,0,0
86,0,0
87,0,0
88,0,0
89,0,0
90,0,0
91,0,0
92,0,0
93,0,0
94,0,0
95,0,0
96,0,0
97,0,0
98,0,0
99,0,0
100,0,0
101,0,0
102,0,0
103,0,0
104,0,0
105,0,0
106,0,0
107,0,0
108,0,0
109,0,0
110,0,0
111,0,0
