1,1,0
2,0,0
3,1,0
4,1,0
5,1,0
6,5,0
7,4,0
8,1,0
9,1,0
10,2,0
11,1,1
12,3,0
13,2,0
14,3,0
15,2,0
16,1,0
17,2,1
18,1,1
19,4,0
20,5,0
21,3,0
22,4,0
23,6,0
24,9,1
25,11,1
26,9,0
27,8,0
28,18,1
29,16,1
30,18,1
31,22,1
32,16,1
33,31,2
34,41,2
35,47,2
36,63,2
37,65,4
38,81,4
39,139,3
40,170,6
41,171,8
42,212,10
43,289,16
44,312,17
45,361,19
46,455,18
47,542,29
48,701,29
49,779,26
50,933,43
51,1127,61
52,1308,83
53,1583,84
54,1876,112
55,2219,153
56,2660,127
57,3277,170
58,3977,178
59,4581,259
60,5570,260
61,6722,327
62,8006,436
63,9646,430
64,11463,565
65,13700,672
66,16288,818
67,19477,1045
68,23702,1201
69,28345,1495
70,33615,1786
71,40933,2056
72,47462,2496
73,53270,2824
74,51470,2993
75,42856,2692
76,31715,2282
77,21161,1725
78,12746,1253
79,7099,855
80,3712,531
81,1804,354
82,920,206
83,401,109
84,161,56
85,83,31
86,31,15
87,14,3
88,8,4
89,5,2
90,1,2
91,2,2
92,0,1
93,0,0
94,0,0
95,0,0
96,0,0
97,0,0
98,0,0
99,0,0
100,0,0
101,0,0
102,0,0
103,0,0
104,0,0
105,0,0
106,0,0
107,0,0
108,0,0
109,0,0
110,0,0
111,0,0
112,0,0
113,0,0
