1,1,0
2,0,0
3,1,0
4,0,0
5,3,0
6,3,0
7,2,0
8,2,0
9,2,0
10,1,0
11,2,0
12,9,0
13,8,1
14,8,1
15,10,1
16,8,1
17,9,1
18,14,1
19,25,2
20,31,0
21,29,1
22,45,2
23,39,2
24,52,4
25,69,3
26,98,3
27,125,2
28,136,3
29,166,2
30,150,15
31,178,12
32,223,12
33,297,10
34,372,16
35,444,15
36,538,29
37,606,29
38,755,31
39,881,36
40,1030,55
41,1190,63
42,1432,78
43,1738,114
44,2018,135
45,2388,162
46,2788,142
47,3277,194
48,3760,237
49,4529,252
50,5334,270
51,6294,310
52,7471,438
53,9007,448
54,10766,549
55,12784,650
56,15355,776
57,18370,1008
58,22069,1154
59,26277,1318
60,31251,1592
61,37610,1928
62,45247,2341
63,50760,2659
64,51147,2883
65,45050,2815
66,34376,2394
67,23128,1905
68,14414,1357
69,8341,928
70,4338,649
71,2195,396
72,1116,228
73,508,131
74,247,81
75,118,39
76,47,15
77,25,10
78,13,9
79,2,1
80,1,1
81,0,2
82,0,1
83,0,0
84,0,0
85,0,0
86,0,0
87,0,0
88,0,0
89,0,0
90,0,0
91,0,0
92,0,0
93,0,0
94,0,0
95,0,0
96,0,0
97,0,0
98,0,0
99,0,0
100,0,0
101,0,0
102,0,0
103,0,0
104,0,0
105,0,0
106,0,0
107,0,0
108,0,0
109,0,0
110,0,0
111,0,0
112,0,0
113,0,0
