1,1,0
2,0,0
3,0,0
4,0,0
5,1,0
6,2,0
7,1,0
8,2,0
9,7,0
10,14,0
11,11,0
12,15,1
13,9,0
14,22,1
15,15,1
16,22,1
17,22,0
18,20,0
19,29,3
20,41,0
21,39,4
22,58,1
23,82,0
24,94,3
25,115,6
26,142,4
27,183,8
28,197,9
29,262,9
30,285,16
31,361,25
32,394,27
33,550,22
34,664,33
35,742,28
36,918,48
37,1090,61
38,1307,62
39,1604,69
40,1879,79
41,2292,124
42,2792,136
43,3285,172
44,3976,180
45,4684,233
46,5643,314
47,6932,341
48,8203,416
49,9972,507
50,11686,563
51,13851,699
52,16863,806
53,20319,982
54,24480,1288
55,29230,1505
56,34992,1748
57,42261,2158
58,49387,2497
59,54511,2872
60,51047,2942
61,41559,2719
62,29781,2229
63,19351,1619
64,11374,1147
65,6470,793
66,3335,506
67,1663,319
68,784,179
69,370,113
70,160,60
71,69,27
72,31,22
73,14,10
74,5,1
75,2,0
76,1,1
77,0,0
78,0,0
79,0,0
80,0,0
81,0,0
82,0,0
83,0,0
84,0,0
85,0,0
86,0,0
87,0,0
88,0,0
89,0,0
90,0,0
91,0,0
92,0,0
93,0,0
94,0,0
95,0,0
96,0,0
97,0,0
98,0,0
99,0,0
100,0,0
101,0,0
102,0,0
103,0,0
104,0,0
105,0,0
106,0,0
107,0,0
108,0,0
109,0,0
110,0,0
111,0,0
112,0,0
113,0,0
