1,1,0
2,0,0
3,0,0
4,1,0
5,3,0
6,4,1
7,3,0
8,4,0
9,1,0
10,6,1
11,1,0
12,3,0
13,1,0
14,2,0
15,2,0
16,5,1
17,4,1
18,9,0
19,4,0
20,2,2
21,9,1
22,11,1
23,6,0
24,10,0
25,10,0
26,8,0
27,14,1
28,16,1
29,27,1
30,17,0
31,18,1
32,34,0
33,38,1
34,45,4
35,39,2
36,55,1
37,81,4
38,90,6
39,81,5
40,105,6
41,134,5
42,112,9
43,155,9
44,228,5
45,267,11
46,301,19
47,370,14
48,442,20
49,515,25
50,612,35
51,764,35
52,847,43
53,984,56
54,1365,52
55,1660,85
56,1977,100
57,2267,107
58,2872,137
59,3315,159
60,3925,194
61,4742,217
62,5878,285
63,6971,360
64,8456,463
65,9739,530
66,11717,618
67,13867,709
68,16921,859
69,20383,1089
70,24261,1254
71,28576,1530
72,34130,1739
73,41053,2135
74,48251,2501
75,52708,2819
76,50386,2807
77,41559,2698
78,30251,2265
79,19416,1697
80,11569,1261
81,6510,817
82,3420,486
83,1751,305
84,850,196
85,383,119
86,173,65
87,72,33
88,22,15
89,12,10
90,8,4
91,3,3
92,0,1
93,0,0
94,0,0
95,0,0
96,0,0
97,0,0
98,0,0
99,0,0
100,0,0
101,0,0
102,0,0
103,0,0
104,0,0
105,0,0
106,0,0
107,0,0
108,0,0
109,0,0
110,0,0
111,0,0
112,0,0
113,0,0
