1,1,0
2,0,0
3,0,0
4,2,0
5,2,0
6,5,0
7,5,0
8,1,0
9,5,0
10,6,0
11,10,1
12,1,0
13,7,0
14,6,0
15,15,4
16,16,1
17,20,0
18,29,3
19,26,1
20,47,0
21,49,3
22,69,1
23,81,2
24,116,2
25,113,4
26,148,9
27,175,8
28,212,11
29,250,12
30,316,13
31,360,17
32,453,15
33,542,29
34,620,37
35,726,50
36,896,51
37,1032,63
38,1285,64
39,1518,83
40,1788,102
41,2231,121
42,2541,136
43,3074,173
44,3777,216
45,4567,232
46,5483,294
47,6624,319
48,7861,385
49,9360,502
50,11021,609
51,13414,726
52,15846,886
53,18758,956
54,22427,1153
55,26926,1358
56,32282,1608
57,38446,2027
58,46152,2363
59,51794,2729
60,51712,2939
61,44378,2701
62,33415,2335
63,22481,1887
64,13730,1364
65,7879,916
66,4139,620
67,2075,375
68,1027,232
69,517,115
70,222,65
71,96,32
72,46,14
73,11,8
74,7,4
75,3,2
76,3,0
77,0,1
78,0,0
79,0,0
80,0,0
81,0,0
82,0,0
83,0,0
84,0,0
85,0,0
86,0,0
87,0,0
88,0,0
89,0,0
90,0,0
91,0,0
92,0,0
93,0,0
94,0,0
95,0,0
96,0,0
97,0,0
98,0,0
99,0,0
100,0,0
101,0,0
102,0,0
103,0,0
104,0,0
105,0,0
106,0,0
107,0,0
108,0,0
109,0,0
110,0,0
111,0,0
112,0,0
113,0,0
