1,1,0
2,0,0
3,0,0
4,1,0
5,1,0
6,2,0
7,2,0
8,1,0
9,5,0
10,1,0
11,2,1
12,4,1
13,6,1
14,8,1
15,6,0
16,6,0
17,6,1
18,11,2
19,9,0
20,5,0
21,5,0
22,10,2
23,14,1
24,17,2
25,7,0
26,14,0
27,14,2
28,13,0
29,14,3
30,15,0
31,24,3
32,19,2
33,11,1
34,19,5
35,33,1
36,43,2
37,39,6
38,61,3
39,48,4
40,84,6
41,94,7
42,105,5
43,140,4
44,166,7
45,194,10
46,200,14
47,248,15
48,297,14
49,372,11
50,417,24
51,537,33
52,632,31
53,741,39
54,952,46
55,1089,52
56,1362,60
57,1664,86
58,2028,101
59,2379,117
60,2771,146
61,3405,186
62,4127,210
63,4805,235
64,5810,308
65,6876,344
66,8251,426
67,9874,508
68,11761,604
69,13608,703
70,16614,851
71,19911,1025
72,23783,1276
73,28522,1401
74,34337,1841
75,40707,2106
76,48320,2508
77,52806,2768
78,50167,2883
79,41986,2545
80,30055,2257
81,19739,1698
82,11934,1203
83,6545,843
84,3460,546
85,1764,336
86,853,174
87,386,119
88,168,60
89,81,29
90,33,19
91,8,12
92,5,3
93,2,5
94,1,2
95,0,1
96,0,0
97,0,0
98,0,0
99,0,1
100,0,0
101,0,0
102,0,0
103,0,0
104,0,0
105,0,0
106,0,0
107,0,0
108,0,0
109,0,0
110,0,0
111,0,0
112,0,0
113,0,0
