1,1,0
2,0,0
3,0,0
4,1,0
5,0,0
6,3,0
7,1,0
8,5,0
9,0,0
10,5,0
11,17,0
12,18,1
13,15,0
14,21,2
15,29,0
16,32,3
17,27,0
18,41,3
19,53,4
20,35,2
21,50,7
22,60,2
23,92,4
24,98,5
25,148,7
26,200,2
27,268,8
28,311,10
29,346,13
30,471,22
31,564,28
32,621,39
33,727,48
34,881,61
35,1037,54
36,1211,49
37,1516,77
38,1796,91
39,2122,121
40,2538,144
41,3161,160
42,3693,184
43,4462,185
44,5306,298
45,6289,335
46,7640,397
47,9191,466
48,11040,563
49,12887,663
50,15461,781
51,18995,908
52,22104,1132
53,26721,1353
54,32464,1648
55,38635,1957
56,46233,2295
57,51398,2672
58,52462,3060
59,46039,2837
60,34935,2460
61,23717,1951
62,14722,1439
63,8385,995
64,4609,642
65,2269,388
66,1181,232
67,558,129
68,235,74
69,108,41
70,38,19
71,27,16
72,8,9
73,3,4
74,4,0
75,0,1
76,0,0
77,0,1
78,0,0
79,0,0
80,0,0
81,0,0
82,0,0
83,0,0
84,0,0
85,0,0
86,0,0
87,0,0
88,0,0
89,0,0
90,0,0
91,0,0
92,0,0
93,0,0
94,0,0
95,0,0
96,0,0
97,0,0
98,0,0
99,0,0
100,0,0
101,0,0
102,0,0
103,0,0
104,0,0
105,0,0
106,0,0
107,0,0
108,0,0
109,0,0
110,0,0
111,0,0
112,0,0
113,0,0
