1,1,0
2,0,0
3,1,0
4,0,0
5,2,0
6,2,0
7,6,0
8,7,0
9,5,0
10,7,0
11,6,1
12,9,0
13,15,1
14,17,2
15,12,1
16,17,0
17,25,2
18,23,1
19,31,2
20,47,1
21,48,1
22,72,1
23,85,5
24,98,4
25,111,6
26,136,5
27,159,10
28,179,7
29,210,10
30,255,19
31,371,18
32,386,13
33,447,23
34,535,22
35,622,32
36,779,28
37,932,38
38,1125,63
39,1306,64
40,1627,79
41,1808,111
42,2131,134
43,2607,146
44,3006,178
45,3643,188
46,4298,229
47,5084,316
48,6321,317
49,7418,409
50,8975,473
51,10880,537
52,12910,715
53,15336,803
54,18356,944
55,22079,1148
56,26503,1433
57,31796,1640
58,37600,1899
59,45299,2262
60,51332,2694
61,51913,2928
62,45293,2948
63,34656,2307
64,23369,1918
65,14411,1402
66,8431,945
67,4476,634
68,2429,395
69,1111,242
70,532,123
71,239,71
72,92,31
73,41,25
74,18,12
75,7,7
76,3,5
77,3,2
78,0,0
79,0,0
80,1,0
81,0,0
82,0,0
83,0,0
84,0,0
85,0,0
86,0,0
87,0,0
88,0,0
89,0,0
90,0,0
91,0,0
92,0,0
93,0,0
94,0,0
95,0,0
96,0,0
97,0,0
98,0,0
99,0,0
100,0,0
101,0,0
102,0,0
103,0,0
104,0,0
105,0,0
106,0,0
107,0,0
108,0,0
109,0,0
110,0,0
111,0,0
112,0,0
113,0,0
