1,1,0
2,0,0
3,0,0
4,1,0
5,3,0
6,6,0
7,1,0
8,1,0
9,8,0
10,4,0
11,6,0
12,11,1
13,10,0
14,4,0
15,8,1
16,7,1
17,9,2
18,15,1
19,18,1
20,13,0
21,21,0
22,27,1
23,34,1
24,42,2
25,33,3
26,42,1
27,70,3
28,63,2
29,86,2
30,95,2
31,120,4
32,164,11
33,224,9
34,231,9
35,303,13
36,363,16
37,456,20
38,517,23
39,544,24
40,664,30
41,811,45
42,969,56
43,1072,63
44,1282,78
45,1509,99
46,1766,104
47,2150,100
48,2391,115
49,2962,171
50,3403,183
51,3836,249
52,4679,281
53,5764,320
54,6653,315
55,7780,455
56,9436,499
57,11311,609
58,13514,678
59,16050,815
60,19521,1023
61,23239,1163
62,27894,1430
63,33478,1741
64,39907,2064
65,47631,2503
66,52816,2859
67,51284,2905
68,43092,2601
69,31227,2232
70,20797,1814
71,12481,1212
72,7090,832
73,3868,562
74,1738,331
75,877,187
76,425,119
77,177,57
78,87,31
79,37,22
80,16,13
81,8,6
82,3,1
83,1,2
84,1,0
85,0,1
86,0,3
87,0,0
88,0,0
89,0,0
90,0,0
91,0,0
92,0,0
93,0,0
94,0,0
95,0,0
96,0,0
97,0,0
98,0,0
99,0,0
100,0,0
101,0,0
102,0,0
103,0,0
104,0,0
105,0,0
106,0,0
107,0,0
108,0,0
109,0,0
110,0,0
111,0,0
112,0,0
113,0,0
