1,1,0
2,0,0
3,2,0
4,1,0
5,4,0
6,3,0
7,1,0
8,7,0
9,5,0
10,4,0
11,3,0
12,4,0
13,5,0
14,8,1
15,6,0
16,4,2
17,12,0
18,5,0
19,14,1
20,13,1
21,25,2
22,20,2
23,28,1
24,16,0
25,25,0
26,25,4
27,35,3
28,27,3
29,30,1
30,46,5
31,42,3
32,58,1
33,91,5
34,97,5
35,129,6
36,151,15
37,155,10
38,176,11
39,245,13
40,237,15
41,308,23
42,339,15
43,377,26
44,483,28
45,591,32
46,674,40
47,857,37
48,998,65
49,1304,70
50,1487,80
51,1835,93
52,2275,112
53,2628,127
54,3141,150
55,3798,169
56,4605,230
57,5471,265
58,6667,335
59,7971,396
60,9529,479
61,11346,572
62,13610,709
63,16257,853
64,19413,982
65,23328,1140
66,27694,1398
67,33191,1694
68,39181,2025
69,46972,2418
70,52198,2790
71,51062,2843
72,43629,2752
73,32144,2329
74,21260,1833
75,13051,1295
76,7210,921
77,3916,584
78,2000,334
79,983,228
80,440,129
81,179,61
82,81,36
83,51,27
84,14,5
85,7,5
86,2,2
87,1,2
88,0,0
89,0,0
90,0,0
91,0,0
92,0,0
93,0,0
94,0,0
95,0,0
96,0,0
97,0,0
98,0,0
99,0,0
100,0,0
101,0,0
102,0,0
103,0,0
104,0,0
105,0,0
106,0,0
107,0,0
108,0,0
109,0,0
110,0,0
111,0,0
112,0,0
113,0,0
