1,1,0
2,0,0
3,1,0
4,4,0
5,4,0
6,3,0
7,5,0
8,4,0
9,5,1
10,5,1
11,8,0
12,9,0
13,13,0
14,15,0
15,7,1
16,15,4
17,15,0
18,25,2
19,10,0
20,25,0
21,39,2
22,40,1
23,56,3
24,70,1
25,57,3
26,104,6
27,117,9
28,152,6
29,157,6
30,198,13
31,216,10
32,214,9
33,290,21
34,362,17
35,421,21
36,483,36
37,656,38
38,767,29
39,944,46
40,1100,58
41,1367,67
42,1630,84
43,1922,92
44,2313,114
45,2768,137
46,3260,194
47,3925,198
48,4684,227
49,5559,284
50,6520,342
51,8172,407
52,9660,517
53,11609,553
54,13851,705
55,16407,797
56,19633,979
57,23302,1189
58,28166,1506
59,33465,1744
60,39756,2062
61,47810,2450
62,52750,2697
63,50824,2898
64,42875,2729
65,31730,2228
66,20788,1725
67,12470,1255
68,6854,871
69,3782,566
70,1903,343
71,872,196
72,411,111
73,193,58
74,76,41
75,36,16
76,22,8
77,5,2
78,2,3
79,1,0
80,1,0
81,1,1
82,0,0
83,0,0
84,0,0
85,0,0
86,0,0
87,0,0
88,0,0
89,0,0
90,0,0
91,0,0
92,0,0
93,0,0
94,0,0
95,0,0
96,0,0
97,0,0
98,0,0
99,0,0
100,0,0
101,0,0
102,0,0
103,0,0
104,0,0
105,0,0
106,0,0
107,0,0
108,0,0
109,0,0
110,0,0
111,0,0
112,0,0
113,0,0
