1,1,0
2,0,0
3,0,0
4,1,0
5,2,0
6,4,0
7,5,0
8,4,0
9,15,0
10,16,1
11,21,0
12,34,0
13,40,0
14,31,0
15,60,3
16,65,2
17,86,1
18,99,8
19,111,10
20,149,1
21,170,5
22,189,14
23,247,17
24,293,12
25,377,15
26,429,15
27,500,28
28,666,35
29,797,38
30,939,43
31,1093,50
32,1309,69
33,1525,92
34,1802,102
35,2220,124
36,2658,141
37,3050,150
38,3667,199
39,4394,215
40,5119,278
41,6231,298
42,7432,410
43,8900,484
44,10469,526
45,12653,660
46,15097,793
47,17722,941
48,21437,1128
49,25571,1310
50,30616,1572
51,36917,1910
52,43860,2312
53,50720,2588
54,52089,2897
55,47000,2789
56,36662,2530
57,25223,2028
58,15806,1504
59,9228,1043
60,5033,695
61,2689,443
62,1259,257
63,645,150
64,283,86
65,132,48
66,54,32
67,20,12
68,9,7
69,3,3
70,2,2
71,1,0
72,0,0
73,0,0
74,0,0
75,0,0
76,0,0
77,0,0
78,0,0
79,0,0
80,0,0
81,0,0
82,0,0
83,0,0
84,0,0
85,0,0
86,0,0
87,0,0
88,0,0
89,0,0
90,0,0
91,0,0
92,0,0
93,0,0
94,0,0
95,0,0
96,0,0
97,0,0
98,0,0
99,0,0
100,0,0
101,0,0
102,0,0
103,0,0
104,0,0
105,0,0
106,0,0
107,0,0
108,0,0
109,0,0
110,0,0
111,0,0
112,0,0
113,0,0
