1,1,0
2,0,0
3,0,0
4,0,0
5,4,0
6,1,0
7,1,0
8,3,1
9,2,0
10,3,0
11,0,0
12,1,1
13,2,1
14,1,0
15,2,2
16,5,0
17,0,1
18,4,0
19,4,0
20,5,0
21,14,0
22,18,0
23,20,0
24,25,0
25,26,2
26,45,1
27,44,0
28,37,2
29,49,1
30,76,2
31,73,6
32,100,9
33,102,9
34,123,3
35,165,11
36,182,9
37,213,10
38,253,19
39,306,15
40,351,29
41,403,16
42,538,31
43,653,24
44,755,36
45,927,57
46,1113,64
47,1323,63
48,1562,64
49,1841,109
50,2255,131
51,2730,135
52,3241,151
53,3995,202
54,4806,237
55,5783,297
56,7161,340
57,8353,401
58,10149,475
59,12141,587
60,14390,721
61,17311,905
62,20680,1076
63,24799,1229
64,30003,1552
65,35829,1787
66,42765,2110
67,49971,2564
68,54514,2864
69,51228,2992
70,41351,2621
71,29778,2228
72,19156,1693
73,11407,1141
74,6169,805
75,3316,566
76,1593,332
77,812,192
78,380,102
79,158,58
80,83,21
81,37,14
82,8,7
83,4,3
84,5,2
85,0,0
86,0,0
87,0,0
88,0,0
89,0,0
90,0,0
91,0,0
92,0,0
93,0,0
94,0,0
95,0,0
96,0,0
97,0,0
98,0,0
99,0,0
100,0,0
101,0,0
102,0,0
103,0,0
104,0,0
105,0,0
106,0,0
107,0,0
108,0,0
109,0,0
110,0,0
111,0,0
112,0,0
113,0,0
