1,1,0
2,0,0
3,0,0
4,1,0
5,0,0
6,1,0
7,3,0
8,3,0
9,6,0
10,9,0
11,25,0
12,16,1
13,19,1
14,23,0
15,34,2
16,27,3
17,31,0
18,42,5
19,46,2
20,53,1
21,56,3
22,63,4
23,66,4
24,99,3
25,118,8
26,156,10
27,185,8
28,229,7
29,273,19
30,277,8
31,332,19
32,366,23
33,409,22
34,521,23
35,652,41
36,765,32
37,972,52
38,1187,61
39,1329,71
40,1687,68
41,2026,93
42,2363,135
43,2877,165
44,3513,177
45,4011,187
46,4938,250
47,5961,314
48,7143,368
49,8414,417
50,10137,529
51,12051,612
52,14397,748
53,17128,882
54,20712,1054
55,25083,1275
56,29459,1583
57,35474,1789
58,42078,2246
59,49696,2580
60,53208,2915
61,49684,2888
62,39723,2559
63,28227,2096
64,18256,1686
65,10778,1154
66,5981,729
67,3039,476
68,1539,279
69,758,187
70,356,95
71,145,46
72,74,28
73,29,12
74,14,4
75,3,4
76,2,3
77,2,1
78,0,0
79,1,0
80,0,0
81,0,0
82,0,0
83,0,0
84,0,0
85,0,0
86,0,0
87,0,0
88,0,0
89,0,0
90,0,0
91,0,0
92,0,0
93,0,0
94,0,0
95,0,0
96,0,0
97,0,0
98,0,0
99,0,0
100,0,0
101,0,0
102,0,0
103,0,0
104,0,0
105,0,0
106,0,0
107,0,0
108,0,0
109,0,0
110,0,0
111,0,0
112,0,0
113,0,0
114,0,0
115,0,0
116,0,0
117,0,0
118,0,0
119,0,0
120,0,0
121,0,0
122,0,0
123,0,0
124,0,0
125,0,0
126,0,0
127,0,0
128,0,0
