1,1,0
2,0,0
3,0,0
4,0,0
5,0,0
6,0,0
7,1,0
8,0,0
9,1,0
10,2,0
11,1,0
12,6,0
13,4,0
14,6,0
15,9,1
16,1,0
17,20,0
18,18,2
19,16,1
20,22,3
21,22,0
22,23,3
23,24,3
24,32,4
25,50,3
26,56,3
27,65,1
28,75,3
29,70,1
30,106,1
31,122,5
32,128,14
33,147,6
34,171,8
35,245,16
36,282,16
37,306,10
38,337,28
39,470,27
40,494,27
41,616,30
42,798,42
43,938,43
44,1087,68
45,1319,69
46,1668,100
47,1968,90
48,2368,116
49,2758,139
50,3382,182
51,3961,207
52,4752,258
53,5673,305
54,6725,327
55,7868,394
56,9498,487
57,11270,645
58,13145,754
59,15831,879
60,19246,1063
61,23046,1222
62,27272,1461
63,32406,1738
64,38803,2009
65,45543,2423
66,50361,2731
67,49499,2915
68,41861,2761
69,30874,2305
70,20642,1807
71,12347,1245
72,7100,890
73,3730,625
74,1921,302
75,881,180
76,435,105
77,176,57
78,91,28
79,35,17
80,17,8
81,6,4
82,2,1
83,2,1
84,2,1
85,0,0
86,0,0
87,0,0
88,0,0
89,0,0
90,0,0
91,0,0
92,0,0
93,0,0
94,0,0
95,0,0
96,0,0
97,0,0
98,0,0
99,0,0
100,0,0
101,0,0
102,0,0
103,0,0
104,0,0
105,0,0
106,0,0
107,0,0
108,0,0
109,0,0
110,0,0
111,0,0
112,0,0
113,0,0
114,0,0
115,0,0
116,0,0
117,0,0
118,0,0
119,0,0
120,0,0
121,0,0
122,0,0
123,0,0
124,0,0
125,0,0
126,0,0
127,0,0
128,0,0
