1,1,0
2,0,0
3,0,0
4,1,0
5,0,0
6,3,0
7,1,0
8,0,0
9,5,0
10,9,0
11,5,0
12,14,0
13,21,1
14,17,3
15,22,0
16,44,2
17,33,2
18,42,2
19,56,4
20,47,4
21,57,3
22,57,4
23,83,4
24,117,8
25,146,6
26,161,7
27,224,9
28,239,11
29,259,15
30,349,19
31,461,18
32,554,31
33,682,31
34,765,24
35,834,40
36,1047,69
37,1213,69
38,1576,83
39,1809,90
40,2091,116
41,2571,113
42,3161,176
43,3753,175
44,4437,248
45,5316,273
46,6433,309
47,7873,385
48,9364,472
49,11344,527
50,13540,645
51,16000,827
52,19173,1024
53,23017,1184
54,27647,1456
55,33313,1673
56,40132,2035
57,47662,2407
58,53342,2852
59,52544,2951
60,44880,2688
61,33360,2372
62,22323,1867
63,13584,1294
64,7547,905
65,4078,611
66,2094,367
67,1001,212
68,462,135
69,214,67
70,99,38
71,39,19
72,16,12
73,6,7
74,2,2
75,1,0
76,0,0
77,1,1
78,0,0
79,0,0
80,1,1
81,0,0
82,0,0
83,0,0
84,0,0
85,0,0
86,0,0
87,0,0
88,0,0
89,0,0
90,0,0
91,0,0
92,0,0
93,0,0
94,0,0
95,0,0
96,0,0
97,0,0
98,0,0
99,0,0
100,0,0
101,0,0
102,0,0
103,0,0
104,0,0
105,0,0
106,0,0
107,0,0
108,0,0
109,0,0
110,0,0
111,0,0
112,0,0
113,0,0
114,0,0
115,0,0
116,0,0
117,0,0
118,0,0
119,0,0
120,0,0
121,0,0
122,0,0
123,0,0
124,0,0
125,0,0
126,0,0
127,0,0
128,0,0
