1,1,0
2,0,0
3,0,0
4,0,0
5,1,0
6,3,0
7,0,0
8,1,0
9,2,0
10,0,0
11,1,0
12,0,0
13,2,0
14,0,0
15,1,1
16,2,0
17,6,0
18,8,0
19,7,0
20,9,0
21,6,1
22,16,0
23,29,0
24,26,0
25,41,1
26,44,4
27,63,4
28,60,5
29,78,3
30,89,2
31,128,5
32,139,9
33,185,9
34,195,7
35,240,19
36,293,10
37,306,18
38,399,24
39,460,28
40,518,32
41,603,34
42,786,41
43,906,46
44,1078,56
45,1344,69
46,1499,87
47,1758,80
48,2254,103
49,2681,127
50,3096,146
51,3775,184
52,4534,235
53,5371,281
54,6312,346
55,7680,380
56,9211,464
57,11138,607
58,13152,687
59,15925,765
60,19123,954
61,22844,1182
62,27463,1324
63,32949,1595
64,39959,2052
65,47044,2361
66,53231,2708
67,52867,2973
68,45219,2732
69,34291,2437
70,22999,1950
71,14182,1426
72,8089,908
73,4246,578
74,2131,342
75,1062,219
76,565,153
77,218,83
78,119,38
79,37,14
80,18,13
81,5,8
82,2,2
83,1,0
84,1,0
85,0,0
86,0,1
87,0,0
88,0,0
89,1,0
90,0,0
91,0,0
92,0,0
93,0,0
94,0,0
95,0,0
96,0,0
97,0,0
98,0,0
99,0,0
100,0,0
101,0,0
102,0,0
103,0,0
104,0,0
105,0,0
106,0,0
107,0,0
108,0,0
109,0,0
110,0,0
111,0,0
112,0,0
113,0,0
114,0,0
115,0,0
116,0,0
117,0,0
118,0,0
119,0,0
120,0,0
121,0,0
122,0,0
123,0,0
124,0,0
125,0,0
126,0,0
127,0,0
128,0,0
