1,1,0
2,0,0
3,0,0
4,0,0
5,1,0
6,0,0
7,0,0
8,1,0
9,1,0
10,0,1
11,3,0
12,3,0
13,2,0
14,0,0
15,1,1
16,1,0
17,0,1
18,1,0
19,1,0
20,2,0
21,0,0
22,3,1
23,19,0
24,22,0
25,20,0
26,33,1
27,30,1
28,51,1
29,54,1
30,56,1
31,59,3
32,69,7
33,94,3
34,106,4
35,112,11
36,143,5
37,177,10
38,233,9
39,266,10
40,303,15
41,362,27
42,452,22
43,531,34
44,645,31
45,802,38
46,937,59
47,1124,57
48,1307,76
49,1602,80
50,1981,89
51,2377,122
52,2921,130
53,3475,178
54,4149,183
55,5208,247
56,6251,308
57,7321,345
58,8667,442
59,10502,515
60,12523,640
61,15031,728
62,17744,939
63,21485,1122
64,25810,1356
65,30460,1589
66,36863,1913
67,43355,2199
68,50431,2582
69,53414,3032
70,48944,2874
71,38811,2609
72,27485,2092
73,17336,1504
74,10317,1065
75,5627,759
76,2879,467
77,1402,292
78,698,147
79,270,97
80,144,64
81,67,29
82,29,13
83,19,9
84,4,5
85,2,1
86,0,3
87,0,0
88,0,1
89,0,0
90,0,0
91,0,0
92,0,0
93,0,0
94,0,0
95,0,0
96,0,0
97,0,0
98,0,0
99,0,0
100,0,0
101,0,0
102,0,0
103,0,0
104,0,0
105,0,0
106,0,0
107,0,0
108,0,0
109,0,0
110,0,0
111,0,0
112,0,0
113,0,0
114,0,0
115,0,0
116,0,0
117,0,0
118,0,0
119,0,0
120,0,0
121,0,0
122,0,0
123,0,0
124,0,0
125,0,0
126,0,0
127,0,0
128,0,0
