1,1,0
2,0,0
3,2,0
4,3,0
5,12,0
6,16,0
7,20,0
8,21,1
9,47,1
10,40,1
11,45,2
12,48,2
13,88,3
14,105,4
15,99,8
16,142,8
17,144,5
18,220,9
19,263,12
20,313,12
21,331,7
22,443,16
23,510,20
24,613,31
25,833,38
26,1048,36
27,1261,42
28,1324,54
29,1771,81
30,2086,104
31,2561,133
32,2829,139
33,3604,201
34,4245,214
35,4865,247
36,6013,332
37,7174,346
38,8558,427
39,10210,547
40,12279,622
41,14570,771
42,17354,842
43,20408,1040
44,24713,1313
45,29992,1494
46,35938,1829
47,42078,2229
48,49540,2594
49,53527,2850
50,50631,2907
51,41249,2635
52,29696,2202
53,19192,1693
54,11507,1205
55,6447,793
56,3253,477
57,1633,282
58,797,158
59,380,96
60,141,62
61,72,37
62,32,22
63,13,5
64,6,3
65,2,3
66,2,2
67,0,0
68,0,0
69,0,0
70,0,0
71,0,0
72,0,0
73,0,0
74,0,0
75,0,0
76,0,0
77,0,0
78,0,0
79,0,0
80,0,0
81,0,0
82,0,0
83,0,0
84,0,0
85,0,0
86,0,0
87,0,0
88,0,0
89,0,0
90,0,0
91,0,0
92,0,0
93,0,0
94,0,0
95,0,0
96,0,0
97,0,0
98,0,0
99,0,0
100,0,0
101,0,0
102,0,0
103,0,0
104,0,0
105,0,0
106,0,0
107,0,0
108,0,0
109,0,0
110,0,0
111,0,0
112,0,0
113,0,0
114,0,0
115,0,0
116,0,0
117,0,0
118,0,0
119,0,0
120,0,0
121,0,0
122,0,0
123,0,0
124,0,0
125,0,0
126,0,0
127,0,0
128,0,0
