1,1,0
2,0,0
3,0,0
4,0,0
5,0,0
6,0,0
7,0,0
8,0,0
9,0,0
10,0,0
11,1,0
12,0,0
13,2,0
14,2,0
15,3,0
16,0,0
17,3,0
18,2,0
19,1,0
20,1,0
21,7,1
22,4,0
23,4,1
24,11,0
25,9,1
26,11,0
27,18,0
28,16,2
29,20,1
30,27,0
31,26,2
32,34,3
33,68,2
34,81,4
35,108,2
36,87,4
37,93,5
38,137,7
39,158,6
40,184,14
41,194,12
42,261,17
43,326,16
44,409,27
45,441,20
46,570,33
47,729,26
48,853,22
49,1091,53
50,1308,49
51,1472,90
52,1827,86
53,2210,101
54,2594,124
55,3049,166
56,3583,185
57,4333,229
58,5180,287
59,6164,358
60,7598,403
61,8867,417
62,10541,559
63,12542,648
64,15174,769
65,18313,951
66,21767,1127
67,26178,1326
68,31186,1547
69,37379,1969
70,44573,2283
71,50665,2774
72,52006,2856
73,45887,2795
74,35683,2444
75,24503,2001
76,15264,1441
77,8824,999
78,4743,651
79,2447,432
80,1208,224
81,553,134
82,262,83
83,114,37
84,35,30
85,21,15
86,13,4
87,4,6
88,1,1
89,1,3
90,0,1
91,0,0
92,0,0
93,0,0
94,0,0
95,0,0
96,0,0
97,0,0
98,0,0
99,0,0
100,0,0
101,0,0
102,0,0
103,0,0
104,0,0
105,0,0
106,0,0
107,0,0
108,0,0
109,0,0
110,0,0
111,0,0
112,0,0
113,0,0
114,0,0
115,0,0
116,0,0
117,0,0
118,0,0
119,0,0
120,0,0
121,0,0
122,0,0
123,0,0
124,0,0
125,0,0
126,0,0
127,0,0
128,0,0
