1,1,0
2,0,0
3,0,0
4,0,0
5,0,0
6,1,0
7,3,0
8,2,0
9,0,0
10,0,0
11,1,0
12,1,0
13,2,0
14,3,0
15,1,0
16,2,0
17,4,0
18,6,0
19,3,0
20,6,0
21,15,0
22,18,1
23,23,1
24,20,2
25,29,0
26,35,1
27,40,1
28,57,0
29,50,7
30,77,3
31,67,5
32,101,7
33,110,6
34,136,6
35,161,8
36,175,8
37,233,11
38,228,19
39,302,20
40,322,23
41,396,20
42,433,30
43,515,31
44,600,30
45,743,52
46,866,58
47,1023,60
48,1198,57
49,1417,80
50,1751,85
51,2035,108
52,2464,104
53,2943,143
54,3410,152
55,4288,215
56,4883,288
57,5995,301
58,7039,367
59,8524,444
60,10186,511
61,12261,643
62,14464,754
63,17596,896
64,21128,1110
65,25270,1316
66,30629,1539
67,35706,1822
68,43575,2230
69,50301,2637
70,53211,2901
71,48439,2913
72,38455,2601
73,27068,2092
74,17285,1549
75,9872,1052
76,5540,771
77,2800,449
78,1382,275
79,653,175
80,337,93
81,149,62
82,56,22
83,26,9
84,5,2
85,3,1
86,1,2
87,0,3
88,0,0
89,0,0
90,0,0
91,0,0
92,0,0
93,0,0
94,0,0
95,0,0
96,0,0
97,0,0
98,0,0
99,0,0
100,0,0
101,0,0
102,0,0
103,0,0
104,0,0
105,0,0
106,0,0
107,0,0
108,0,0
109,0,0
110,0,0
111,0,0
112,0,0
113,0,0
114,0,0
115,0,0
116,0,0
117,0,0
118,0,0
119,0,0
120,0,0
121,0,0
122,0,0
123,0,0
124,0,0
125,0,0
126,0,0
127,0,0
128,0,0
