1,1,0
2,0,0
3,0,0
4,0,0
5,0,0
6,1,0
7,1,0
8,0,0
9,0,0
10,2,0
11,0,0
12,0,0
13,1,0
14,0,0
15,0,0
16,1,0
17,0,0
18,0,0
19,1,0
20,0,0
21,1,0
22,1,0
23,0,0
24,0,0
25,2,1
26,0,0
27,1,0
28,1,0
29,2,0
30,2,0
31,3,0
32,1,0
33,6,0
34,3,1
35,5,0
36,7,0
37,9,1
38,14,0
39,10,0
40,10,0
41,11,0
42,27,0
43,31,1
44,42,1
45,38,1
46,50,2
47,49,4
48,54,1
49,72,7
50,88,7
51,78,5
52,98,12
53,110,9
54,164,3
55,210,8
56,266,14
57,307,17
58,368,13
59,351,21
60,468,25
61,520,26
62,634,34
63,658,39
64,876,49
65,1065,73
66,1227,59
67,1461,67
68,1799,90
69,2231,114
70,2615,132
71,3048,147
72,3746,212
73,4506,236
74,5277,250
75,6319,311
76,7639,410
77,9270,470
78,10811,567
79,12793,700
80,15418,729
81,18278,963
82,21717,1134
83,26038,1295
84,31475,1644
85,37025,1932
86,44290,2321
87,50431,2699
88,51963,2919
89,46052,2769
90,35488,2509
91,24550,1984
92,15219,1450
93,8571,1004
94,4880,649
95,2492,404
96,1243,218
97,578,149
98,233,79
99,124,38
100,43,19
101,22,15
102,14,12
103,2,2
104,0,5
105,0,0
106,0,0
107,0,0
108,0,1
109,0,0
110,0,0
111,0,0
112,0,0
113,0,0
114,0,0
115,0,0
116,0,0
117,0,0
118,0,0
119,0,0
120,0,0
121,0,0
122,0,0
123,0,0
124,0,0
125,0,0
126,0,0
127,0,0
128,0,0
