1,1,0
2,0,0
3,0,0
4,1,0
5,1,0
6,2,0
7,1,1
8,0,0
9,3,0
10,4,0
11,2,0
12,4,0
13,6,0
14,5,1
15,14,1
16,8,0
17,8,0
18,14,3
19,15,1
20,20,1
21,22,2
22,23,4
23,36,3
24,33,3
25,41,1
26,45,2
27,65,3
28,69,2
29,48,6
30,69,4
31,96,3
32,104,5
33,136,10
34,169,6
35,189,11
36,170,13
37,221,7
38,245,18
39,315,15
40,366,16
41,485,19
42,596,29
43,685,32
44,819,47
45,969,48
46,1165,68
47,1402,68
48,1661,80
49,2027,99
50,2460,116
51,2944,140
52,3529,185
53,4340,230
54,5223,256
55,6185,291
56,7205,366
57,8501,403
58,9953,528
59,12069,687
60,14370,778
61,17276,852
62,20459,1064
63,24770,1262
64,29942,1576
65,35400,1852
66,42511,2199
67,49987,2580
68,53358,2841
69,49519,2791
70,39589,2701
71,28247,2168
72,17744,1526
73,10585,1154
74,6050,751
75,3095,445
76,1478,277
77,734,171
78,312,87
79,171,61
80,68,43
81,25,18
82,11,4
83,3,6
84,1,0
85,4,1
86,1,1
87,0,0
88,0,0
89,0,0
90,0,0
91,0,0
92,0,0
93,0,0
94,0,0
95,0,0
96,0,0
97,0,0
98,0,0
99,0,0
100,0,0
101,0,0
102,0,0
103,0,0
104,0,0
105,0,0
106,0,0
107,0,0
108,0,0
109,0,0
110,0,0
111,0,0
112,0,0
113,0,0
114,0,0
115,0,0
116,0,0
117,0,0
118,0,0
119,0,0
120,0,0
121,0,0
122,0,0
123,0,0
124,0,0
125,0,0
126,0,0
127,0,0
128,0,0
