1,1,0
2,0,0
3,0,0
4,1,0
5,2,0
6,2,0
7,0,0
8,2,0
9,3,0
10,2,0
11,2,0
12,1,1
13,3,0
14,1,0
15,6,0
16,3,1
17,2,0
18,8,0
19,8,0
20,13,0
21,7,0
22,17,0
23,15,2
24,13,4
25,25,0
26,27,2
27,26,0
28,22,3
29,37,4
30,39,5
31,42,1
32,55,2
33,88,6
34,86,2
35,131,6
36,159,4
37,197,8
38,226,12
39,280,10
40,351,17
41,427,15
42,514,17
43,542,24
44,635,38
45,665,42
46,866,63
47,1092,61
48,1285,66
49,1590,86
50,1936,89
51,2295,106
52,2682,120
53,3173,192
54,3838,194
55,4687,216
56,5526,296
57,6314,338
58,7725,409
59,9106,466
60,10970,607
61,13247,657
62,15719,808
63,18442,1002
64,22038,1224
65,26613,1426
66,32099,1611
67,37833,1969
68,45106,2304
69,51330,2674
70,52114,2900
71,45205,2782
72,34190,2369
73,23496,1912
74,14583,1434
75,8365,957
76,4390,643
77,2306,334
78,1160,231
79,538,124
80,229,74
81,115,26
82,45,23
83,21,10
84,7,10
85,5,2
86,1,3
87,0,3
88,0,0
89,0,0
90,1,1
91,0,0
92,0,0
93,0,0
94,0,0
95,0,0
96,0,0
97,0,0
98,0,0
99,0,0
100,0,0
101,0,0
102,0,0
103,0,0
104,0,0
105,0,0
106,0,0
107,0,0
108,0,0
109,0,0
110,0,0
111,0,0
112,0,0
113,0,0
114,0,0
115,0,0
116,0,0
117,0,0
118,0,0
119,0,0
120,0,0
121,0,0
122,0,0
123,0,0
124,0,0
125,0,0
126,0,0
127,0,0
128,0,0
