1,1,0
2,0,0
3,1,0
4,0,0
5,1,0
6,1,0
7,2,0
8,0,0
9,2,0
10,2,0
11,2,0
12,1,0
13,1,0
14,2,0
15,2,0
16,2,1
17,3,0
18,6,0
19,2,0
20,2,1
21,7,0
22,6,2
23,8,0
24,6,1
25,7,0
26,9,1
27,4,1
28,3,0
29,8,1
30,5,0
31,9,1
32,14,2
33,17,1
34,30,0
35,47,1
36,80,2
37,67,2
38,76,1
39,64,1
40,116,8
41,122,6
42,153,12
43,192,5
44,259,9
45,287,7
46,329,18
47,443,26
48,473,33
49,612,34
50,724,30
51,864,51
52,957,49
53,1187,69
54,1377,61
55,1717,102
56,1934,116
57,2342,97
58,2981,151
59,3489,166
60,4304,212
61,4872,270
62,5928,308
63,7012,341
64,8590,476
65,10225,501
66,12249,640
67,14804,744
68,17354,972
69,20918,1061
70,25218,1303
71,29775,1534
72,35875,1869
73,43163,2173
74,50279,2529
75,53598,2869
76,49749,2906
77,39848,2609
78,28181,2181
79,18064,1655
80,10558,1141
81,5769,729
82,3056,488
83,1496,321
84,746,155
85,336,102
86,155,50
87,61,29
88,35,10
89,8,6
90,4,4
91,4,2
92,1,1
93,1,1
94,1,0
95,0,0
96,0,0
97,0,0
98,0,0
99,0,0
100,0,0
101,0,0
102,0,0
103,0,0
104,0,0
105,0,0
106,0,0
107,0,0
108,0,0
109,0,0
110,0,0
111,0,0
112,0,0
113,0,0
114,0,0
115,0,0
116,0,0
117,0,0
118,0,0
119,0,0
120,0,0
121,0,0
122,0,0
123,0,0
124,0,0
125,0,0
126,0,0
127,0,0
128,0,0
