1,1,0
2,0,0
3,0,0
4,0,0
5,0,0
6,0,0
7,1,0
8,0,0
9,0,0
10,1,0
11,5,0
12,3,0
13,2,0
14,0,0
15,4,0
16,4,0
17,3,0
18,5,0
19,1,0
20,5,1
21,3,1
22,3,0
23,5,0
24,8,0
25,9,0
26,8,1
27,10,2
28,11,1
29,19,0
30,20,0
31,28,0
32,22,1
33,21,3
34,14,0
35,31,3
36,34,6
37,31,1
38,31,2
39,38,3
40,54,4
41,56,3
42,73,5
43,81,5
44,105,3
45,147,11
46,152,6
47,190,11
48,197,9
49,281,14
50,309,13
51,366,15
52,410,29
53,502,28
54,564,24
55,687,34
56,812,49
57,929,56
58,1194,74
59,1396,76
60,1723,89
61,2134,103
62,2665,108
63,3063,127
64,3819,167
65,4387,230
66,5384,259
67,6470,322
68,7624,386
69,9067,460
70,11021,559
71,13160,687
72,15551,833
73,18719,968
74,22305,1131
75,26312,1394
76,31976,1710
77,37991,1958
78,45026,2376
79,51139,2712
80,52014,2893
81,45359,2930
82,34932,2461
83,23323,1967
84,14469,1457
85,8301,930
86,4456,626
87,2266,390
88,1155,242
89,507,128
90,245,79
91,92,34
92,46,29
93,25,6
94,8,7
95,3,1
96,4,2
97,0,0
98,0,0
99,0,0
100,0,0
101,0,0
102,0,1
103,0,0
104,0,0
105,0,0
106,0,0
107,0,0
108,0,0
109,0,0
110,0,0
111,0,0
112,0,0
113,0,0
114,0,0
115,0,0
116,0,0
117,0,0
118,0,0
119,0,0
120,0,0
121,0,0
122,0,0
123,0,0
124,0,0
125,0,0
126,0,0
127,0,0
128,0,0
