1,1,0
2,0,0
3,0,0
4,0,0
5,1,0
6,1,0
7,0,0
8,0,0
9,1,0
10,1,0
11,0,1
12,1,0
13,1,0
14,4,0
15,1,0
16,1,0
17,1,1
18,1,0
19,1,0
20,4,0
21,2,1
22,2,2
23,1,1
24,2,0
25,4,1
26,4,0
27,6,0
28,9,0
29,11,0
30,8,0
31,10,0
32,18,0
33,16,1
34,29,0
35,22,0
36,37,2
37,40,1
38,52,4
39,57,2
40,72,5
41,108,2
42,116,4
43,121,8
44,167,7
45,186,10
46,198,10
47,240,10
48,269,17
49,338,20
50,435,22
51,469,25
52,613,27
53,743,30
54,762,31
55,941,42
56,1217,65
57,1486,65
58,1730,81
59,2176,87
60,2657,127
61,3213,141
62,3839,207
63,4556,211
64,5485,252
65,6327,343
66,7766,400
67,9426,499
68,10938,584
69,13061,681
70,15572,786
71,18659,999
72,22548,1135
73,26619,1453
74,32137,1717
75,38065,1959
76,45010,2316
77,51553,2744
78,51414,2897
79,44496,2753
80,33562,2331
81,22704,1860
82,13978,1345
83,7827,974
84,4176,604
85,2182,394
86,1042,188
87,481,137
88,208,69
89,99,35
90,42,12
91,36,7
92,9,3
93,2,0
94,4,0
95,1,1
96,1,1
97,0,0
98,0,0
99,0,0
100,0,0
101,0,0
102,0,0
103,0,0
104,0,0
105,0,0
106,0,0
107,0,0
108,0,0
109,0,0
110,0,0
111,0,0
112,0,0
113,0,0
114,0,0
115,0,0
116,0,0
117,0,0
118,0,0
119,0,0
120,0,0
121,0,0
122,0,0
123,0,0
124,0,0
125,0,0
126,0,0
127,0,0
128,0,0
