1,1,0
2,0,0
3,0,0
4,2,0
5,6,0
6,7,0
7,8,0
8,4,0
9,12,0
10,9,1
11,5,1
12,12,1
13,26,2
14,25,0
15,24,1
16,29,4
17,30,3
18,41,7
19,37,2
20,77,4
21,52,2
22,86,5
23,100,7
24,138,3
25,169,5
26,218,12
27,259,13
28,275,16
29,353,13
30,420,20
31,492,25
32,582,27
33,694,31
34,755,55
35,1010,56
36,1148,51
37,1391,72
38,1662,76
39,1960,96
40,2457,121
41,2861,150
42,3386,160
43,3984,199
44,4759,256
45,5852,315
46,6940,326
47,8109,443
48,9654,518
49,11580,605
50,14085,729
51,16621,869
52,20021,1090
53,24076,1208
54,28818,1471
55,34046,1738
56,40352,2135
57,47537,2517
58,51152,2840
59,47464,2840
60,38674,2617
61,27509,2181
62,18074,1659
63,10665,1199
64,5931,758
65,3046,510
66,1514,294
67,725,175
68,346,94
69,168,55
70,53,27
71,23,22
72,8,8
73,2,5
74,3,1
75,1,0
76,0,1
77,0,0
78,0,0
79,0,0
80,0,0
81,0,0
82,0,0
83,0,0
84,0,0
85,0,0
86,0,0
87,0,0
88,0,0
89,0,0
90,0,0
91,0,0
92,0,0
93,0,0
94,0,0
95,0,0
96,0,0
97,0,0
98,0,0
99,0,0
100,0,0
101,0,0
102,0,0
103,0,0
104,0,0
105,0,0
106,0,0
107,0,0
108,0,0
109,0,0
110,0,0
111,0,0
112,0,0
113,0,0
114,0,0
115,0,0
116,0,0
117,0,0
118,0,0
119,0,0
120,0,0
121,0,0
122,0,0
123,0,0
124,0,0
125,0,0
126,0,0
127,0,0
128,0,0
