1,1,0
2,0,0
3,0,0
4,1,0
5,0,0
6,2,0
7,1,0
8,1,0
9,3,0
10,2,0
11,3,0
12,2,0
13,1,0
14,3,0
15,2,0
16,2,1
17,3,1
18,7,1
19,6,1
20,8,0
21,5,1
22,11,0
23,8,2
24,15,1
25,20,1
26,29,2
27,26,2
28,32,2
29,52,1
30,23,0
31,38,1
32,65,0
33,91,4
34,99,5
35,100,3
36,139,6
37,177,7
38,208,11
39,205,16
40,284,19
41,332,20
42,393,15
43,446,26
44,577,24
45,673,50
46,754,47
47,869,47
48,946,64
49,1200,69
50,1389,70
51,1635,109
52,1949,134
53,2283,119
54,2775,159
55,3378,203
56,4108,205
57,4815,252
58,5637,307
59,6879,362
60,8365,434
61,9929,500
62,11986,608
63,14012,711
64,17056,871
65,20337,1074
66,24549,1273
67,29150,1457
68,34685,1778
69,41724,2126
70,48978,2460
71,53236,2901
72,49912,2870
73,40775,2559
74,29232,2270
75,18769,1729
76,11309,1158
77,6272,774
78,3202,496
79,1622,301
80,784,181
81,355,87
82,158,56
83,61,29
84,29,14
85,14,11
86,6,9
87,3,2
88,0,0
89,1,0
90,0,0
91,0,0
92,0,0
93,0,0
94,0,0
95,0,0
96,0,0
97,0,0
98,0,0
99,0,0
100,0,0
101,0,0
102,0,0
103,0,0
104,0,0
105,0,0
106,0,0
107,0,0
108,0,0
109,0,0
110,0,0
111,0,0
112,0,0
113,0,0
114,0,0
115,0,0
116,0,0
117,0,0
118,0,0
119,0,0
120,0,0
121,0,0
122,0,0
123,0,0
124,0,0
125,0,0
126,0,0
127,0,0
128,0,0
