1,1,0
2,0,0
3,0,0
4,0,0
5,1,0
6,2,0
7,3,0
8,0,0
9,4,0
10,1,0
11,2,0
12,1,0
13,1,0
14,2,0
15,2,0
16,3,0
17,3,0
18,0,0
19,2,0
20,0,0
21,0,0
22,2,0
23,1,0
24,2,0
25,0,1
26,3,0
27,0,0
28,0,0
29,2,0
30,1,0
31,1,0
32,1,0
33,2,0
34,2,1
35,3,0
36,3,0
37,1,0
38,5,0
39,6,0
40,5,0
41,10,0
42,9,0
43,14,1
44,30,1
45,40,0
46,39,2
47,47,1
48,52,4
49,64,2
50,74,2
51,76,3
52,112,5
53,142,7
54,193,5
55,205,11
56,253,15
57,309,13
58,325,18
59,448,20
60,496,25
61,572,32
62,731,39
63,908,50
64,1105,57
65,1298,68
66,1607,61
67,1970,95
68,2238,95
69,2769,121
70,3240,155
71,3858,197
72,4747,231
73,5686,291
74,6728,311
75,8103,407
76,9463,517
77,11303,634
78,13524,720
79,15982,940
80,19264,1014
81,22705,1231
82,27551,1398
83,32849,1627
84,38639,2062
85,45850,2380
86,52016,2779
87,51193,2888
88,44027,2697
89,32536,2392
90,21592,1778
91,13464,1319
92,7467,897
93,3988,547
94,2031,362
95,1047,190
96,496,106
97,205,70
98,89,39
99,33,14
100,23,6
101,5,3
102,5,0
103,1,1
104,2,0
105,0,0
106,0,0
107,0,0
108,0,0
109,0,0
110,0,0
111,0,0
112,0,0
113,0,0
114,0,0
115,0,0
116,0,0
117,0,0
118,0,0
119,0,0
120,0,0
121,0,0
122,0,0
123,0,0
124,0,0
125,0,0
126,0,0
127,0,0
128,0,0
