1,1,0
2,0,0
3,0,0
4,1,0
5,4,0
6,5,0
7,5,0
8,6,0
9,14,0
10,9,0
11,12,0
12,9,1
13,10,3
14,11,1
15,11,2
16,23,0
17,25,3
18,28,1
19,34,3
20,32,2
21,74,1
22,100,7
23,112,3
24,130,4
25,177,8
26,187,5
27,230,6
28,267,13
29,328,21
30,367,27
31,519,24
32,615,32
33,746,47
34,837,35
35,1000,49
36,1188,75
37,1504,68
38,1765,79
39,2165,104
40,2633,127
41,3066,168
42,3711,184
43,4411,254
44,5216,293
45,6286,316
46,7743,384
47,9102,484
48,11024,529
49,13238,638
50,15902,786
51,18893,899
52,22687,1190
53,27169,1409
54,33102,1698
55,38979,2022
56,45907,2364
57,51790,2782
58,51838,2887
59,44600,2809
60,33522,2410
61,22590,1874
62,13831,1408
63,7845,959
64,4241,601
65,2124,385
66,1084,193
67,508,127
68,208,73
69,92,46
70,44,20
71,18,5
72,6,10
73,6,7
74,2,0
75,1,0
76,0,1
77,0,0
78,0,0
79,0,0
80,0,0
81,0,0
82,0,0
83,0,0
84,0,0
85,0,0
86,0,0
87,0,0
88,0,0
89,0,0
90,0,0
91,0,0
92,0,0
93,0,0
94,0,0
95,0,0
96,0,0
97,0,0
98,0,0
99,0,0
100,0,0
101,0,0
102,0,0
103,0,0
104,0,0
105,0,0
106,0,0
107,0,0
108,0,0
109,0,0
110,0,0
111,0,0
112,0,0
113,0,0
114,0,0
115,0,0
116,0,0
117,0,0
118,0,0
119,0,0
120,0,0
121,0,0
122,0,0
123,0,0
124,0,0
125,0,0
126,0,0
127,0,0
128,0,0
