1,1,0
2,0,0
3,0,0
4,0,0
5,1,0
6,0,0
7,0,0
8,3,0
9,0,0
10,5,0
11,0,0
12,2,0
13,2,1
14,1,0
15,0,0
16,2,0
17,0,0
18,3,0
19,7,0
20,11,0
21,11,0
22,10,0
23,7,1
24,9,0
25,14,0
26,19,1
27,35,3
28,24,2
29,25,4
30,41,0
31,52,2
32,67,4
33,73,4
34,74,7
35,101,6
36,154,9
37,161,10
38,213,7
39,225,6
40,278,9
41,329,17
42,399,19
43,471,24
44,578,27
45,720,34
46,872,38
47,967,61
48,1117,53
49,1383,70
50,1624,103
51,2020,99
52,2341,129
53,2771,156
54,3247,183
55,3844,214
56,4450,249
57,5503,317
58,6547,336
59,7760,400
60,9381,523
61,11059,571
62,13397,646
63,15809,802
