1,1,0
2,0,0
3,0,0
4,3,0
5,3,0
6,10,0
7,10,0
8,11,0
9,15,1
10,24,0
11,17,0
12,28,2
13,32,3
14,42,2
15,64,1
16,48,0
17,71,6
18,74,5
19,76,3
20,98,10
21,129,11
22,157,8
23,168,13
24,220,13
25,250,11
26,308,12
27,396,20
28,440,30
29,500,27
30,634,35
31,707,27
32,826,49
33,987,41
34,1286,66
35,1443,94
36,1825,100
37,2212,99
38,2677,120
39,3196,188
40,3738,184
41,4421,223
42,5450,267
43,6509,347
44,8077,389
45,9352,431
46,11185,585
47,13651,688
48,16322,838
49,19580,1032
50,23498,1262
51,27687,1446
52,33177,1683
53,39860,1981
54,47259,2499
55,54465,2724
56,53249,3028
57,46445,2857
58,34781,2352
59,23296,1894
60,14139,1393
61,8225,978
62,4350,597
63,2219,409
