1,1,0
2,0,0
3,0,0
4,6,0
5,6,0
6,9,0
7,11,0
8,16,0
9,26,0
10,48,1
11,56,2
12,68,2
13,90,1
14,108,5
15,135,9
16,159,5
17,201,13
18,274,8
19,330,13
20,334,19
21,441,18
22,482,27
23,582,27
24,705,26
25,843,43
26,1106,52
27,1168,65
28,1501,81
29,1762,96
30,2117,103
31,2514,141
32,2938,178
33,3520,183
34,4230,241
35,5048,293
36,5936,324
37,7102,375
38,8500,450
39,10006,510
40,12165,622
41,14250,751
42,16994,909
43,20368,1068
44,24279,1236
45,28926,1532
46,34439,1752
47,41296,2057
48,48401,2528
49,52549,2839
50,49718,2906
51,40604,2511
52,29062,2198
53,18773,1640
54,11102,1231
55,6155,794
56,3271,504
57,1626,286
58,727,197
59,332,109
60,168,60
61,69,29
62,24,19
63,10,5
