1,1,0
2,0,0
3,1,0
4,1,0
5,3,0
6,2,1
7,2,0
8,4,0
9,1,0
10,1,0
11,3,0
12,3,0
13,4,0
14,5,0
15,4,1
16,2,0
17,3,0
18,0,1
19,0,0
20,3,0
21,2,0
22,1,0
23,3,1
24,3,1
25,3,0
26,3,0
27,2,0
28,9,1
29,12,2
30,11,0
31,14,1
32,15,2
33,15,1
34,18,1
35,31,1
36,37,0
37,38,0
38,42,1
39,54,5
40,54,2
41,80,3
42,110,5
43,124,0
44,124,9
45,155,8
46,164,9
47,207,13
48,273,10
49,306,6
50,360,18
51,430,18
52,550,25
53,685,32
54,820,45
55,947,46
56,1187,68
57,1418,70
58,1618,93
59,1828,93
60,2181,109
61,2453,139
62,3095,168
63,3675,217
