1,1,0
2,0,0
3,2,0
4,2,0
5,3,0
6,4,0
7,5,0
8,11,0
9,14,0
10,10,1
11,16,1
12,22,2
13,29,0
14,13,2
15,18,1
16,36,0
17,42,3
18,39,4
19,33,1
20,42,4
21,61,5
22,95,4
23,133,5
24,146,6
25,165,8
26,193,7
27,236,8
28,253,13
29,309,20
30,356,22
31,392,16
32,507,31
33,556,32
34,725,31
35,857,45
36,998,59
37,1216,62
38,1419,84
39,1753,93
40,2056,94
41,2515,127
42,2917,154
43,3597,182
44,4136,230
45,5077,280
46,6122,342
47,7467,378
48,8954,421
49,10525,551
50,12307,664
51,14716,842
52,17250,963
53,21249,1101
54,25239,1312
55,29971,1521
56,35500,1888
57,42612,2208
58,51144,2713
59,57824,3144
60,58238,3237
61,50817,3113
62,39393,2623
63,26301,2155
