1,1,0
2,0,0
3,0,0
4,0,0
5,2,0
6,2,0
7,4,0
8,2,0
9,4,0
10,2,0
11,4,0
12,1,0
13,7,1
14,10,0
15,15,0
16,16,1
17,14,1
18,21,0
19,24,0
20,42,3
21,45,4
22,33,3
23,42,2
24,56,2
25,70,1
26,90,4
27,122,4
28,179,8
29,240,7
30,263,7
31,308,6
32,360,19
33,385,20
34,511,28
35,575,38
36,668,31
37,772,40
38,980,60
39,1059,54
40,1245,76
41,1520,94
42,1762,93
43,2286,111
44,2594,161
45,3091,164
46,3699,203
47,4246,233
48,5268,272
49,6016,312
50,7331,430
51,8702,440
52,10258,596
53,12441,638
54,15141,780
55,17837,934
56,21344,1133
57,25753,1311
58,30553,1571
59,36929,1865
60,44062,2310
61,52495,2675
62,62696,3270
63,75235,3867
