1,1,0
2,0,0
3,0,0
4,0,0
5,0,0
6,0,0
7,0,0
8,0,0
9,0,0
10,0,0
11,0,0
12,1,0
13,0,0
14,1,0
15,1,0
16,3,0
17,1,0
18,2,0
19,0,0
20,3,0
21,2,0
22,4,0
23,6,0
24,6,0
25,5,0
26,6,1
27,5,0
28,10,0
29,9,0
30,12,1
31,29,0
32,20,4
33,23,0
34,33,1
35,30,2
36,33,2
37,39,1
38,62,4
39,46,5
40,70,8
41,99,2
42,95,4
43,128,11
44,146,8
45,175,7
46,207,17
47,230,17
48,306,19
49,377,22
50,455,21
51,537,34
52,682,36
53,786,50
54,958,45
55,1084,62
56,1329,65
57,1594,67
58,1866,108
59,2219,110
60,2758,130
61,3227,160
62,3953,194
63,4646,243
