1,1,0
2,0,0
3,0,0
4,8,0
5,18,0
6,19,0
7,19,0
8,25,0
9,15,1
10,20,2
11,29,2
12,26,4
13,22,0
14,23,7
15,31,3
16,29,6
17,37,3
18,41,2
19,34,6
20,57,3
21,74,4
22,99,2
23,132,5
24,161,7
25,173,9
26,225,13
27,234,18
28,286,13
29,371,15
30,426,26
31,574,20
32,606,36
33,778,38
34,970,58
35,1104,40
36,1344,62
37,1614,85
38,1851,95
39,2280,117
40,2746,133
41,3290,174
42,3921,195
43,4640,241
44,5548,303
45,6586,330
46,7966,390
47,9479,504
48,11197,570
49,13532,733
50,16127,850
51,19054,994
52,23115,1177
53,27505,1421
54,33061,1712
55,39335,2106
56,46698,2414
57,54038,2866
58,55685,3013
59,49034,2997
60,38057,2507
61,25909,2100
62,16312,1627
63,9265,1062
