1,1,0
2,0,0
3,0,0
4,1,0
5,0,0
6,0,0
7,4,0
8,2,0
9,0,0
10,0,0
11,1,0
12,0,0
13,0,0
14,7,0
15,2,1
16,9,0
17,8,0
18,6,0
19,14,1
20,19,0
21,27,1
22,38,0
23,50,2
24,48,0
25,79,1
26,112,1
27,140,5
28,173,7
29,203,11
30,260,13
31,332,13
32,377,15
33,420,14
34,542,24
35,683,19
36,832,35
37,1041,49
38,1159,56
39,1465,65
40,1742,64
41,2145,115
42,2564,123
43,3131,168
44,3898,189
45,4570,211
46,5420,248
47,6378,306
48,7676,382
49,9052,492
50,10716,576
51,12863,593
52,15586,795
53,18680,959
54,21810,1147
55,25707,1358
56,31504,1655
57,37368,2032
58,44898,2312
59,53572,2700
60,63303,3225
61,69229,3730
62,66723,3759
63,54789,3442
