1,1,0
2,0,0
3,0,0
4,0,0
5,0,0
6,0,0
7,1,0
8,0,0
9,1,0
10,0,0
11,0,0
12,1,0
13,2,0
14,2,1
15,1,0
16,5,0
17,8,0
18,9,0
19,8,0
20,4,0
21,7,0
22,8,1
23,12,1
24,8,0
25,19,1
26,15,1
27,13,1
28,10,3
29,6,1
30,16,1
31,25,2
32,36,2
33,37,3
34,42,3
35,52,1
36,89,4
37,103,0
38,109,3
39,122,3
40,153,7
41,200,14
42,209,17
43,278,14
44,326,15
45,429,18
46,538,25
47,605,29
48,740,30
49,844,45
50,1043,52
51,1151,57
52,1389,71
53,1620,101
54,2009,99
55,2407,142
56,2913,172
57,3577,201
58,4453,208
59,5145,254
60,6091,325
61,7472,361
62,8742,435
63,10493,519
