1,1,0
2,0,0
3,0,0
4,0,0
5,1,0
6,0,0
7,0,0
8,1,0
9,0,0
10,2,0
11,1,0
12,2,0
13,0,0
14,3,0
15,3,0
16,1,0
17,4,0
18,4,0
19,2,0
20,4,0
21,7,0
22,1,0
23,1,0
24,3,1
25,4,0
26,8,1
27,16,0
28,23,2
29,14,0
30,16,2
31,17,2
32,27,2
33,29,1
34,36,3
35,41,5
36,48,1
37,55,2
38,76,2
39,91,4
40,123,5
41,112,4
42,155,6
43,191,9
44,219,13
45,245,16
46,315,11
47,339,17
48,473,23
49,545,25
50,684,28
51,829,44
52,1084,52
53,1204,60
54,1402,77
55,1694,90
56,2054,108
57,2363,107
58,2914,143
59,3443,192
60,4040,206
61,4995,255
62,5729,336
63,6945,419
64,8519,415
65,10211,510
66,12044,589
67,14478,760
68,17250,905
69,20594,1002
70,24794,1283
71,29498,1548
72,35359,1856
73,42506,2135
74,50217,2589
75,54203,2807
76,50580,2858
77,41303,2688
78,29606,2200
79,19153,1630
80,11317,1213
81,6270,786
82,3240,465
83,1664,315
84,784,176
85,344,90
86,161,51
87,84,33
88,29,8
89,12,15
90,1,7
91,2,0
92,2,2
93,0,0
94,0,0
95,0,0
96,0,0
97,0,0
98,0,0
99,0,0
100,0,0
101,0,0
102,0,0
103,0,0
104,0,0
105,0,0
106,0,0
107,0,0
108,0,0
109,0,0
110,0,0
111,0,0
112,0,0
113,0,0
114,0,0
115,0,0
116,0,0
117,0,0
118,0,0
119,0,0
120,0,0
121,0,0
122,0,0
123,0,0
124,0,0
125,0,0
126,0,0
127,0,0
128,0,0
129,0,0
