1,1,0
2,0,0
3,0,0
4,1,0
5,1,0
6,4,0
7,2,0
8,6,1
9,8,0
10,13,0
11,29,0
12,24,0
13,28,3
14,32,0
15,41,0
16,61,1
17,77,3
18,100,3
19,116,5
20,158,5
21,180,10
22,203,12
23,219,13
24,232,18
25,261,20
26,375,9
27,402,23
28,485,21
29,616,23
30,681,33
31,919,44
32,1035,47
33,1263,60
34,1523,83
35,1739,93
36,2097,103
37,2577,116
38,2995,185
39,3690,200
40,4338,178
41,5280,261
42,6334,334
43,7599,440
44,8631,479
45,10498,593
46,12657,664
47,15066,792
48,17794,936
49,21400,1093
50,25893,1351
51,30974,1520
52,37442,1939
53,44946,2287
54,51320,2614
55,53920,2904
56,48437,2838
57,37735,2527
58,26402,2016
59,16522,1521
60,9720,1047
61,5146,651
62,2650,485
63,1402,252
64,668,139
65,323,99
66,120,54
67,55,30
68,27,13
69,10,6
70,4,1
71,1,0
72,0,0
73,0,0
74,1,0
75,0,0
76,0,0
77,0,0
78,0,0
79,0,0
80,0,0
81,0,0
82,0,0
83,0,0
84,0,0
85,0,0
86,0,0
87,0,0
88,0,0
89,0,0
90,0,0
91,0,0
92,0,0
93,0,0
94,0,0
95,0,0
96,0,0
97,0,0
98,0,0
99,0,0
100,0,0
101,0,0
102,0,0
103,0,0
104,0,0
105,0,0
106,0,0
107,0,0
108,0,0
109,0,0
110,0,0
111,0,0
112,0,0
113,0,0
114,0,0
115,0,0
116,0,0
117,0,0
118,0,0
119,0,0
120,0,0
121,0,0
122,0,0
123,0,0
124,0,0
125,0,0
126,0,0
127,0,0
128,0,0
129,0,0
