1,1,0
2,0,0
3,0,0
4,0,0
5,2,0
6,0,0
7,0,0
8,1,0
9,0,0
10,1,1
11,1,0
12,7,0
13,3,0
14,5,0
15,5,0
16,5,0
17,5,1
18,4,0
19,11,0
20,7,1
21,13,1
22,14,0
23,21,0
24,19,2
25,14,0
26,29,3
27,23,3
28,42,0
29,38,5
30,38,1
31,46,5
32,60,3
33,79,1
34,90,8
35,93,4
36,111,8
37,168,4
38,185,10
39,220,12
40,285,14
41,356,14
42,354,22
43,412,24
44,491,38
45,629,33
46,759,42
47,847,49
48,1050,54
49,1224,57
50,1493,74
51,1792,82
52,2172,103
53,2536,120
54,3042,160
55,3711,188
56,4392,229
57,5222,258
58,6269,330
59,7564,398
60,8808,494
61,10592,607
62,12464,700
63,14843,808
64,17843,943
65,21204,1093
66,25566,1339
67,30036,1521
68,36221,1863
69,43617,2189
70,50464,2703
71,52542,2870
72,47616,2773
73,36845,2427
74,25735,1999
75,16051,1388
76,9302,1017
77,5135,667
78,2733,400
79,1262,238
80,614,150
81,296,73
82,139,40
83,57,30
84,19,16
85,15,7
86,5,4
87,1,0
88,2,1
89,0,0
90,0,0
91,0,0
92,0,0
93,0,0
94,0,0
95,0,0
96,0,0
97,0,0
98,0,0
99,0,0
100,0,0
101,0,0
102,0,0
103,0,0
104,0,0
105,0,0
106,0,0
107,0,0
108,0,0
109,0,0
110,0,0
111,0,0
112,0,0
113,0,0
114,0,0
115,0,0
116,0,0
117,0,0
118,0,0
119,0,0
120,0,0
121,0,0
122,0,0
123,0,0
124,0,0
125,0,0
126,0,0
127,0,0
128,0,0
129,0,0
