1,1,0
2,0,0
3,0,0
4,0,0
5,2,0
6,1,0
7,1,0
8,0,0
9,2,0
10,1,0
11,1,0
12,1,1
13,3,0
14,8,0
15,7,0
16,8,0
17,5,0
18,9,1
19,9,0
20,5,0
21,9,0
22,11,0
23,14,2
24,12,1
25,17,3
26,12,2
27,13,0
28,20,2
29,12,1
30,20,3
31,20,0
32,31,2
33,46,0
34,57,2
35,91,4
36,87,2
37,122,6
38,148,3
39,187,8
40,224,9
41,235,11
42,306,14
43,410,24
44,413,25
45,476,20
46,552,39
47,628,33
48,768,49
49,888,60
50,1089,56
51,1433,83
52,1599,80
53,2010,89
54,2353,138
55,2873,134
56,3245,168
57,4053,216
58,4719,274
59,5547,300
60,6742,345
61,7726,434
62,9329,495
63,11151,584
64,13400,688
65,15866,830
66,19102,997
67,22875,1203
68,27262,1305
69,32765,1608
70,38774,2058
71,46675,2471
72,52001,2780
73,50963,2958
74,43557,2722
75,32258,2270
76,21555,1810
77,13067,1298
78,7482,886
79,3991,577
80,2024,333
81,1015,205
82,441,115
83,220,59
84,86,35
85,37,33
86,14,16
87,6,6
88,2,0
89,1,1
90,0,0
91,0,1
92,0,0
93,0,0
94,0,0
95,0,0
96,0,0
97,0,0
98,0,0
99,0,0
100,0,0
101,0,0
102,0,0
103,0,0
104,0,0
105,0,0
106,0,0
107,0,0
108,0,0
109,0,0
110,0,0
111,0,0
112,0,0
113,0,0
114,0,0
115,0,0
116,0,0
117,0,0
118,0,0
119,0,0
120,0,0
121,0,0
122,0,0
123,0,0
124,0,0
125,0,0
126,0,0
127,0,0
128,0,0
129,0,0
