1,1,0
2,0,0
3,0,0
4,0,0
5,1,0
6,0,0
7,1,0
8,0,0
9,1,0
10,0,0
11,0,0
12,2,0
13,1,0
14,0,0
15,2,0
16,1,0
17,5,0
18,5,0
19,2,0
20,1,0
21,3,1
22,6,0
23,6,0
24,11,0
25,12,0
26,12,0
27,23,1
28,27,0
29,22,1
30,42,1
31,37,2
32,44,0
33,47,2
34,56,3
35,65,4
36,85,3
37,86,10
38,112,9
39,143,6
40,171,8
41,186,7
42,218,12
43,336,15
44,406,25
45,502,22
46,610,23
47,721,31
48,896,39
49,1076,50
50,1316,70
51,1530,67
52,1759,83
53,2143,116
54,2581,121
55,2973,132
56,3610,206
57,4483,253
58,5412,267
59,6302,318
60,7804,368
61,9237,447
62,10835,558
63,13145,650
64,15916,827
65,18832,989
66,22404,1208
67,26507,1393
68,31624,1694
69,38455,2035
70,45643,2305
71,51897,2732
72,52516,2939
73,46167,2799
74,35056,2457
75,23810,1972
76,14719,1395
77,8308,968
78,4450,572
79,2396,387
80,1132,244
81,534,124
82,232,65
83,107,36
84,43,18
85,23,13
86,10,4
87,3,1
88,1,1
89,1,0
90,0,1
91,0,1
92,0,0
93,0,0
94,0,0
95,0,0
96,0,0
97,0,0
98,0,0
99,0,0
100,0,0
101,0,0
102,0,0
103,0,0
104,0,0
105,0,0
106,0,0
107,0,0
108,0,0
109,0,0
110,0,0
111,0,0
112,0,0
113,0,0
114,0,0
115,0,0
116,0,0
117,0,0
118,0,0
119,0,0
120,0,0
121,0,0
122,0,0
123,0,0
124,0,0
125,0,0
126,0,0
127,0,0
128,0,0
129,0,0
