1,1,0
2,0,0
3,0,0
4,2,0
5,1,0
6,4,0
7,5,0
8,9,0
9,8,0
10,9,0
11,22,0
12,18,1
13,42,0
14,50,0
15,39,0
16,56,2
17,50,1
18,71,2
19,75,6
20,103,7
21,121,7
22,143,8
23,168,8
24,232,13
25,338,9
26,382,15
27,437,19
28,539,26
29,637,31
30,767,42
31,997,40
32,1183,63
33,1405,75
34,1621,81
35,2002,107
36,2303,116
37,2789,163
38,3192,163
39,3872,223
40,4465,262
41,5455,289
42,6814,348
43,7969,414
44,9548,474
45,11198,585
46,13642,652
47,16011,827
48,18902,1062
49,22632,1197
50,26951,1471
51,32196,1739
52,38541,2073
53,46093,2397
54,51384,2784
55,50522,2793
56,42608,2639
57,31536,2326
58,20945,1822
59,12658,1309
60,7279,848
61,3737,531
62,1970,303
63,996,223
64,449,103
65,201,57
66,86,35
67,52,9
68,17,7
69,8,1
70,4,4
71,0,2
72,0,3
73,0,1
74,0,0
75,0,0
76,0,0
77,0,0
78,0,0
79,0,0
80,0,0
81,0,0
82,0,0
83,0,0
84,0,0
85,0,0
86,0,0
87,0,0
88,0,0
89,0,0
90,0,0
91,0,0
92,0,0
93,0,0
94,0,0
95,0,0
96,0,0
97,0,0
98,0,0
99,0,0
100,0,0
101,0,0
102,0,0
103,0,0
104,0,0
105,0,0
106,0,0
107,0,0
108,0,0
109,0,0
110,0,0
111,0,0
112,0,0
113,0,0
114,0,0
115,0,0
116,0,0
117,0,0
118,0,0
119,0,0
120,0,0
121,0,0
122,0,0
123,0,0
124,0,0
125,0,0
126,0,0
127,0,0
128,0,0
129,0,0
