1,1,0
2,0,0
3,1,0
4,5,0
5,8,0
6,5,0
7,11,0
8,15,1
9,11,0
10,20,2
11,17,0
12,45,0
13,53,3
14,58,0
15,69,3
16,67,2
17,96,2
18,108,11
19,112,4
20,126,9
21,167,16
22,215,11
23,226,18
24,306,18
25,365,29
26,432,20
27,463,21
28,622,37
29,719,39
30,878,47
31,1021,54
32,1371,67
33,1645,75
34,1864,107
35,2308,120
36,2688,134
37,3197,157
38,3793,204
39,4558,233
40,5500,272
41,6703,318
42,8033,426
43,9429,493
44,11374,603
45,13593,704
46,16276,882
47,19323,1023
48,23248,1141
49,27437,1446
50,33257,1737
51,39724,2038
52,47224,2438
53,52270,2791
54,50071,2863
55,41927,2722
56,30840,2260
57,20379,1831
58,12208,1275
59,6737,846
60,3573,529
61,1811,365
62,868,185
63,412,113
64,194,58
65,79,35
66,39,19
67,16,13
68,9,3
69,0,2
70,1,2
71,1,2
72,0,0
73,0,0
74,0,0
75,0,0
76,0,0
77,0,0
78,0,0
79,0,0
80,0,0
81,0,0
82,0,0
83,0,0
84,0,0
85,0,0
86,0,0
87,0,0
88,0,0
89,0,0
90,0,0
91,0,0
92,0,0
93,0,0
94,0,0
95,0,0
96,0,0
97,0,0
98,0,0
99,0,0
100,0,0
101,0,0
102,0,0
103,0,0
104,0,0
105,0,0
106,0,0
107,0,0
108,0,0
109,0,0
110,0,0
111,0,0
112,0,0
113,0,0
114,0,0
115,0,0
116,0,0
117,0,0
118,0,0
119,0,0
120,0,0
121,0,0
122,0,0
123,0,0
124,0,0
125,0,0
126,0,0
127,0,0
128,0,0
129,0,0
