1,1,0
2,0,0
3,0,0
4,2,0
5,2,0
6,9,0
7,4,0
8,9,0
9,16,0
10,13,1
11,18,0
12,15,1
13,18,0
14,18,3
15,17,2
16,24,1
17,17,1
18,31,3
19,21,3
20,21,2
21,30,3
22,27,1
23,48,4
24,40,4
25,45,4
26,49,3
27,73,3
28,82,5
29,86,6
30,114,2
31,140,7
32,174,9
33,184,9
34,226,17
35,237,19
36,307,14
37,361,21
38,453,25
39,541,22
40,661,29
41,822,35
42,948,53
43,1115,56
44,1334,63
45,1598,82
46,2044,95
47,2401,138
48,2933,147
49,3536,147
50,4265,205
51,5088,258
52,6059,335
53,7392,372
54,9017,432
55,10774,549
56,12819,657
57,15379,746
58,18537,941
59,22310,1167
60,26411,1361
61,31591,1677
62,37470,1929
63,44623,2299
64,50999,2720
65,52587,2912
66,46694,2861
67,35900,2577
68,24798,2027
69,15450,1486
70,9062,980
71,4798,647
72,2444,375
73,1211,228
74,562,148
75,261,79
76,105,42
77,63,24
78,32,15
79,5,5
80,5,1
81,0,2
82,1,0
83,1,1
84,0,0
85,1,0
86,0,0
87,0,0
88,0,0
89,0,0
90,0,0
91,0,0
92,0,0
93,0,0
94,0,0
95,0,0
96,0,0
97,0,0
98,0,0
99,0,0
100,0,0
101,0,0
102,0,0
103,0,0
104,0,0
105,0,0
106,0,0
107,0,0
108,0,0
109,0,0
110,0,0
111,0,0
112,0,0
113,0,0
114,0,0
115,0,0
116,0,0
117,0,0
118,0,0
119,0,0
120,0,0
121,0,0
122,0,0
123,0,0
124,0,0
125,0,0
126,0,0
127,0,0
128,0,0
129,0,0
