1,1,0
2,0,0
3,0,0
4,1,0
5,2,0
6,2,0
7,1,0
8,0,0
9,1,1
10,2,0
11,3,0
12,1,0
13,0,1
14,1,0
15,0,1
16,0,0
17,0,1
18,1,0
19,1,0
20,2,0
21,1,0
22,0,0
23,3,0
24,11,0
25,5,0
26,6,0
27,15,0
28,23,0
29,14,0
30,25,1
31,40,0
32,50,2
33,51,1
34,66,3
35,65,0
36,76,5
37,84,4
38,103,10
39,102,12
40,123,13
41,151,8
42,182,16
43,201,15
44,197,13
45,242,18
46,284,16
47,308,21
48,459,24
49,538,32
50,621,32
51,737,46
52,917,31
53,1103,52
54,1316,61
55,1619,83
56,1902,98
57,2283,123
58,2883,164
59,3276,167
60,3954,224
61,4828,238
62,5960,292
63,7174,364
64,8389,441
65,10004,512
66,12007,629
67,14398,732
68,16973,838
69,20024,998
70,24142,1227
71,28884,1513
72,34609,1808
73,41480,2141
74,50047,2569
75,59435,3089
