1,1,0
2,0,0
3,0,0
4,0,0
5,2,0
6,1,0
7,1,0
8,2,0
9,3,0
10,11,0
11,8,0
12,11,0
13,9,1
14,19,1
15,17,0
16,13,2
17,32,1
18,35,0
19,46,2
20,55,3
21,74,5
22,75,2
23,81,3
24,109,3
25,148,11
26,167,9
27,172,6
28,238,10
29,323,15
30,372,16
31,396,22
32,506,20
33,569,27
34,752,35
35,851,43
36,1028,53
37,1207,49
38,1441,81
39,1687,98
40,1962,116
41,2363,121
42,2878,172
43,3396,161
44,4186,219
45,5040,266
46,6054,311
47,7232,371
48,8809,458
49,10382,550
50,12449,651
51,14993,727
52,18045,935
53,21459,1081
54,25879,1358
55,30804,1630
56,36969,1867
57,43778,2306
58,50359,2592
59,52040,2831
60,47110,2809
61,37070,2567
62,25826,1991
63,16146,1507
64,9342,947
65,5047,654
66,2523,436
67,1318,260
68,645,181
69,255,87
70,129,51
71,38,23
72,21,16
73,5,4
74,2,5
75,2,1
