1,1,0
2,0,0
3,0,0
4,0,0
5,3,0
6,0,0
7,3,0
8,2,0
9,11,0
10,16,0
11,8,0
12,16,1
13,27,2
14,36,1
15,63,1
16,43,1
17,54,3
18,68,2
19,85,3
20,101,6
21,106,8
22,130,12
23,146,9
24,197,6
25,233,17
26,272,14
27,351,15
28,422,14
29,498,33
30,620,31
31,707,38
32,921,34
33,1037,56
34,1324,59
35,1540,71
36,1844,97
37,2121,105
38,2622,140
39,3123,159
40,3644,203
41,4423,239
42,5267,264
43,6338,323
44,7339,409
45,8827,447
46,10694,531
47,12700,676
48,15482,769
49,18161,968
50,21908,1091
51,26064,1369
52,31082,1596
53,37491,1953
54,44338,2252
55,51206,2626
56,52652,3011
57,46759,2856
58,36421,2508
59,24724,2004
60,15479,1481
61,8812,1035
62,4717,669
63,2509,390
64,1212,215
65,534,133
66,243,80
67,139,55
68,51,23
69,25,13
70,10,9
71,5,5
72,4,0
73,0,0
74,0,1
75,0,0
