1,1,0
2,0,0
3,2,0
4,0,0
5,0,0
6,5,0
7,1,1
8,3,0
9,1,0
10,2,0
11,3,0
12,3,1
13,1,1
14,3,0
15,9,0
16,2,0
17,4,0
18,11,0
19,11,0
20,9,0
21,11,0
22,19,2
23,20,1
24,23,1
25,33,1
26,36,3
27,33,6
28,33,1
29,38,0
30,59,5
31,78,3
32,65,5
33,95,6
34,79,6
35,100,5
36,118,4
37,108,12
38,144,16
39,175,12
40,215,10
41,231,16
42,260,10
43,319,27
44,378,35
45,457,27
46,514,26
47,613,27
48,783,37
49,989,29
50,1080,66
51,1292,65
52,1600,83
53,1972,97
54,2307,102
55,2815,123
56,3252,155
57,4036,214
58,4687,245
59,5654,306
60,6755,380
61,8056,415
62,9937,537
63,11854,552
64,14038,717
65,16713,847
66,20339,1070
67,24352,1175
68,28902,1455
69,34734,1796
70,41353,2034
71,49703,2520
72,59690,3156
73,71045,3562
74,81253,4244
75,82126,4519
