1,1,0
2,0,0
3,0,0
4,2,0
5,0,0
6,2,0
7,0,1
8,1,0
9,0,0
10,3,0
11,0,0
12,0,0
13,2,0
14,3,0
15,2,0
16,1,0
17,1,1
18,2,0
19,5,0
20,3,1
21,4,0
22,12,0
23,13,0
24,11,2
25,22,1
26,21,0
27,21,2
28,35,0
29,53,3
30,90,4
31,78,4
32,116,4
33,143,5
34,186,8
35,210,12
36,282,8
37,337,15
38,424,15
39,475,13
40,590,21
41,661,40
42,798,45
43,1012,58
44,1211,52
45,1466,64
46,1761,78
47,2098,99
48,2441,133
49,3079,148
50,3605,172
51,4231,212
52,5023,286
53,6088,299
54,7233,369
55,8661,481
56,10643,578
57,12915,696
58,15342,743
59,18542,905
60,21981,1144
61,26196,1383
62,31335,1600
63,37433,1918
64,44699,2240
65,51542,2690
66,53101,2980
67,47167,2782
68,36705,2519
69,24935,1946
70,15860,1481
71,9102,926
72,4918,649
73,2504,458
74,1194,256
75,606,144
76,272,75
77,87,34
78,44,23
79,30,11
80,8,4
81,6,1
82,2,0
83,0,2
84,0,0
85,0,0
86,1,0
87,0,0
88,0,0
89,0,0
90,0,0
91,0,0
92,0,0
93,0,0
94,0,0
95,0,0
96,0,0
97,0,0
98,0,0
99,0,0
100,0,0
101,0,0
102,0,0
103,0,0
104,0,0
105,0,0
106,0,0
