1,1,0
2,0,0
3,0,0
4,0,0
5,2,0
6,2,0
7,4,0
8,1,0
9,0,0
10,2,0
11,2,0
12,1,0
13,0,0
14,1,0
15,0,0
16,1,0
17,2,0
18,2,0
19,1,0
20,1,0
21,0,0
22,0,0
23,2,0
24,2,0
25,3,0
26,4,1
27,6,0
28,5,1
29,1,1
30,4,0
31,9,0
32,5,1
33,8,2
34,9,3
35,18,1
36,15,0
37,24,1
38,34,0
39,43,1
40,71,2
41,57,2
42,81,4
43,106,6
44,127,8
45,143,5
46,191,6
47,238,12
48,250,16
49,318,11
50,432,18
51,465,28
52,571,32
53,682,42
54,851,36
55,965,51
56,1218,66
57,1315,78
58,1720,88
59,2083,98
60,2478,136
61,2935,139
62,3555,190
63,4291,198
64,5306,267
65,6118,282
66,7321,359
67,8802,456
68,10531,586
69,12564,657
70,14958,794
71,17735,889
72,21479,1156
73,25400,1319
74,29972,1678
75,36295,1860
76,44042,2345
77,51121,2606
78,53388,2826
79,49080,2860
80,38658,2517
81,26977,2045
82,17224,1576
83,10117,1107
84,5446,700
85,2991,440
86,1358,262
87,647,173
88,306,89
89,116,48
90,61,35
91,33,13
92,15,6
93,4,1
94,0,0
95,0,2
96,0,1
97,0,0
98,0,0
99,0,0
100,0,0
101,0,0
102,0,0
103,0,0
104,0,0
105,0,0
106,0,0
