1,1,0
2,0,0
3,0,0
4,0,0
5,1,0
6,1,0
7,0,0
8,4,0
9,1,0
10,2,0
11,3,0
12,2,0
13,6,0
14,5,0
15,3,1
16,2,0
17,3,1
18,5,1
19,4,1
20,2,2
21,2,0
22,4,1
23,9,0
24,9,1
25,16,2
26,13,0
27,18,1
28,29,1
29,47,1
30,56,2
31,66,1
32,70,1
33,63,2
34,96,7
35,93,4
36,122,10
37,106,14
38,175,7
39,183,9
40,262,13
41,274,15
42,328,19
43,378,21
44,495,34
45,571,23
46,720,34
47,851,34
48,1058,44
49,1237,56
50,1451,83
51,1680,101
52,2024,102
53,2549,132
54,2860,171
55,3556,203
56,4269,217
57,5053,239
58,5935,313
59,7235,377
60,8429,428
61,10251,547
62,12194,664
63,14593,736
64,17185,900
65,20756,1025
66,24485,1320
67,29339,1566
68,35042,1848
69,41864,2215
70,48958,2582
71,52819,2802
72,48545,2885
73,39210,2575
74,27782,2093
75,17484,1638
76,10513,1115
77,5779,740
78,2927,415
79,1433,303
80,677,179
81,312,107
82,130,54
83,75,18
84,43,14
85,9,9
86,7,2
87,2,5
88,2,1
89,0,0
90,0,0
91,0,0
92,0,0
93,0,0
94,0,0
95,0,0
96,0,0
97,0,0
98,0,0
99,0,0
100,0,0
101,0,0
102,0,0
103,0,0
104,0,0
105,0,0
106,0,0
