1,1,0
2,0,0
3,0,0
4,0,0
5,1,0
6,0,0
7,1,0
8,0,0
9,0,0
10,1,0
11,0,0
12,4,0
13,1,1
14,3,1
15,0,0
16,3,0
17,7,0
18,6,0
19,7,0
20,7,0
21,6,1
22,8,0
23,9,0
24,8,1
25,4,2
26,4,0
27,3,0
28,3,2
29,6,0
30,6,0
31,8,0
32,10,1
33,14,1
34,12,2
35,19,0
36,28,0
37,29,0
38,35,1
39,36,0
40,46,2
41,47,2
42,61,1
43,72,7
44,92,7
45,105,5
46,131,8
47,145,9
48,134,9
49,162,15
50,219,12
51,251,9
52,275,14
53,349,19
54,426,27
55,443,30
56,550,29
57,665,34
58,775,52
59,901,50
60,1092,60
61,1293,77
62,1587,90
63,1959,109
64,2157,117
65,2728,135
66,3199,179
67,3897,218
68,4633,248
69,5501,264
70,6728,374
71,7924,427
72,9681,471
73,11429,578
74,13660,693
75,16195,845
76,19251,960
77,23338,1158
78,28058,1392
79,33001,1692
80,39431,2053
81,47253,2407
82,52394,2735
83,50397,2868
84,42395,2732
85,31359,2278
86,20640,1860
87,12489,1191
88,6921,869
89,3755,540
90,1936,322
91,916,195
92,430,110
93,195,71
94,93,36
95,39,17
96,7,6
97,6,8
98,2,2
99,1,1
100,0,0
101,0,0
102,0,1
103,0,0
104,0,0
105,0,0
106,0,0
