1,1,0
2,0,0
3,0,0
4,2,0
5,3,1
6,5,0
7,7,0
8,5,0
9,9,0
10,6,0
11,7,2
12,11,1
13,9,0
14,14,2
15,9,1
16,16,1
17,18,4
18,22,2
19,23,3
20,28,0
21,42,2
22,43,6
23,44,4
24,98,4
25,102,6
26,125,2
27,147,4
28,198,11
29,208,9
30,258,11
31,354,16
32,375,28
33,390,25
34,512,24
35,642,32
36,787,47
37,885,55
38,1048,52
39,1293,62
40,1488,75
41,1813,87
42,2155,109
43,2613,137
44,3052,147
45,3680,216
46,4518,225
47,5322,267
48,6491,327
49,7575,344
50,8866,458
51,10551,585
52,12746,639
53,15105,808
54,18270,942
55,21900,1086
56,25751,1315
57,30929,1583
58,36796,1890
59,43958,2365
60,51604,2594
61,53469,2873
62,48116,2870
63,37859,2552
64,26530,2105
65,16474,1520
66,9702,981
67,5194,691
68,2721,420
69,1333,266
70,655,149
71,280,92
72,144,47
73,58,24
74,17,16
75,8,2
76,1,4
77,0,3
78,0,1
79,0,0
80,0,0
81,0,0
82,0,0
83,0,0
84,0,0
85,0,0
86,0,0
87,0,0
88,0,0
89,0,0
90,0,0
91,0,0
92,0,0
93,0,0
94,0,0
95,0,0
96,0,0
97,0,0
98,0,0
99,0,0
100,0,0
101,0,0
102,0,0
103,0,0
104,0,0
105,0,0
106,0,0
