1,1,0
2,0,0
3,0,0
4,0,0
5,1,0
6,1,0
7,1,0
8,0,0
9,2,0
10,1,0
11,6,0
12,2,0
13,3,0
14,1,0
15,7,0
16,7,2
17,6,2
18,9,0
19,10,0
20,1,1
21,13,0
22,12,1
23,11,0
24,7,1
25,6,0
26,16,1
27,27,1
28,16,0
29,21,2
30,15,1
31,18,2
32,24,3
33,32,3
34,37,3
35,42,0
36,59,1
37,69,3
38,81,5
39,107,4
40,137,2
41,140,6
42,164,7
43,215,15
44,255,10
45,327,11
46,376,22
47,423,20
48,473,27
49,578,35
50,664,33
51,827,41
52,904,44
53,1025,65
54,1221,76
55,1377,98
56,1700,97
57,1902,105
58,2339,125
59,2921,166
60,3455,194
61,3946,195
62,4833,271
63,5860,343
64,7010,353
65,8449,434
66,10062,508
67,12287,589
68,14499,779
69,17620,873
70,20797,1053
71,24556,1271
72,29610,1591
73,35132,1882
74,42106,2231
75,49040,2589
76,52337,2797
77,48960,2881
78,39683,2538
79,27980,2158
80,17674,1587
81,10697,1122
82,5789,751
83,3033,480
84,1491,303
85,736,178
86,320,83
87,142,56
88,74,20
89,28,10
90,8,6
91,8,1
92,0,3
93,1,3
94,2,1
95,0,0
96,0,0
97,0,0
98,0,0
99,0,0
100,0,0
101,0,0
102,0,0
103,0,0
104,0,0
105,0,0
106,0,0
