1,1,0
2,0,0
3,0,0
4,0,0
5,1,0
6,3,0
7,3,0
8,2,0
9,2,0
10,3,0
11,13,0
12,4,0
13,11,0
14,13,0
15,9,0
16,19,1
17,36,1
18,39,1
19,41,1
20,58,0
21,60,2
22,59,4
23,89,3
24,134,9
25,139,6
26,177,5
27,194,12
28,231,8
29,264,8
30,309,18
31,367,11
32,409,22
33,469,31
34,535,37
35,605,44
36,783,55
37,907,44
38,1072,61
39,1339,77
40,1607,79
41,1800,94
42,2188,129
43,2529,124
44,3046,182
45,3820,207
46,4712,206
47,5527,286
48,6640,352
49,7719,398
50,9522,450
51,11438,584
52,13648,683
53,16290,864
54,19042,1012
55,23145,1280
56,27612,1408
57,33239,1679
58,40141,2062
59,47583,2480
60,52966,2815
61,51459,2904
62,44036,2748
63,32547,2231
64,21532,1820
65,13382,1342
66,7410,867
67,4001,560
68,1968,335
69,971,205
70,433,116
71,178,76
72,86,40
73,39,16
74,19,9
75,6,7
76,2,6
77,0,0
78,1,1
79,0,0
80,0,0
81,0,0
82,0,0
83,0,0
84,0,0
85,0,0
86,0,0
87,0,0
88,0,0
89,0,0
90,0,0
91,0,0
92,0,0
93,0,0
94,0,0
95,0,0
96,0,0
97,0,0
98,0,0
99,0,0
100,0,0
101,0,0
102,0,0
103,0,0
104,0,0
105,0,0
106,0,0
