1,1,0
2,0,0
3,0,0
4,0,0
5,3,0
6,5,1
7,0,0
8,2,0
9,3,1
10,3,0
11,0,0
12,6,1
13,3,0
14,6,0
15,12,2
16,9,0
17,20,0
18,14,1
19,15,2
20,26,0
21,13,1
22,13,0
23,13,2
24,22,3
25,37,2
26,46,2
27,49,3
28,64,3
29,84,2
30,111,5
31,128,4
32,140,2
33,155,10
34,210,11
35,252,12
36,304,17
37,375,17
38,470,17
39,497,25
40,618,28
41,727,40
42,860,48
43,1061,67
44,1245,64
45,1513,79
46,1840,94
47,2110,104
48,2587,114
49,2984,167
50,3505,168
51,4326,223
52,5263,264
53,6166,317
54,7425,402
55,8726,451
56,10292,530
57,12767,640
58,15393,764
59,17876,919
60,21678,1095
61,25872,1317
62,31153,1605
63,37313,1851
64,44311,2221
65,51241,2724
66,53381,2951
67,47827,2873
68,37737,2605
69,26126,2033
70,16738,1522
71,9756,1090
72,5239,716
73,2640,436
74,1337,242
75,632,146
76,321,76
77,102,56
78,61,27
79,17,19
80,12,7
81,2,1
82,2,3
83,1,1
84,0,1
85,0,0
86,0,0
87,0,0
88,0,0
89,0,1
90,0,0
91,0,0
92,0,0
93,0,0
94,0,0
95,0,0
96,0,0
97,0,0
98,0,0
99,0,0
100,0,0
101,0,0
102,0,0
103,0,0
104,0,0
105,0,0
106,0,0
