1,1,0
2,0,0
3,0,1
4,0,0
5,2,0
6,0,0
7,1,0
8,3,0
9,0,0
10,3,0
11,3,0
12,1,0
13,3,0
14,4,0
15,7,1
16,5,0
17,15,0
18,17,0
19,16,0
20,13,1
21,27,3
22,22,2
23,49,2
24,42,2
25,51,3
26,56,3
27,65,3
28,59,7
29,96,6
30,91,10
31,95,3
32,131,7
33,155,8
34,184,7
35,215,10
36,254,11
37,299,17
38,369,15
39,415,14
40,474,29
41,555,43
42,690,38
43,840,39
44,976,51
45,1214,74
46,1429,76
47,1739,89
48,2035,115
49,2623,124
50,3125,136
51,3555,174
52,4372,202
53,5186,273
54,6189,345
55,7245,387
56,8865,430
57,10608,546
58,12416,653
59,14817,799
60,17903,970
61,21174,1102
62,25285,1315
63,30609,1542
64,35979,1880
65,43201,2177
66,49858,2613
67,52495,2801
68,47576,2878
69,37412,2517
70,26726,2133
71,16650,1537
72,9626,1099
73,5275,660
74,2710,429
75,1318,265
76,648,171
77,302,81
78,143,44
79,51,29
80,36,14
81,9,9
82,3,1
83,0,2
84,0,1
85,1,0
86,0,0
87,0,0
88,0,0
89,0,0
90,0,0
91,0,0
92,0,0
93,0,0
94,0,0
95,0,0
96,0,0
97,0,0
98,0,0
99,0,0
100,0,0
101,0,0
102,0,0
103,0,0
104,0,0
105,0,0
106,0,0
