1,1,0
2,0,0
3,0,0
4,0,0
5,1,0
6,1,0
7,3,0
8,1,0
9,3,0
10,6,0
11,3,0
12,4,0
13,4,1
14,5,0
15,10,0
16,6,2
17,14,0
18,16,1
19,20,2
20,29,0
21,34,1
22,22,1
23,17,1
24,23,3
25,37,4
26,31,3
27,31,2
28,32,4
29,47,4
30,51,1
31,69,3
32,68,5
33,107,6
34,122,5
35,131,7
36,151,5
37,177,9
38,220,16
39,285,16
40,295,12
41,305,21
42,403,28
43,459,26
44,597,35
45,706,34
46,788,40
47,944,49
48,1090,57
49,1324,71
50,1721,70
51,1993,113
52,2517,120
53,2789,142
54,3439,159
55,4203,201
56,4971,266
57,5871,287
58,7357,360
59,8617,409
60,10580,499
61,12412,660
62,14906,785
63,17939,841
64,21228,1081
65,25499,1355
66,30332,1501
67,36553,1915
68,43317,2191
69,50021,2621
70,53492,2822
71,48578,2922
72,38421,2613
73,27178,2111
74,17354,1591
75,10159,1109
76,5536,763
77,2816,471
78,1412,279
79,700,164
80,327,68
81,127,48
82,64,23
83,22,11
84,17,7
85,3,3
86,1,1
87,0,0
88,1,1
89,0,0
90,0,0
91,0,0
92,0,0
93,0,0
94,0,0
95,0,0
96,0,0
97,0,0
98,0,0
99,0,0
100,0,0
101,0,0
102,0,0
103,0,0
104,0,0
105,0,0
106,0,0
