1,1,0
2,0,0
3,0,0
4,1,0
5,2,0
6,1,0
7,8,0
8,10,0
9,14,0
10,11,0
11,22,0
12,30,0
13,28,1
14,31,2
15,33,6
16,34,1
17,55,4
18,73,8
19,71,3
20,86,6
21,114,6
22,139,10
23,149,9
24,153,5
25,221,9
26,252,6
27,297,19
28,375,19
29,471,24
30,501,29
31,623,36
32,720,36
33,877,42
34,1035,48
35,1188,47
36,1468,84
37,1758,102
38,2131,112
39,2438,115
40,2950,144
41,3464,186
42,4241,217
43,5174,230
44,6306,276
45,7341,382
46,8959,463
47,10536,551
48,12736,622
49,15015,814
50,18133,954
51,21655,1156
52,25842,1386
53,30936,1614
54,37074,1983
55,43943,2257
56,50776,2548
57,52745,2901
58,47552,2810
59,36876,2589
60,25501,2114
61,16380,1484
62,9442,1032
63,5071,682
64,2535,451
65,1317,274
66,626,151
67,253,85
68,132,51
69,60,27
70,30,18
71,14,7
72,1,4
73,0,1
74,1,1
75,0,0
76,0,0
77,0,1
78,0,0
79,0,0
80,0,0
81,0,0
82,0,0
83,0,0
84,0,0
85,0,0
86,0,0
87,0,0
88,0,0
89,0,0
90,0,0
91,0,0
92,0,0
93,0,0
94,0,0
95,0,0
96,0,0
97,0,0
98,0,0
99,0,0
100,0,0
101,0,0
102,0,0
103,0,0
104,0,0
105,0,0
106,0,0
