1,1,0
2,0,0
3,0,0
4,0,0
5,0,0
6,1,0
7,0,0
8,0,0
9,0,0
10,1,0
11,0,0
12,0,0
13,0,0
14,1,0
15,0,0
16,2,0
17,5,0
18,8,0
19,11,0
20,14,0
21,12,1
22,12,1
23,16,0
24,30,1
25,25,1
26,26,0
27,28,1
28,42,7
29,44,1
30,47,2
31,55,5
32,71,7
33,79,8
34,71,4
35,113,8
36,132,5
37,154,4
38,199,7
39,196,16
40,236,14
41,256,16
42,320,12
43,326,21
44,420,28
45,503,25
46,617,25
47,760,38
48,882,51
49,1069,59
50,1288,81
51,1654,90
52,2014,78
53,2268,119
54,2727,136
55,3190,185
56,4002,172
57,4601,257
58,5677,285
59,6715,332
60,8057,427
61,9460,506
62,11472,632
63,13754,712
64,16683,865
65,19820,1009
66,24029,1247
67,28928,1432
68,34326,1744
69,41682,2183
70,48872,2499
71,53520,2925
72,51072,2848
73,42187,2699
74,30524,2221
75,19982,1699
76,11990,1265
77,6740,825
78,3445,522
79,1743,303
80,811,191
81,376,105
82,166,56
83,73,33
84,44,15
85,10,7
86,2,1
87,1,2
88,0,0
89,0,0
90,0,1
91,0,1
92,0,0
93,0,0
94,0,0
95,0,0
96,0,0
97,0,0
98,0,0
99,0,0
100,0,0
101,0,0
102,0,0
103,0,0
104,0,0
105,0,0
106,0,0
