1,1,0
2,0,0
3,0,0
4,0,0
5,7,0
6,1,0
7,5,0
8,4,0
9,1,0
10,4,1
11,3,0
12,2,1
13,6,0
14,2,0
15,3,0
16,1,0
17,2,2
18,3,0
19,3,1
20,2,0
21,1,0
22,3,2
23,3,0
24,6,0
25,11,0
26,9,1
27,9,1
28,9,0
29,15,0
30,8,0
31,20,0
32,29,5
33,31,1
34,38,1
35,36,1
36,63,1
37,59,4
38,75,6
39,100,2
40,98,5
41,130,9
42,148,3
43,193,21
44,210,10
45,263,22
46,305,10
47,355,24
48,408,20
49,502,26
50,579,19
51,713,41
52,838,40
53,1029,62
54,1264,47
55,1566,90
56,1786,100
57,2211,117
58,2448,141
59,2961,176
60,3501,179
61,4249,247
62,5086,265
63,5849,337
64,7145,360
65,8325,446
66,9748,512
67,11884,601
68,14319,692
69,17080,928
70,20431,1045
71,24218,1238
72,28893,1514
73,34661,1788
74,41464,2178
75,48662,2475
76,51542,2865
77,47720,2945
78,38804,2502
79,27273,2079
80,17634,1539
81,10347,1170
82,5770,752
83,2886,458
84,1471,267
85,712,147
86,338,90
87,148,50
88,63,33
89,29,13
90,17,3
91,7,6
92,2,5
93,0,0
94,1,1
95,0,0
96,0,0
97,0,0
98,0,0
99,0,0
