1,1,0
2,0,0
3,0,0
4,0,0
5,0,0
6,1,0
7,1,0
8,0,0
9,1,0
10,7,0
11,4,0
12,4,0
13,2,0
14,5,0
15,4,0
16,4,0
17,3,0
18,2,0
19,0,0
20,1,0
21,1,1
22,1,0
23,1,1
24,2,0
25,2,0
26,5,0
27,3,0
28,4,0
29,2,0
30,3,0
31,2,0
32,9,0
33,4,1
34,8,0
35,7,0
36,5,1
37,6,1
38,15,1
39,26,1
40,32,1
41,56,2
42,52,2
43,74,2
44,94,1
45,91,6
46,135,1
47,157,8
48,200,6
49,212,5
50,313,15
51,446,11
52,466,22
53,518,17
54,643,20
55,740,46
56,903,53
57,1111,67
58,1274,68
59,1610,93
60,1903,89
61,2317,114
62,2797,143
63,3470,159
64,3986,216
65,4730,251
66,5846,292
67,6895,342
68,8113,444
69,10108,529
70,12294,593
71,14463,709
72,17181,905
73,20711,1038
74,24563,1247
75,29173,1513
76,35023,1774
77,41991,2178
78,49323,2616
79,52868,2878
80,49976,2965
81,40054,2634
82,29534,2195
83,19013,1625
84,11377,1216
85,6342,745
86,3210,511
87,1639,303
88,792,152
89,354,96
90,179,63
91,62,31
92,31,17
93,7,10
94,4,1
95,3,2
96,0,1
97,1,0
98,1,0
99,0,1
