1,1,0
2,0,0
3,0,0
4,3,0
5,3,0
6,3,0
7,9,0
8,13,0
9,19,0
10,12,0
11,15,0
12,13,1
13,26,3
14,25,2
15,27,3
16,42,2
17,63,3
18,53,1
19,77,1
20,112,5
21,111,7
22,117,10
23,140,11
24,169,14
25,211,12
26,232,22
27,291,21
28,359,18
29,445,22
30,576,22
31,716,29
32,845,34
33,953,61
34,1165,77
35,1417,53
36,1746,78
37,2110,95
38,2552,123
39,2973,153
40,3707,174
41,4398,241
42,5268,268
43,6171,313
44,7460,383
45,8977,475
46,10748,528
47,12630,703
48,15299,766
49,17967,944
50,21885,1156
51,26208,1254
52,31619,1615
53,37509,1930
54,44627,2354
55,51182,2677
56,52125,2828
57,46603,2893
58,36004,2468
59,24719,2007
60,15373,1393
61,8955,1032
62,4632,725
63,2482,438
64,1174,232
65,509,161
66,264,78
67,123,36
68,47,30
69,22,6
70,10,2
71,3,3
72,0,2
73,0,0
74,0,1
75,0,0
76,0,0
77,0,0
78,0,0
79,0,0
80,0,0
81,0,0
82,0,0
83,0,0
84,0,0
85,0,0
86,0,0
87,0,0
88,0,0
89,0,0
90,0,0
91,0,0
92,0,0
93,0,0
94,0,0
95,0,0
96,0,0
97,0,0
98,0,0
99,0,0
