1,1,0
2,0,0
3,0,0
4,1,0
5,2,0
6,3,0
7,3,0
8,8,0
9,3,1
10,6,0
11,3,0
12,7,0
13,3,0
14,4,0
15,1,0
16,3,0
17,14,1
18,22,1
19,11,1
20,23,1
21,22,1
22,30,1
23,16,1
24,30,1
25,35,3
26,36,2
27,54,9
28,44,4
29,63,4
30,74,4
31,129,2
32,128,5
33,140,13
34,201,10
35,237,9
36,287,8
37,360,13
38,391,14
39,479,21
40,555,33
41,714,41
42,860,47
43,1012,41
44,1290,57
45,1467,55
46,1767,91
47,2234,101
48,2647,117
49,3243,178
50,3888,186
51,4527,219
52,5265,260
53,6423,344
54,7831,408
55,9271,502
56,10816,568
57,13187,661
58,15438,816
59,18477,926
60,21681,1178
61,26246,1452
62,31114,1588
63,37309,2023
64,44360,2296
65,50423,2753
66,51307,2850
67,44517,2696
68,34195,2373
69,22973,1923
70,14291,1406
71,8078,914
72,4490,586
73,2222,387
74,1134,234
75,508,152
76,237,65
77,90,55
78,39,23
79,23,12
80,6,2
81,1,2
82,2,5
83,1,2
84,2,1
85,0,1
86,0,0
87,0,0
88,0,0
89,0,0
90,0,0
91,0,0
92,0,0
93,0,0
94,0,0
95,0,0
96,0,0
97,0,0
98,0,0
99,0,0
