1,1,0
2,0,0
3,2,0
4,0,0
5,0,0
6,5,0
7,0,0
8,1,0
9,1,1
10,1,0
11,3,1
12,2,1
13,3,1
14,5,1
15,14,1
16,18,1
17,21,0
18,20,0
19,37,0
20,56,0
21,84,5
22,82,3
23,80,5
24,102,4
25,107,13
26,161,4
27,188,13
28,212,7
29,271,12
30,367,16
31,414,13
32,466,23
33,544,33
34,719,34
35,865,35
36,943,51
37,1220,55
38,1360,66
39,1601,99
40,1784,94
41,2198,125
42,2757,134
43,3261,154
44,3941,202
45,4570,230
46,5592,312
47,6538,319
48,8063,450
49,9523,492
50,11321,619
51,13571,678
52,16046,878
53,19156,985
54,23541,1179
55,28193,1418
56,33889,1649
57,40136,2107
58,47558,2414
59,52355,2762
60,51083,2840
61,43245,2771
62,31908,2292
63,20717,1798
64,12762,1235
65,7148,846
66,3802,570
67,1886,327
68,902,209
69,439,126
70,213,57
71,92,34
72,43,20
73,19,2
74,8,6
75,3,2
76,1,2
77,0,2
78,0,0
79,0,0
80,0,1
81,0,0
82,0,0
83,0,0
84,0,0
85,0,0
86,0,0
87,0,0
88,0,0
89,0,0
90,0,0
91,0,0
92,0,0
93,0,0
94,0,0
95,0,0
96,0,0
97,0,0
98,0,0
99,0,0
