1,1,0
2,0,0
3,0,0
4,0,0
5,0,0
6,0,0
7,0,1
8,0,0
9,1,0
10,0,0
11,0,0
12,0,0
13,0,0
14,1,0
15,0,0
16,2,0
17,0,0
18,0,0
19,0,0
20,2,0
21,0,0
22,0,0
23,0,0
24,2,0
25,0,1
26,3,0
27,0,0
28,5,0
29,0,0
30,4,1
31,9,0
32,7,0
33,7,0
34,2,1
35,5,1
36,0,1
37,4,1
38,5,1
39,5,1
40,12,1
41,2,0
42,7,0
43,2,1
44,4,0
45,7,1
46,14,1
47,16,1
48,15,0
49,16,1
50,11,1
51,12,4
52,17,1
53,22,0
54,31,1
55,33,2
56,37,1
57,49,3
58,54,2
59,74,3
60,83,4
61,84,7
62,105,9
63,128,13
64,146,6
65,160,12
66,178,14
67,187,14
68,237,19
69,280,16
70,362,25
71,418,20
72,507,25
73,593,24
74,682,42
75,804,51
76,962,36
77,1060,73
78,1409,78
79,1577,80
80,1901,106
81,2218,120
82,2626,141
83,3155,167
84,3884,185
85,4474,247
86,5379,291
87,6404,365
88,7833,356
89,9341,481
90,11300,620
91,13360,676
92,15794,842
93,18835,1037
94,22403,1145
95,26795,1420
96,31910,1644
97,38602,2075
98,45742,2448
99,54872,2837
