1,1,0
2,0,0
3,0,0
4,1,0
5,1,0
6,2,0
7,3,0
8,8,0
9,13,0
10,9,0
11,21,1
12,14,1
13,22,1
14,25,0
15,23,2
16,24,1
17,26,1
18,33,2
19,60,5
20,66,4
21,51,5
22,64,7
23,92,5
24,129,3
25,156,6
26,179,6
27,214,9
28,252,4
29,259,22
30,327,12
31,376,18
32,458,23
33,536,18
34,660,40
35,830,52
36,990,47
37,1109,51
38,1384,71
39,1641,88
40,2060,75
41,2485,103
42,2872,140
43,3420,162
44,4041,202
45,4723,232
46,5828,364
47,6764,367
48,8263,477
49,9921,522
50,11818,598
51,14244,740
52,16947,861
53,20291,1051
54,24525,1315
55,29443,1473
56,34800,1770
57,42266,2187
58,49385,2599
59,53828,2787
60,50410,2855
61,41154,2559
62,29194,2226
63,18931,1662
64,11351,1115
65,6227,767
66,3262,499
67,1603,295
68,775,166
69,356,109
70,179,62
71,62,32
72,36,18
73,8,3
74,6,6
75,0,3
76,0,0
77,0,1
78,0,0
79,0,0
80,0,1
81,0,0
82,0,0
83,0,0
84,0,0
85,0,0
86,0,0
87,0,0
88,0,0
89,0,0
90,0,0
91,0,0
92,0,0
93,0,0
94,0,0
95,0,0
96,0,0
97,0,0
98,0,0
99,0,0
