1,1,0
2,0,0
3,0,0
4,0,0
5,0,1
6,2,0
7,0,0
8,1,0
9,2,0
10,0,0
11,2,0
12,4,0
13,7,0
14,9,0
15,2,0
16,8,0
17,2,2
18,5,1
19,4,0
20,5,0
21,4,1
22,3,0
23,5,1
24,5,0
25,2,0
26,2,2
27,3,3
28,6,1
29,4,1
30,5,1
31,7,0
32,3,1
33,3,1
34,5,1
35,4,0
36,5,0
37,3,4
38,3,0
39,3,0
40,3,0
41,8,2
42,6,0
43,4,0
44,13,3
45,10,1
46,14,2
47,32,1
48,36,2
49,51,1
50,48,0
51,64,2
52,78,3
53,108,5
54,118,6
55,148,4
56,201,4
57,191,9
58,242,18
59,297,13
60,341,18
61,367,26
62,457,25
63,567,37
64,663,25
65,748,36
66,873,61
67,1066,41
68,1355,50
69,1530,88
70,1832,108
71,2175,113
72,2615,139
73,3188,168
74,3610,205
75,4407,232
76,5351,288
77,6459,345
78,7547,410
79,8895,455
80,10850,568
81,12781,617
82,15255,856
83,18372,954
84,21753,1172
85,25862,1380
86,31029,1627
87,37317,1932
88,44852,2339
89,51097,2652
90,52437,2884
91,46261,2824
92,35798,2474
93,24477,2065
94,15365,1421
95,8647,991
96,4860,658
97,2425,391
98,1192,244
99,570,123
