1,1,0
2,0,0
3,0,0
4,0,0
5,0,0
6,0,0
7,0,0
8,0,0
9,1,0
10,0,0
11,1,0
12,1,0
13,0,0
14,1,0
15,1,0
16,0,0
17,0,0
18,1,0
19,1,0
20,1,0
21,4,0
22,5,0
23,3,0
24,7,0
25,9,0
26,3,0
27,2,2
28,8,0
29,2,0
30,7,0
31,11,2
32,6,0
33,9,1
34,6,0
35,15,1
36,16,0
37,11,1
38,16,1
39,17,2
40,18,2
41,20,0
42,36,3
43,41,4
44,45,3
45,45,2
46,59,4
47,58,4
48,64,3
49,93,6
50,89,3
51,115,4
52,127,6
53,152,11
54,182,13
55,205,17
56,301,9
57,336,14
58,410,16
59,509,16
60,541,32
61,705,39
62,849,52
63,999,46
64,1154,53
65,1388,88
66,1738,83
67,2039,111
68,2345,111
69,2948,145
70,3602,184
71,4186,214
72,5137,256
73,6142,341
74,7413,370
75,8750,452
76,10411,543
77,12502,628
78,14586,793
79,17543,867
80,21003,1122
81,25466,1317
82,30298,1501
83,36191,1890
84,43282,2270
85,50397,2598
86,52725,2843
87,48323,2886
88,38604,2579
89,26873,2025
90,17089,1506
91,9992,1107
92,5435,695
93,2916,449
94,1440,254
95,650,148
96,329,80
97,151,44
98,62,22
99,31,13
