1,1,0
2,0,0
3,0,0
4,1,0
5,0,0
6,2,0
7,3,0
8,4,0
9,7,0
10,21,0
11,31,0
12,14,0
13,30,3
14,18,1
15,21,0
16,20,1
17,23,3
18,37,7
19,30,3
20,66,6
21,45,4
22,80,3
23,88,1
24,95,2
25,103,9
26,112,8
27,135,6
28,136,11
29,146,7
30,175,18
31,222,12
32,252,19
33,319,22
34,379,16
35,480,35
36,581,34
37,679,41
38,846,43
39,987,38
40,1118,67
41,1252,86
42,1607,89
43,1960,105
44,2308,96
45,2804,147
46,3344,181
47,4092,211
48,4881,238
49,5799,298
50,7000,321
51,8368,404
52,10261,495
53,12071,672
54,14530,712
55,17335,859
56,20991,1067
57,24832,1257
58,29886,1528
59,35865,1823
60,42453,2207
61,48951,2649
62,53390,2897
63,49419,2863
64,39508,2723
65,28161,2164
66,18087,1664
67,10586,1113
68,5880,760
69,3082,454
70,1522,302
71,749,180
72,313,105
73,147,45
74,67,31
75,20,16
76,12,8
77,4,7
78,2,1
79,1,0
80,0,0
81,0,1
