1,1,0
2,0,0
3,0,0
4,1,0
5,5,0
6,3,0
7,7,0
8,11,2
9,10,0
10,21,0
11,37,1
12,49,2
13,72,2
14,88,1
15,115,3
16,137,8
17,165,6
18,163,8
19,208,12
20,255,11
21,312,20
22,388,28
23,409,14
24,511,26
25,612,36
26,707,36
27,855,42
28,943,62
29,1139,73
30,1295,69
31,1595,92
32,1945,89
33,2305,118
34,2832,147
35,3469,162
36,4021,194
37,4741,231
38,5504,288
39,6707,358
40,8220,470
41,9572,473
42,11306,568
43,13346,721
44,16169,867
45,19259,984
46,22982,1155
47,27661,1427
48,32660,1707
49,39372,2111
50,46501,2493
51,52340,2760
52,51297,2913
53,43661,2699
54,32863,2282
55,21945,1774
56,13168,1282
57,7658,895
58,3964,618
59,2017,369
60,963,193
61,475,104
62,248,53
63,70,40
64,37,24
65,13,11
66,7,6
67,5,1
68,1,0
69,0,1
70,0,1
71,0,1
72,0,0
73,0,0
74,0,0
75,0,0
76,0,0
77,0,0
78,0,0
79,0,0
80,0,0
81,0,0
