1,1,0
2,0,0
3,0,0
4,4,0
5,12,0
6,7,0
7,4,0
8,10,0
9,10,1
10,10,0
11,14,0
12,18,0
13,13,1
14,18,4
15,22,3
16,33,2
17,55,0
18,53,1
19,65,2
20,87,3
21,91,7
22,112,3
23,121,9
24,167,7
25,155,7
26,195,12
27,287,15
28,287,16
29,354,17
30,435,15
31,529,24
32,652,23
33,762,33
34,893,43
35,1124,53
36,1234,59
37,1496,93
38,1697,107
39,2112,120
40,2494,154
41,3128,169
42,3507,211
43,4290,236
44,5062,262
45,6177,302
46,7252,372
47,8831,458
48,10372,535
49,12628,666
50,14994,778
51,17919,927
52,21662,1101
53,25903,1359
54,31155,1560
55,36964,1915
56,43916,2245
57,51129,2677
58,52937,2885
59,47984,2981
60,37815,2523
61,25962,2020
62,16639,1555
63,9526,949
64,5246,712
65,2708,453
66,1327,260
67,637,140
68,301,90
69,123,55
70,68,18
71,14,12
72,12,9
73,6,5
74,1,1
75,0,1
76,0,0
77,0,0
78,1,0
79,0,0
80,0,0
81,0,0
