1,1,0
2,0,0
3,0,0
4,0,0
5,0,0
6,3,0
7,0,0
8,2,0
9,1,0
10,7,0
11,2,0
12,1,0
13,2,2
14,1,0
15,2,0
16,1,0
17,3,0
18,8,0
19,10,0
20,3,1
21,9,0
22,10,2
23,10,2
24,11,1
25,12,1
26,16,1
27,11,1
28,26,0
29,26,2
30,35,0
31,37,3
32,68,1
33,66,1
34,105,4
35,138,4
36,178,7
37,180,4
38,241,7
39,287,7
40,303,12
41,394,24
42,444,29
43,480,25
44,604,28
45,724,46
46,845,38
47,1004,53
48,1138,78
49,1443,77
50,1667,73
51,1826,117
52,2205,122
53,2706,155
54,3308,150
55,3923,206
56,4684,261
57,5601,304
58,6841,345
59,7951,390
60,9632,504
61,11371,576
62,13532,728
63,16368,839
64,19518,985
65,23230,1193
66,28033,1417
67,33571,1746
68,39797,2041
69,47433,2462
70,52407,2836
71,50548,2904
72,42803,2696
73,31317,2254
74,20842,1745
75,12419,1218
76,6981,859
77,3594,510
78,1865,352
79,890,190
80,411,105
81,174,82
