1,1,0
2,0,0
3,0,0
4,1,0
5,6,0
6,3,0
7,6,0
8,3,1
9,6,1
10,3,0
11,11,1
12,8,1
13,11,0
14,13,0
15,10,1
16,21,2
17,15,1
18,26,1
19,16,1
20,33,3
21,29,1
22,23,3
23,34,2
24,31,4
25,31,2
26,29,5
27,48,4
28,43,7
29,51,6
30,56,3
31,70,6
32,79,7
33,90,9
34,92,10
35,133,8
36,171,16
37,210,16
38,207,10
39,277,13
40,360,16
41,448,16
42,626,27
43,690,40
44,928,35
45,1074,34
46,1275,54
47,1598,74
48,1905,87
49,2289,106
50,2650,129
51,3209,176
52,3854,178
53,4618,235
54,5526,281
55,6540,318
56,7839,441
57,9261,475
58,11316,597
59,13269,688
60,16004,817
61,19264,981
62,23135,1251
63,27925,1383
64,32941,1690
65,39953,1975
66,47499,2462
67,52936,2743
68,51992,3028
69,44405,2741
70,32811,2334
71,22367,1755
72,13343,1303
73,7729,901
74,4003,616
75,2054,337
76,976,190
77,517,134
78,201,58
79,101,40
80,36,18
81,16,15
