1,1,0
2,0,0
3,1,0
4,0,0
5,5,0
6,4,0
7,4,0
8,6,0
9,12,1
10,7,0
11,9,0
12,12,1
13,9,1
14,6,1
15,9,0
16,12,1
17,11,2
18,21,1
19,17,0
20,37,1
21,44,1
22,54,2
23,75,0
24,108,2
25,129,6
26,116,5
27,167,8
28,213,4
29,196,13
30,228,6
31,279,19
32,389,21
33,507,20
34,577,29
35,735,38
36,955,37
37,1059,59
38,1257,65
39,1529,68
40,1853,97
41,2247,116
42,2602,145
43,3022,165
44,3693,174
45,4397,238
46,5399,280
47,6311,325
48,7808,422
49,9491,503
50,11041,561
51,13382,679
52,15776,822
53,19325,1008
54,22709,1132
55,27256,1420
56,32709,1661
57,38531,1964
58,46392,2379
59,52668,2771
60,52434,2857
61,45350,2779
62,34052,2484
63,23020,1886
64,14089,1330
65,7930,933
66,4153,581
67,2187,374
68,1109,227
69,474,133
70,230,74
71,114,39
72,54,27
73,14,7
74,5,5
75,5,4
76,2,2
77,2,1
78,0,0
79,0,0
80,0,0
81,0,0
