1,1,0
2,0,0
3,2,0
4,5,0
5,5,0
6,13,0
7,7,0
8,10,0
9,11,2
10,29,1
11,34,1
12,30,4
13,38,1
14,53,3
15,72,3
16,68,4
17,76,3
18,99,4
19,125,4
20,140,6
21,172,9
22,227,12
23,244,16
24,330,17
25,405,21
26,427,28
27,596,18
28,599,21
29,724,35
30,909,55
31,1151,57
32,1363,67
33,1660,94
34,1905,77
35,2288,120
36,2704,155
37,3323,175
38,4036,184
39,4808,233
40,5739,293
41,7122,342
42,8391,417
43,10036,484
44,11893,603
45,14144,746
46,16612,838
47,19735,1041
48,23867,1264
49,28499,1479
50,34232,1828
51,40883,2074
52,47946,2417
53,52453,2765
54,49924,2982
55,41356,2694
56,30116,2259
57,19466,1717
58,11908,1291
59,6704,839
60,3372,540
61,1714,306
62,840,204
63,359,120
64,157,59
65,76,30
66,32,16
67,19,2
68,6,5
69,2,1
70,1,0
71,0,2
72,0,1
73,0,0
74,0,0
75,0,0
76,0,0
77,0,0
78,0,0
79,0,0
80,0,0
81,0,0
