1,1,0
2,0,0
3,0,0
4,0,0
5,0,0
6,0,0
7,1,0
8,0,1
9,0,0
10,0,0
11,1,0
12,0,0
13,1,0
14,1,0
15,4,0
16,5,0
17,2,1
18,11,1
19,18,0
20,19,0
21,25,0
22,14,0
23,18,1
24,21,3
25,29,0
26,21,2
27,30,2
28,50,2
29,63,3
30,61,4
31,77,9
32,81,8
33,110,7
34,128,3
35,176,11
36,192,12
37,264,4
38,328,15
39,343,10
40,445,28
41,496,25
42,614,40
43,743,36
44,992,46
45,1117,49
46,1355,72
47,1598,73
48,1862,87
49,2216,115
50,2693,153
51,3166,163
52,3701,207
53,4352,255
54,4997,286
55,5988,324
56,7344,374
57,8752,474
58,10675,578
59,12641,657
60,14926,745
61,18113,920
62,21229,1118
63,25564,1293
64,30669,1660
65,36611,1883
66,43423,2177
67,49639,2568
68,51879,2935
69,46913,2828
70,36808,2481
71,25857,2045
72,15986,1487
73,9308,1065
74,5011,659
75,2666,406
76,1221,268
77,617,145
78,284,91
79,135,46
80,50,34
81,23,11
