1,1,0
2,0,0
3,0,0
4,1,0
5,4,0
6,5,0
7,8,0
8,4,0
9,7,0
10,8,0
11,14,0
12,9,1
13,22,0
14,21,1
15,28,0
16,23,3
17,32,3
18,36,3
19,52,0
20,66,2
21,95,4
22,108,2
23,129,6
24,157,12
25,174,10
26,221,19
27,217,11
28,279,15
29,302,20
30,343,28
31,425,31
32,552,30
33,723,33
34,845,45
35,1032,49
36,1305,53
37,1556,76
38,1831,80
39,2272,113
40,2629,120
41,3190,143
42,3861,208
43,4552,231
44,5477,277
45,6614,340
46,7956,398
47,9458,493
48,11353,575
49,13446,678
50,15824,823
51,19029,963
52,22803,1214
53,27183,1415
54,32905,1743
55,39237,2015
56,46693,2406
57,52729,2709
58,52676,2950
59,45383,2806
60,34232,2428
61,22784,1926
62,14290,1330
63,7904,921
64,4405,588
65,2195,361
66,1122,206
67,514,138
68,211,63
69,91,42
70,36,22
71,22,10
72,5,5
73,4,4
74,2,2
75,1,2
76,1,0
77,0,0
78,0,0
79,0,1
80,0,0
81,0,0
