1,1,0
2,0,0
3,1,0
4,3,0
5,6,0
6,1,0
7,9,0
8,5,0
9,2,0
10,9,0
11,7,0
12,9,1
13,8,1
14,10,0
15,14,0
16,11,1
17,24,0
18,16,0
19,37,4
20,43,1
21,59,1
22,61,1
23,58,3
24,72,3
25,125,4
26,144,11
27,156,9
28,186,3
29,223,10
30,270,9
31,313,19
32,374,21
33,397,22
34,514,28
35,570,34
36,707,40
37,802,50
38,970,54
39,1122,65
40,1346,61
41,1601,108
42,1810,114
43,2235,113
44,2713,153
45,3216,177
46,3800,204
47,4670,237
48,5613,287
49,6518,354
50,7863,420
51,9427,523
52,11470,519
53,13672,720
54,16255,837
55,19229,1032
56,23213,1232
57,27609,1468
58,32668,1699
59,38797,1947
60,46373,2464
61,52395,2809
62,51426,2948
63,43667,2732
64,33107,2352
65,21910,1830
66,13190,1284
67,7421,820
68,4023,540
69,1990,330
70,942,176
71,460,107
72,221,63
73,94,37
74,39,21
75,15,12
76,10,2
77,3,3
78,0,0
79,2,0
80,0,0
81,0,0
