1,1,0
2,0,0
3,0,0
4,2,0
5,1,0
6,3,0
7,0,0
8,6,0
9,3,0
10,5,0
11,4,0
12,5,0
13,6,1
14,4,2
15,8,0
16,8,0
17,7,0
18,14,0
19,17,2
20,36,0
21,33,1
22,40,0
23,44,1
24,47,1
25,49,7
26,77,6
27,87,5
28,109,5
29,151,4
30,151,7
31,210,7
32,272,15
33,325,8
34,353,18
35,461,29
36,520,30
37,576,41
38,703,41
39,840,55
40,964,60
41,1144,57
42,1423,89
43,1630,92
44,1962,89
45,2220,118
46,2897,141
47,3355,168
48,4127,218
49,4970,237
50,5622,297
51,6995,379
52,8342,420
53,9866,503
54,11520,578
55,14037,719
56,16964,897
57,20492,1058
58,24445,1245
59,29140,1520
60,35381,1816
61,42522,2138
62,49561,2611
63,53693,2896
64,50040,2874
65,40476,2632
66,29143,2195
67,18715,1656
68,11351,1162
69,6286,785
70,3319,525
71,1670,285
72,783,177
73,354,99
74,166,40
75,72,29
76,22,13
77,14,7
78,4,2
79,2,4
80,1,0
81,1,0
