1,1,0
2,0,0
3,0,0
4,0,0
5,1,0
6,1,0
7,1,0
8,1,0
9,3,0
10,2,0
11,3,0
12,4,1
13,5,0
14,4,0
15,3,0
16,6,0
17,11,0
18,13,1
19,13,0
20,17,2
21,14,0
22,26,1
23,30,0
24,47,1
25,47,0
26,58,4
27,48,3
28,64,4
29,69,12
30,102,6
31,127,8
32,173,8
33,192,7
34,255,7
35,305,18
36,330,19
37,398,15
38,485,23
39,568,33
40,687,34
41,751,37
42,961,54
43,1122,64
44,1292,77
45,1575,68
46,1910,113
47,2224,96
48,2701,159
49,3159,178
50,3728,186
51,4532,235
52,5305,276
53,6376,349
54,7612,398
55,9026,472
56,10724,560
57,12790,694
58,15549,822
59,18779,934
60,22454,1170
61,27106,1445
62,32209,1620
63,38590,1882
64,45620,2357
65,52008,2619
66,53306,2838
67,46218,2876
68,35522,2436
69,23948,1927
70,14699,1369
71,8385,1001
72,4509,605
73,2313,393
74,1094,261
75,549,135
76,244,76
77,109,49
78,49,16
79,10,11
80,11,3
81,4,1
