1,1,0
2,0,0
3,0,0
4,0,0
5,5,0
6,5,0
7,3,0
8,2,1
9,1,1
10,1,0
11,1,0
12,2,0
13,1,1
14,1,0
15,1,0
16,3,0
17,2,0
18,5,0
19,9,0
20,2,0
21,6,0
22,5,1
23,6,0
24,9,0
25,12,0
26,16,1
27,6,1
28,7,1
29,13,2
30,23,2
31,20,2
32,23,1
33,28,3
34,45,0
35,34,1
36,49,1
37,53,1
38,49,3
39,62,4
40,78,5
41,81,4
42,124,5
43,124,7
44,137,5
45,176,13
46,244,14
47,307,14
48,356,20
49,448,23
50,528,25
51,592,26
52,746,29
53,818,47
54,944,56
55,1204,47
56,1388,80
57,1607,94
58,1955,115
59,2300,101
60,2863,157
61,3334,165
62,3903,233
63,4783,224
64,5634,306
65,6626,344
66,8023,432
67,9711,477
68,11731,614
69,14271,739
70,16988,845
71,20103,1022
72,24488,1233
73,28984,1370
74,34546,1731
75,41638,2127
76,49412,2496
77,58210,2992
78,63693,3337
79,60504,3488
80,50505,3258
81,36177,2694
