1,1,0
2,0,0
3,0,0
4,1,0
5,2,0
6,1,0
7,3,1
8,2,0
9,1,0
10,1,0
11,4,0
12,5,1
13,2,0
14,4,0
15,8,0
16,6,0
17,6,0
18,3,0
19,8,1
20,8,2
21,12,0
22,13,0
23,11,1
24,15,2
25,18,0
26,19,4
27,19,2
28,29,1
29,18,1
30,27,0
31,20,1
32,18,7
33,27,4
34,30,4
35,28,5
36,42,2
37,56,3
38,52,3
39,55,2
40,88,2
41,109,6
42,129,5
43,172,5
44,211,10
45,231,6
46,317,12
47,336,15
48,401,27
49,500,23
50,557,40
51,711,32
52,906,44
53,1035,44
54,1278,45
55,1531,66
56,1863,97
57,2182,106
58,2593,125
59,3186,172
60,3566,208
61,4416,233
62,5122,267
63,6177,336
64,7419,377
65,9091,480
66,10817,550
67,12625,669
68,15327,800
69,18323,945
70,21852,1092
71,25851,1309
72,30916,1693
73,36873,1797
74,44498,2312
75,52554,2702
76,56168,3008
77,52520,3151
78,42931,2777
79,30562,2320
80,19708,1761
81,11655,1209
