1,1,0
2,0,0
3,0,0
4,1,0
5,1,0
6,2,0
7,3,0
8,2,0
9,4,0
10,0,0
11,3,0
12,2,0
13,1,0
14,1,0
15,3,0
16,1,1
17,1,0
18,2,0
19,4,0
20,3,1
21,0,1
22,4,0
23,3,0
24,3,0
25,9,0
26,4,0
27,4,0
28,2,0
29,6,1
30,5,2
31,7,0
32,7,0
33,11,0
34,11,0
35,13,2
36,27,2
37,21,0
38,38,0
39,22,0
40,37,3
41,59,1
42,60,7
43,83,4
44,84,3
45,108,5
46,103,3
47,129,8
48,160,12
49,206,16
50,193,8
51,285,13
52,273,16
53,317,25
54,370,15
55,449,31
56,506,31
57,636,32
58,720,33
59,939,46
60,1079,46
61,1310,54
62,1501,87
63,1876,83
64,2241,114
65,2689,122
66,3137,174
67,3908,199
68,4532,262
69,5550,265
70,6393,341
71,7691,393
72,9263,520
73,11127,590
74,13546,711
75,16322,842
76,19350,908
77,23295,1154
78,27797,1436
79,33265,1707
80,39548,1968
81,47616,2425
