1,1,0
2,0,0
3,0,0
4,3,0
5,2,0
6,8,0
7,3,0
8,7,0
9,6,0
10,8,0
11,4,2
12,8,0
13,10,1
14,9,1
15,6,1
16,15,1
17,18,0
18,27,0
19,29,0
20,31,2
21,36,4
22,42,3
23,64,2
24,69,5
25,85,5
26,100,5
27,122,2
28,187,2
29,264,7
30,287,8
31,396,18
32,443,15
33,514,18
34,621,28
35,778,28
36,832,35
37,1075,55
38,1262,69
39,1679,71
40,1927,89
41,2374,115
42,2670,154
43,3178,164
44,3768,219
45,4658,241
46,5332,288
47,6646,328
48,8104,447
49,9514,460
50,11278,570
51,13654,674
52,15898,836
53,19168,1034
54,23071,1177
55,27413,1458
56,32225,1632
57,39167,2087
58,45967,2369
59,51486,2780
60,50652,2877
61,42718,2797
62,31505,2321
63,21170,1696
64,12910,1313
65,7203,880
66,3923,543
67,1942,341
68,968,224
69,446,120
70,197,53
71,80,34
72,32,15
73,19,14
74,4,4
75,3,6
76,0,0
77,0,0
78,1,0
79,0,0
80,0,0
81,0,0
82,0,0
83,0,0
84,0,0
85,0,0
86,0,0
87,0,0
88,0,0
89,0,0
90,0,0
91,0,0
92,0,0
93,0,0
94,0,0
95,0,0
96,0,0
97,0,0
98,0,0
99,0,0
100,0,0
101,0,0
102,0,0
103,0,0
104,0,0
105,0,0
106,0,0
107,0,0
108,0,0
109,0,0
110,0,0
111,0,0
112,0,0
113,0,0
114,0,0
115,0,0
116,0,0
117,0,0
