1,1,0
2,0,0
3,0,0
4,1,0
5,0,0
6,0,0
7,1,0
8,0,0
9,2,0
10,0,0
11,0,0
12,2,0
13,1,0
14,2,0
15,3,0
16,2,0
17,1,0
18,8,0
19,2,0
20,5,1
21,7,0
22,10,0
23,19,0
24,22,1
25,18,0
26,16,0
27,29,2
28,26,3
29,26,1
30,63,4
31,80,3
32,79,3
33,75,3
34,114,6
35,126,4
36,152,3
37,193,15
38,219,9
39,276,18
40,319,11
41,388,19
42,460,28
43,607,26
44,722,48
45,837,36
46,997,50
47,1193,68
48,1416,80
49,1732,93
50,1957,90
51,2353,124
52,2877,176
53,3484,182
54,4123,227
55,4905,260
56,5906,316
57,7095,367
58,8531,448
59,10230,532
60,12124,587
61,14718,689
62,17625,894
63,21117,1105
64,24980,1263
65,29733,1495
66,35480,1839
67,42697,2266
68,49361,2594
69,52828,2872
70,48973,2851
71,39302,2676
72,27936,2158
73,17811,1659
74,10489,1107
75,5754,777
76,3120,465
77,1476,302
78,710,174
79,290,100
80,138,54
81,75,33
82,26,13
83,15,11
84,1,5
85,4,2
86,1,0
87,0,2
88,0,0
89,0,0
90,0,0
91,0,0
92,0,0
93,0,0
94,0,0
95,0,0
96,0,0
97,0,0
98,0,0
99,0,0
100,0,0
101,0,0
102,0,0
103,0,0
104,0,0
105,0,0
106,0,0
107,0,0
108,0,0
109,0,0
110,0,0
111,0,0
112,0,0
113,0,0
114,0,0
115,0,0
116,0,0
117,0,0
