1,1,0
2,0,0
3,0,0
4,4,0
5,5,0
6,5,0
7,11,0
8,8,0
9,13,1
10,5,0
11,9,1
12,9,1
13,9,2
14,3,1
15,7,2
16,6,2
17,3,2
18,8,0
19,8,0
20,14,1
21,17,0
22,14,0
23,11,3
24,11,0
25,12,1
26,7,1
27,9,1
28,18,3
29,25,1
30,21,0
31,22,6
32,23,5
33,32,0
34,38,2
35,58,4
36,60,4
37,77,5
38,98,5
39,142,7
40,165,4
41,202,10
42,268,7
43,295,9
44,375,17
45,401,25
46,486,27
47,543,31
48,682,45
49,832,42
50,960,53
51,1103,56
52,1335,81
53,1623,74
54,1897,109
55,2202,135
56,2780,139
57,3309,169
58,3996,195
59,4766,239
60,5807,261
61,6922,329
62,8163,422
63,10027,503
64,11654,601
65,13898,731
66,16647,872
67,19859,1050
68,23761,1290
69,28451,1418
70,33755,1810
71,41010,2125
72,48019,2547
73,52837,2772
74,50530,2930
75,41469,2689
76,30055,2298
77,19771,1674
78,11582,1190
79,6535,790
80,3447,526
81,1748,319
82,845,164
83,364,112
84,163,53
85,93,32
86,40,10
87,19,8
88,10,5
89,1,1
90,3,0
91,0,0
92,0,0
93,0,0
94,0,0
95,0,0
96,0,0
97,0,0
98,0,0
99,0,0
100,0,0
101,0,0
102,0,0
103,0,0
104,0,0
105,0,0
106,0,0
107,0,0
108,0,0
109,0,0
110,0,0
111,0,0
112,0,0
113,0,0
114,0,0
115,0,0
116,0,0
117,0,0
