1,1,0
2,0,0
3,0,0
4,0,0
5,1,0
6,1,0
7,4,0
8,1,0
9,3,0
10,1,0
11,2,0
12,1,0
13,1,0
14,0,0
15,3,2
16,1,0
17,0,1
18,2,0
19,0,0
20,7,0
21,11,0
22,14,1
23,8,0
24,7,1
25,13,1
26,16,3
27,18,1
28,15,0
29,30,1
30,24,2
31,28,1
32,23,3
33,41,2
34,24,7
35,45,7
36,50,1
37,58,4
38,79,3
39,90,7
40,111,4
41,100,8
42,166,7
43,165,6
44,211,12
45,211,12
46,290,17
47,314,28
48,439,24
49,594,28
50,735,34
51,845,41
52,1086,33
53,1214,54
54,1430,55
55,1731,98
56,2122,89
57,2576,136
58,3092,147
59,3639,179
60,4460,232
61,5308,262
62,6333,298
63,7478,390
64,8789,483
65,10547,572
66,12465,675
67,14487,777
68,17350,888
69,21106,1120
70,25458,1345
71,29887,1591
72,35977,1883
73,43468,2200
74,50351,2622
75,52857,2903
76,48237,2861
77,38462,2553
78,26795,2107
79,17130,1542
80,10250,1094
81,5370,765
82,2827,435
83,1396,259
84,644,135
85,289,80
86,133,45
87,55,21
88,32,10
89,13,10
90,1,3
91,0,1
92,0,1
93,1,0
94,0,0
95,0,0
96,0,0
97,0,0
98,0,0
99,0,0
100,0,0
101,0,0
102,0,0
103,0,0
104,0,0
105,0,0
106,0,0
107,0,0
108,0,0
109,0,0
110,0,0
111,0,0
112,0,0
113,0,0
114,0,0
115,0,0
116,0,0
117,0,0
