1,1,0
2,0,0
3,0,0
4,0,0
5,0,0
6,2,0
7,0,0
8,0,0
9,1,0
10,0,0
11,1,0
12,3,0
13,4,0
14,1,0
15,1,0
16,2,0
17,9,0
18,9,0
19,7,0
20,5,0
21,10,1
22,6,2
23,6,1
24,4,1
25,10,2
26,6,0
27,9,0
28,11,0
29,12,1
30,19,1
31,20,1
32,27,1
33,29,1
34,42,4
35,65,3
36,73,2
37,81,5
38,131,4
39,142,7
40,157,13
41,210,5
42,251,13
43,298,18
44,324,12
45,429,20
46,538,25
47,701,31
48,835,39
49,910,53
50,1183,63
51,1438,77
52,1707,67
53,1948,95
54,2438,119
55,2910,170
56,3368,197
57,4183,244
58,4983,266
59,5968,292
60,7043,360
61,8600,451
62,10311,520
63,11928,624
64,14516,719
65,17400,934
66,20816,1080
67,24880,1269
68,29709,1483
69,35937,1877
70,42528,2184
71,49564,2576
72,52813,2950
73,48799,2852
74,39385,2676
75,27801,2142
76,18070,1536
77,10587,1078
78,5957,724
79,2939,447
80,1538,279
81,738,170
82,319,100
83,152,57
84,65,36
85,22,15
86,18,11
87,2,0
88,1,1
89,0,0
90,0,0
91,0,2
92,0,0
93,0,0
94,0,0
95,0,0
96,0,0
97,0,0
98,0,0
99,0,0
100,0,0
101,0,0
102,0,0
103,0,0
104,0,0
105,0,0
106,0,0
107,0,0
108,0,0
109,0,0
110,0,0
111,0,0
112,0,0
113,0,0
114,0,0
115,0,0
116,0,0
117,0,0
