1,1,0
2,0,0
3,0,0
4,0,0
5,3,0
6,0,0
7,3,0
8,5,0
9,2,0
10,2,0
11,0,1
12,1,0
13,2,0
14,0,0
15,0,0
16,1,2
17,0,1
18,0,0
19,3,0
20,3,1
21,2,0
22,3,0
23,7,0
24,5,0
25,12,0
26,20,0
27,10,0
28,8,1
29,22,3
30,24,1
31,23,0
32,43,1
33,57,0
34,53,3
35,59,4
36,74,7
37,74,6
38,78,3
39,91,11
40,111,11
41,167,8
42,210,12
43,258,7
44,307,10
45,330,14
46,424,16
47,501,21
48,585,37
49,702,39
50,782,46
51,969,65
52,1179,58
53,1464,68
54,1798,98
55,1967,105
56,2293,111
57,2714,153
58,3134,184
59,3831,238
60,4558,245
61,5399,294
62,6459,357
63,7701,405
64,9000,487
65,10618,550
66,13044,658
67,15485,819
68,18297,974
69,22233,1150
70,26361,1358
71,31510,1698
72,37861,1976
73,44463,2364
74,49904,2715
75,49774,2897
76,43576,2696
77,32583,2372
78,21672,1871
79,13620,1306
80,7715,894
81,4095,577
82,2067,354
83,1029,230
84,463,133
85,219,56
86,99,38
87,33,16
88,15,10
89,7,8
90,4,1
91,1,1
92,2,0
93,1,0
94,1,0
95,0,0
96,0,0
97,0,0
98,0,0
99,0,0
100,0,0
101,0,0
102,0,0
103,0,0
104,0,0
105,0,0
106,0,0
107,0,0
108,0,0
109,0,0
110,0,0
111,0,0
112,0,0
113,0,0
114,0,0
115,0,0
116,0,0
117,0,0
