1,1,0
2,0,0
3,0,0
4,0,0
5,3,0
6,2,0
7,4,0
8,7,0
9,16,0
10,15,0
11,12,0
12,10,0
13,12,0
14,13,2
15,16,0
16,39,0
17,38,0
18,56,1
19,53,1
20,88,2
21,102,1
22,109,3
23,127,6
24,136,4
25,215,10
26,227,10
27,334,13
28,366,10
29,405,25
30,513,20
31,581,32
32,760,30
33,821,54
34,988,52
35,1268,61
36,1531,87
37,1799,92
38,2218,100
39,2585,115
40,2995,149
41,3731,211
42,4442,220
43,5351,276
44,6238,298
45,7399,400
46,8805,460
47,10491,515
48,12645,676
49,15092,765
50,17906,901
51,21443,1176
52,25698,1327
53,30473,1562
54,36390,1865
55,43904,2272
56,50348,2634
57,52179,2929
58,46780,2803
59,36990,2508
60,25498,1969
61,16262,1487
62,9403,1030
63,5044,715
64,2654,443
65,1227,281
66,607,146
67,312,88
68,139,46
69,59,32
70,29,19
71,14,5
72,1,6
73,3,2
74,1,2
75,0,1
76,0,1
77,0,0
78,0,0
79,0,0
80,0,0
81,0,0
82,0,0
83,0,0
84,0,0
85,0,0
86,0,0
87,0,0
88,0,0
89,0,0
90,0,0
91,0,0
92,0,0
93,0,0
94,0,0
95,0,0
96,0,0
97,0,0
98,0,0
99,0,0
100,0,0
101,0,0
102,0,0
103,0,0
104,0,0
105,0,0
106,0,0
107,0,0
108,0,0
109,0,0
110,0,0
111,0,0
112,0,0
113,0,0
114,0,0
115,0,0
116,0,0
117,0,0
