1,1,0
2,0,0
3,0,0
4,2,0
5,0,0
6,0,0
7,3,0
8,0,0
9,1,0
10,2,0
11,3,0
12,1,0
13,6,0
14,2,1
15,3,0
16,3,0
17,9,0
18,13,0
19,19,1
20,43,1
21,25,1
22,39,1
23,53,3
24,66,2
25,67,5
26,82,5
27,91,4
28,107,3
29,113,10
30,127,13
31,168,14
32,201,10
33,236,11
34,281,19
35,333,18
36,403,20
37,463,29
38,611,36
39,776,38
40,880,45
41,1051,52
42,1138,65
43,1301,81
44,1739,87
45,2017,118
46,2479,118
47,2817,152
48,3396,199
49,4091,231
50,4853,251
51,5855,259
52,6843,358
53,8255,459
54,9931,540
55,11849,581
56,14287,688
57,16982,915
58,20161,1034
59,24396,1237
60,29146,1508
61,34879,1761
62,41857,2147
63,48749,2573
64,52543,2861
65,49104,2936
66,39683,2597
67,28371,2188
68,18589,1710
69,11044,1134
70,6050,803
71,3175,470
72,1594,314
73,793,177
74,385,97
75,152,63
76,66,32
77,25,15
78,13,8
79,2,0
80,3,1
81,1,0
82,0,0
83,0,0
84,0,0
85,0,0
86,0,0
87,0,0
88,0,0
89,0,0
90,0,0
91,0,0
92,0,0
93,0,0
94,0,0
95,0,0
96,0,0
97,0,0
98,0,0
99,0,0
100,0,0
101,0,0
102,0,0
103,0,0
104,0,0
105,0,0
106,0,0
107,0,0
108,0,0
109,0,0
110,0,0
111,0,0
112,0,0
113,0,0
114,0,0
115,0,0
116,0,0
117,0,0
