1,1,0
2,0,0
3,0,0
4,0,0
5,0,0
6,0,0
7,1,0
8,0,0
9,0,0
10,0,0
11,3,0
12,2,0
13,5,0
14,2,0
15,0,0
16,3,0
17,3,1
18,4,0
19,3,1
20,2,1
21,1,0
22,8,0
23,6,0
24,7,0
25,8,1
26,11,0
27,11,2
28,15,1
29,14,1
30,13,1
31,21,0
32,29,1
33,14,1
34,12,2
35,15,2
36,26,3
37,25,0
38,29,3
39,50,1
40,49,4
41,75,5
42,84,4
43,112,5
44,145,7
45,151,7
46,185,13
47,206,9
48,246,14
49,302,21
50,348,20
51,494,25
52,614,22
53,687,20
54,946,38
55,1135,51
56,1322,48
57,1562,69
58,1802,104
59,2049,119
60,2554,155
61,3086,149
62,3654,175
63,4430,213
64,5352,255
65,6526,343
66,7538,374
67,8971,436
68,10529,562
69,12741,679
70,15169,788
71,18352,936
72,21941,1139
73,26156,1306
74,31483,1563
75,38160,1927
76,45164,2363
77,52028,2638
78,52791,2906
79,47215,2808
80,36393,2425
81,24862,1995
82,15475,1479
83,8967,1042
84,4954,670
85,2509,440
86,1242,237
87,572,138
88,254,70
89,120,43
90,67,24
91,23,15
92,9,4
93,5,0
94,0,1
95,0,1
96,1,0
97,0,0
98,1,0
99,0,0
100,0,0
101,0,0
102,0,0
103,0,0
104,0,0
105,0,0
106,0,0
107,0,0
108,0,0
109,0,0
110,0,0
111,0,0
112,0,0
113,0,0
114,0,0
115,0,0
116,0,0
117,0,0
