1,1,0
2,0,0
3,2,0
4,0,0
5,3,0
6,5,0
7,7,1
8,4,0
9,5,0
10,4,0
11,5,0
12,7,1
13,6,2
14,12,2
15,8,0
16,11,1
17,13,0
18,20,0
19,14,1
20,30,2
21,27,2
22,20,0
23,36,0
24,42,2
25,43,3
26,37,6
27,55,5
28,46,6
29,67,3
30,63,11
31,100,9
32,102,5
33,122,8
34,113,11
35,159,8
36,177,8
37,248,13
38,295,16
39,324,13
40,378,22
41,399,31
42,485,29
43,490,23
44,654,46
45,775,50
46,936,49
47,1114,74
48,1325,72
49,1578,89
50,1867,107
51,2234,121
52,2830,130
53,3396,190
54,4216,222
55,4944,194
56,6086,267
57,7036,361
58,8616,427
59,10101,508
60,11982,651
61,14426,742
62,17056,952
63,20511,1019
64,24484,1267
65,29200,1587
66,34709,1841
67,41682,2169
68,48898,2611
69,52878,2808
70,49917,2741
71,40785,2636
72,29197,2269
73,18782,1681
74,11390,1124
75,6273,746
76,3330,511
77,1677,304
78,796,163
79,340,88
80,166,60
81,58,33
82,28,15
83,9,7
84,3,5
85,3,0
86,0,1
87,0,0
88,0,0
89,0,0
90,0,0
91,0,0
92,0,0
93,0,0
94,0,0
95,0,0
96,0,0
97,0,0
98,0,0
99,0,0
100,0,0
101,0,0
102,0,0
103,0,0
104,0,0
105,0,0
106,0,0
107,0,0
108,0,0
109,0,0
110,0,0
111,0,0
112,0,0
113,0,0
114,0,0
115,0,0
116,0,0
117,0,0
