1,1,0
2,0,0
3,0,0
4,0,0
5,1,0
6,1,0
7,1,0
8,0,0
9,1,0
10,1,0
11,1,0
12,1,0
13,3,0
14,3,0
15,3,0
16,10,0
17,5,0
18,5,0
19,7,0
20,4,0
21,4,0
22,7,0
23,5,0
24,8,3
25,5,0
26,10,1
27,13,1
28,15,4
29,28,2
30,27,0
31,41,0
32,36,1
33,43,4
34,51,3
35,67,1
36,96,1
37,91,4
38,94,5
39,113,8
40,150,13
41,185,10
42,168,10
43,202,11
44,303,19
45,308,16
46,362,24
47,462,30
48,526,23
49,588,30
50,717,44
51,894,46
52,1115,46
53,1376,60
54,1595,95
55,1928,87
56,2400,116
57,2696,124
58,3350,158
59,4038,191
60,4768,235
61,5733,299
62,7029,335
63,8387,435
64,9942,518
65,11889,603
66,14049,746
67,17146,907
68,20736,1051
69,24538,1254
70,29185,1544
71,35211,1798
72,42423,2239
73,49162,2542
74,53448,2784
75,49848,2910
76,40616,2690
77,28836,2247
78,18577,1681
79,11085,1201
80,6193,761
81,3192,543
82,1571,273
83,770,177
84,339,90
85,175,53
86,60,28
87,33,11
88,12,3
89,7,7
90,5,1
91,1,1
92,1,0
93,0,1
94,0,0
95,0,0
96,0,0
97,0,0
98,0,0
99,0,1
100,0,0
101,0,0
102,0,0
103,0,0
104,0,0
105,0,0
106,0,0
107,0,0
108,0,0
109,0,0
110,0,0
111,0,0
112,0,0
113,0,0
114,0,0
115,0,0
116,0,0
117,0,0
