1,1,0
2,0,0
3,1,0
4,1,0
5,1,0
6,3,0
7,4,0
8,2,1
9,5,0
10,2,0
11,2,0
12,8,1
13,16,3
14,10,1
15,11,1
16,20,0
17,30,3
18,33,0
19,38,1
20,33,0
21,43,2
22,52,2
23,67,3
24,83,10
25,96,8
26,85,7
27,125,11
28,146,9
29,181,11
30,206,12
31,216,14
32,309,14
33,367,16
34,435,16
35,533,23
36,598,27
37,704,34
38,859,56
39,1028,52
40,1329,64
41,1524,88
42,1765,107
43,2165,107
44,2619,132
45,2984,164
46,3462,188
47,4154,241
48,5155,262
49,6203,326
50,7327,375
51,8676,471
52,10505,543
53,12569,669
54,15235,748
55,18218,914
56,21792,1093
57,25739,1320
58,30861,1552
59,36617,1907
60,43610,2273
61,50349,2572
62,51520,2916
63,45640,2824
64,35126,2426
65,23955,2024
66,14966,1468
67,8795,985
68,4653,657
69,2370,451
70,1161,206
71,541,158
72,266,83
73,87,44
74,46,26
75,24,12
76,7,6
77,4,4
78,3,0
79,2,2
80,0,0
81,0,1
82,0,0
83,0,1
84,0,0
85,0,0
86,0,0
87,0,0
88,0,0
89,0,0
90,0,0
91,0,0
92,0,0
93,0,0
