1,1,0
2,0,0
3,1,0
4,0,0
5,0,0
6,1,0
7,2,0
8,0,0
9,0,0
10,3,0
11,0,1
12,2,0
13,5,0
14,0,0
15,4,0
16,4,0
17,2,1
18,4,0
19,2,1
20,5,1
21,6,0
22,5,2
23,9,0
24,16,1
25,12,0
26,18,0
27,33,0
28,39,1
29,39,1
30,50,2
31,49,3
32,86,3
33,51,4
34,94,5
35,118,5
36,155,2
37,177,9
38,220,9
39,228,13
40,282,15
41,351,19
42,421,18
43,473,25
44,545,30
45,586,34
46,742,44
47,903,46
48,1105,66
49,1372,74
50,1555,70
51,1829,101
52,2204,129
53,2523,120
54,3211,173
55,3767,191
56,4572,222
57,5415,293
58,6551,348
59,7944,415
60,9290,444
61,11313,578
62,13424,717
63,15764,852
64,19079,1008
65,22570,1173
66,26782,1339
67,31965,1650
68,38361,1970
69,45279,2323
70,51074,2696
71,51525,2846
72,44692,2748
73,33562,2374
74,22541,1892
75,14052,1362
76,7740,908
77,4294,575
78,2171,366
79,1077,209
80,484,120
81,263,70
82,101,39
83,32,37
84,17,9
85,6,6
86,2,1
87,0,3
88,0,3
89,0,1
90,1,0
91,0,0
92,0,0
93,0,0
