1,1,0
2,0,0
3,0,0
4,2,0
5,7,0
6,2,0
7,2,0
8,3,0
9,10,1
10,5,0
11,14,1
12,13,1
13,13,0
14,17,1
15,14,0
16,24,2
17,29,1
18,39,4
19,53,3
20,61,1
21,72,0
22,65,5
23,69,8
24,111,7
25,120,5
26,195,5
27,206,10
28,256,12
29,309,22
30,368,15
31,498,26
32,594,26
33,665,28
34,764,35
35,897,53
36,1136,56
37,1395,85
38,1655,94
39,2026,106
40,2373,127
41,2884,145
42,3511,178
43,4153,220
44,5199,246
45,6046,290
46,7175,361
47,8986,445
48,10586,556
49,12539,607
50,15353,733
51,18285,949
52,21813,1135
53,26128,1390
54,31166,1586
55,37387,1829
56,44711,2278
57,51712,2752
58,54114,3011
59,48359,2909
60,37802,2492
61,27021,2067
62,16484,1496
63,9791,1006
64,5364,755
65,2612,450
66,1336,261
67,627,143
68,290,80
69,110,42
70,66,18
71,21,7
72,11,4
73,2,2
74,4,0
75,0,1
76,0,0
77,0,0
78,0,1
79,0,0
80,0,0
81,0,0
82,0,0
83,0,0
84,0,0
85,0,0
86,0,0
87,0,0
88,0,0
89,0,0
90,0,0
91,0,0
92,0,0
93,0,0
