1,1,0
2,0,0
3,1,0
4,0,0
5,1,0
6,3,0
7,4,0
8,1,0
9,4,0
10,7,0
11,4,1
12,7,0
13,11,1
14,14,1
15,11,0
16,20,0
17,28,2
18,30,2
19,44,3
20,43,0
21,50,3
22,49,2
23,55,6
24,69,6
25,129,7
26,117,7
27,164,6
28,156,2
29,219,10
30,245,16
31,309,17
32,382,13
33,470,21
34,564,25
35,692,22
36,843,35
37,986,53
38,1223,52
39,1419,73
40,1660,74
41,2188,111
42,2529,127
43,3128,155
44,3528,172
45,4344,201
46,5258,258
47,6407,317
48,7539,369
49,8986,453
50,10959,558
51,13307,619
52,15818,817
53,19063,910
54,22512,1180
55,27030,1416
56,32069,1647
57,39035,1993
58,45672,2403
59,51879,2759
60,52388,2981
61,45922,2790
62,35314,2460
63,24026,1870
64,14596,1431
65,8391,961
66,4550,599
67,2290,410
68,1105,242
69,549,136
70,215,76
71,94,44
72,50,21
73,23,15
74,4,5
75,4,5
76,3,0
77,0,1
78,0,1
79,0,0
80,0,1
81,0,0
82,0,0
83,0,0
84,0,0
85,0,0
86,0,0
87,0,0
88,0,0
89,0,0
90,0,0
91,0,0
92,0,0
93,0,0
