1,1,0
2,0,0
3,0,0
4,0,0
5,0,0
6,0,0
7,0,0
8,0,0
9,1,0
10,1,0
11,0,0
12,1,0
13,2,0
14,2,0
15,3,0
16,5,1
17,2,0
18,3,0
19,3,0
20,15,1
21,4,0
22,10,0
23,18,0
24,10,2
25,24,2
26,32,0
27,37,2
28,44,3
29,58,3
30,73,1
31,87,2
32,103,4
33,134,10
34,182,7
35,224,10
36,267,6
37,307,11
38,366,10
39,480,21
40,581,19
41,729,42
42,897,47
43,1077,44
44,1282,63
45,1462,72
46,1713,94
47,2003,113
48,2489,126
49,3077,166
50,3696,163
51,4284,230
52,5469,300
53,6421,296
54,7584,375
55,8744,454
56,10770,540
57,12866,652
58,15302,730
59,18105,959
60,21743,1101
61,25674,1395
62,30900,1639
63,37133,1929
64,44766,2362
65,51208,2685
66,52377,2924
67,46714,2768
68,36045,2430
69,24818,1982
70,15103,1512
71,8855,985
72,4924,614
73,2382,383
74,1212,238
75,593,145
76,271,71
77,119,46
78,49,26
79,19,13
80,12,5
81,1,4
82,3,0
83,1,0
84,0,0
85,0,0
86,0,0
87,0,0
88,0,0
89,0,0
90,0,0
91,0,0
92,0,0
93,0,0
