1,1,0
2,0,0
3,0,0
4,3,0
5,3,0
6,1,0
7,4,0
8,8,0
9,3,0
10,3,0
11,8,1
12,1,1
13,6,0
14,4,1
15,7,1
16,8,2
17,4,0
18,11,2
19,13,1
20,19,1
21,24,1
22,37,0
23,23,1
24,36,2
25,31,1
26,47,6
27,42,2
28,54,2
29,85,11
30,118,7
31,130,5
32,128,2
33,181,8
34,220,12
35,265,12
36,300,13
37,382,9
38,462,15
39,575,34
40,702,26
41,780,36
42,993,49
43,1153,49
44,1482,82
45,1703,78
46,2017,102
47,2456,136
48,2923,145
49,3483,185
50,4235,234
51,5050,270
52,6142,317
53,7437,354
54,8983,426
55,10840,553
56,12917,620
57,15661,737
58,18706,884
59,22130,1143
60,26228,1389
61,30938,1638
62,37227,1923
63,44558,2327
64,50918,2724
65,51759,2905
66,46272,2799
67,35620,2475
68,24483,2066
69,15163,1432
70,8992,954
71,4731,619
72,2428,393
73,1188,241
74,558,137
75,274,60
76,115,37
77,50,19
78,17,17
79,9,5
80,7,5
81,2,1
82,0,0
83,0,0
84,0,0
85,0,0
86,0,0
87,0,1
88,0,0
89,0,0
90,0,0
91,0,0
92,0,0
93,0,0
