1,1,0
2,0,0
3,0,0
4,0,0
5,1,0
6,1,0
7,2,0
8,1,0
9,2,0
10,4,0
11,5,0
12,7,0
13,3,0
14,7,0
15,5,0
16,19,1
17,27,0
18,29,1
19,34,3
20,41,3
21,50,1
22,54,4
23,52,4
24,72,2
25,73,2
26,70,5
27,85,6
28,80,7
29,137,8
30,151,11
31,187,10
32,212,13
33,277,19
34,298,18
35,326,18
36,481,23
37,477,33
38,567,31
39,713,31
40,848,43
41,1084,63
42,1294,67
43,1523,80
44,1819,88
45,2183,119
46,2478,138
47,2928,150
48,3368,199
49,4123,231
50,5025,269
51,5864,318
52,6929,379
53,8326,464
54,10109,509
55,11863,618
56,14190,712
57,16910,883
58,20472,1090
59,24444,1244
60,28983,1570
61,34112,1796
62,41171,2159
63,48222,2513
64,52264,2881
65,49095,2928
66,39989,2640
67,28623,2083
68,18542,1639
69,11066,1113
70,6083,797
71,3193,489
72,1585,246
73,740,182
74,326,98
75,134,57
76,63,27
77,27,16
78,15,13
79,4,3
80,1,4
81,1,1
82,0,0
83,0,0
84,0,0
85,0,0
86,0,0
87,0,0
88,0,0
89,0,0
90,0,0
91,0,0
92,0,0
93,0,0
