1,1,0
2,0,0
3,0,0
4,0,0
5,2,0
6,1,0
7,3,0
8,9,0
9,7,0
10,5,0
11,9,2
12,22,1
13,17,1
14,18,1
15,20,1
16,24,1
17,24,2
18,28,1
19,45,2
20,43,4
21,41,5
22,65,2
23,65,3
24,75,4
25,77,6
26,85,11
27,101,4
28,123,5
29,158,11
30,195,12
31,283,13
32,350,11
33,430,20
34,474,24
35,533,32
36,697,23
37,872,47
38,1039,52
39,1268,48
40,1511,75
41,1823,83
42,2266,100
43,2649,132
44,3225,182
45,3777,201
46,4635,256
47,5563,258
48,6816,326
49,8168,415
50,9735,478
51,11661,566
52,13864,683
53,16940,899
54,20487,1050
55,24442,1222
56,29425,1484
57,34950,1707
58,41823,2130
59,48537,2509
60,53464,2848
61,51027,2965
62,42255,2769
63,30542,2265
64,19849,1838
65,12139,1270
66,6584,923
67,3525,546
68,1802,337
69,845,200
70,383,98
71,160,67
72,78,34
73,35,13
74,9,5
75,7,4
76,0,0
77,1,0
78,0,1
79,0,1
80,0,0
81,0,0
82,0,0
83,0,0
84,0,0
85,0,0
86,0,0
87,0,0
88,0,0
89,0,0
90,0,0
91,0,0
92,0,0
93,0,0
