1,1,0
2,0,0
3,1,0
4,0,0
5,2,0
6,3,0
7,1,0
8,4,0
9,0,1
10,2,1
11,3,0
12,7,0
13,2,0
14,3,0
15,1,0
16,0,0
17,2,0
18,4,0
19,1,0
20,3,0
21,8,1
22,5,1
23,6,0
24,1,0
25,5,0
26,10,0
27,3,0
28,6,1
29,1,0
30,7,1
31,11,0
32,16,1
33,8,2
34,8,0
35,20,1
36,14,1
37,16,3
38,18,1
39,10,3
40,17,0
41,18,1
42,10,2
43,24,0
44,39,5
45,47,3
46,53,2
47,59,3
48,77,7
49,47,3
50,64,9
51,82,12
52,81,5
53,102,8
54,113,11
55,112,6
56,152,9
57,178,16
58,189,7
59,253,17
60,296,16
61,352,23
62,407,19
63,510,16
64,614,37
65,731,34
66,817,44
67,1050,41
68,1233,70
69,1466,70
70,1829,81
71,2194,90
72,2518,130
73,3060,151
74,3697,182
75,4386,239
76,5097,266
77,6178,325
78,7395,384
79,8862,461
80,10387,569
81,12133,680
82,15051,794
83,17790,950
84,21577,1108
85,25771,1295
86,30776,1600
87,36645,1858
88,43583,2204
89,52484,2662
90,61639,3245
91,69079,3660
92,68119,3839
93,57410,3613
