1,1,0
2,0,0
3,1,0
4,2,0
5,0,0
6,2,0
7,1,0
8,1,0
9,1,0
10,2,1
11,4,0
12,2,0
13,3,0
14,4,0
15,9,0
16,2,0
17,11,1
18,16,2
19,11,1
20,13,0
21,34,2
22,25,2
23,36,1
24,43,0
25,33,3
26,69,3
27,75,4
28,92,7
29,115,5
30,119,2
31,185,4
32,208,11
33,236,13
34,270,18
35,342,18
36,435,22
37,493,26
38,599,23
39,708,44
40,819,48
41,983,54
42,1188,67
43,1438,73
44,1733,101
45,2073,98
46,2500,132
47,3128,173
48,3651,164
49,4306,201
50,5199,266
51,6241,314
52,7605,379
53,9006,463
54,10783,551
55,13200,667
56,15638,800
57,18701,942
58,22378,1156
59,26548,1376
60,31726,1677
61,38430,2067
62,45759,2362
63,51319,2710
64,52428,2844
65,45662,2922
66,35142,2510
67,23472,1942
68,14671,1375
69,8506,990
70,4566,611
71,2285,426
72,1123,231
73,504,141
74,214,86
75,113,35
76,38,26
77,17,10
78,8,5
79,5,4
80,3,3
81,1,0
82,0,1
83,0,0
84,0,0
85,0,0
86,0,0
87,0,0
88,0,0
89,0,0
90,0,0
91,0,0
92,0,0
93,0,0
