1,1,0
2,0,0
3,0,0
4,10,0
5,6,0
6,12,0
7,15,0
8,17,0
9,35,0
10,38,0
11,45,0
12,70,2
13,87,2
14,97,2
15,113,4
16,170,10
17,183,4
18,211,12
19,239,12
20,270,20
21,336,19
22,414,24
23,535,17
24,559,26
25,725,35
26,882,39
27,1042,42
28,1293,55
29,1565,72
30,1789,89
31,2227,97
32,2623,146
33,3276,140
34,3987,195
35,4473,251
36,5414,274
37,6633,322
38,7825,404
39,9476,477
40,11025,576
41,13288,659
42,15856,856
43,18884,944
44,22512,1175
45,26725,1392
46,31901,1673
47,38187,2005
48,45278,2336
49,51172,2730
50,52394,2876
51,45381,2798
52,34463,2461
53,23190,1925
54,14334,1411
55,8157,965
56,4427,644
57,2158,401
58,1084,219
59,511,129
60,237,83
61,119,33
62,47,25
63,17,12
64,6,5
65,2,5
66,0,2
67,0,4
68,0,2
69,0,0
70,0,0
71,0,0
72,0,0
73,0,0
74,0,0
75,0,0
76,0,0
77,0,0
78,0,0
79,0,0
80,0,0
81,0,0
82,0,0
83,0,0
84,0,0
85,0,0
86,0,0
87,0,0
88,0,0
89,0,0
90,0,0
91,0,0
92,0,0
93,0,0
