1,1,0
2,0,0
3,0,0
4,0,0
5,0,0
6,2,0
7,0,0
8,5,0
9,11,0
10,15,0
11,20,0
12,16,1
13,29,2
14,27,1
15,32,1
16,27,2
17,48,3
18,49,5
19,68,4
20,92,2
21,105,7
22,136,4
23,136,6
24,177,5
25,205,15
26,268,14
27,320,13
28,371,17
29,470,22
30,508,15
31,672,32
32,795,34
33,1072,52
34,1214,68
35,1419,63
36,1705,82
37,1950,93
38,2391,121
39,2891,134
40,3374,176
41,4144,213
42,4965,228
43,6064,324
44,7140,354
45,8530,409
46,10157,515
47,12272,605
48,14707,713
49,17513,901
50,21027,1092
51,24972,1239
52,29854,1544
53,35766,1936
54,42602,2188
55,49864,2637
56,53210,2824
57,49074,2958
58,39733,2611
59,27642,2076
60,18000,1576
61,10618,1153
62,5858,771
63,3063,472
64,1489,292
65,721,184
66,362,92
67,137,48
68,58,28
69,35,15
70,10,8
71,4,5
72,1,2
73,0,0
74,0,0
75,1,0
76,0,0
77,0,0
78,0,0
79,0,0
80,0,0
81,0,0
82,0,0
83,0,0
84,0,0
85,0,0
86,0,0
87,0,0
88,0,0
89,0,0
90,0,0
91,0,0
92,0,0
93,0,0
