1,1,0
2,0,0
3,0,0
4,0,0
5,0,0
6,0,0
7,1,0
8,0,0
9,0,0
10,3,0
11,0,0
12,2,0
13,4,1
14,3,0
15,1,0
16,2,1
17,1,0
18,1,2
19,6,1
20,2,1
21,3,0
22,2,0
23,3,1
24,3,2
25,1,0
26,1,0
27,1,0
28,7,1
29,5,1
30,8,0
31,7,3
32,4,0
33,3,0
34,13,0
35,8,1
36,5,0
37,21,0
38,21,0
39,16,2
40,28,0
41,20,2
42,14,0
43,22,1
44,30,2
45,22,8
46,38,3
47,35,4
48,61,6
49,54,1
50,59,2
51,74,7
52,107,8
53,110,9
54,144,7
55,153,4
56,206,7
57,239,11
58,297,16
59,331,34
60,440,16
61,481,29
62,576,29
63,702,36
64,883,48
65,1025,49
66,1136,51
67,1347,71
68,1645,84
69,2008,99
70,2442,110
71,2819,141
72,3390,170
73,4096,211
74,4801,253
75,5895,314
76,7021,346
77,8282,412
78,10074,527
79,11942,596
80,14347,708
81,17366,875
82,20556,1046
83,24411,1311
84,29215,1458
85,35561,1843
86,42243,2196
87,49820,2509
88,56607,2888
89,56402,3205
90,48062,3022
91,36177,2599
92,24379,1986
93,15219,1492
