1,1,0
2,0,0
3,0,0
4,3,0
5,6,0
6,3,0
7,3,1
8,9,0
9,3,1
10,8,0
11,9,2
12,23,0
13,16,1
14,6,1
15,17,1
16,13,2
17,10,2
18,17,3
19,30,1
20,20,2
21,31,1
22,43,2
23,56,0
24,59,1
25,66,3
26,82,3
27,85,6
28,143,5
29,142,9
30,145,10
31,195,7
32,225,12
33,279,14
34,351,22
35,408,27
36,506,19
37,646,24
38,655,31
39,856,40
40,1005,49
41,1111,62
42,1333,83
43,1509,110
44,1861,99
45,2178,144
46,2642,150
47,3025,186
48,3640,217
49,4340,235
50,5078,265
51,6158,335
52,7353,404
53,8759,462
54,10618,530
55,12744,669
56,14832,810
57,17782,960
58,21336,1131
59,25442,1344
60,30954,1601
61,36607,1864
62,44188,2163
63,50796,2682
64,52031,2878
65,45900,2715
66,35525,2490
67,24625,1962
68,15158,1410
69,8703,946
70,4822,605
71,2453,414
72,1189,239
73,548,140
74,291,79
75,125,52
76,52,29
77,18,17
78,6,3
79,6,2
80,2,4
81,0,0
82,0,0
83,0,0
84,0,0
85,0,0
86,0,0
87,0,0
88,0,0
89,0,0
90,0,0
91,0,0
92,0,0
93,0,0
94,0,0
95,0,0
96,0,0
97,0,0
98,0,0
99,0,0
100,0,0
101,0,0
102,0,0
103,0,0
104,0,0
105,0,0
106,0,0
107,0,0
108,0,0
109,0,0
110,0,0
111,0,0
112,0,0
113,0,0
114,0,0
115,0,0
116,0,0
117,0,0
118,0,0
119,0,0
120,0,0
