1,1,0
2,0,0
3,0,0
4,0,0
5,0,0
6,1,0
7,1,0
8,0,0
9,2,0
10,0,0
11,1,0
12,0,0
13,0,0
14,1,0
15,0,0
16,1,0
17,0,0
18,2,0
19,1,1
20,0,0
21,5,0
22,0,0
23,4,0
24,6,0
25,4,1
26,11,0
27,18,0
28,18,1
29,22,0
30,20,0
31,23,2
32,43,1
33,58,2
34,66,3
35,65,4
36,79,4
37,93,5
38,133,3
39,163,17
40,204,11
41,264,17
42,319,11
43,353,19
44,403,21
45,471,19
46,593,21
47,724,40
48,830,41
49,1053,55
50,1258,64
51,1390,91
52,1657,75
53,2025,83
54,2456,121
55,2956,153
56,3539,180
57,4387,241
58,5257,255
59,6403,317
60,7849,383
61,9217,462
62,10814,555
63,13001,663
64,15978,821
65,18977,961
66,22401,1167
67,27236,1309
68,32216,1669
69,38517,1953
70,45758,2426
71,52637,2724
72,52813,2893
73,45960,2829
74,35421,2464
75,24019,1947
76,14776,1398
77,8333,988
78,4600,620
79,2273,423
80,1139,242
81,537,128
82,240,84
83,104,57
84,46,23
85,15,5
86,7,6
87,4,4
88,3,1
89,1,1
90,0,0
91,0,0
92,0,1
93,0,0
94,0,0
95,0,0
96,0,0
97,0,0
98,0,0
99,0,0
100,0,0
101,0,0
102,0,0
103,0,0
104,0,0
105,0,0
106,0,0
107,0,0
108,0,0
109,0,0
110,0,0
111,0,0
112,0,0
113,0,0
114,0,0
115,0,0
116,0,0
117,0,0
118,0,0
119,0,0
120,0,0
