1,1,0
2,0,0
3,0,0
4,0,0
5,1,0
6,1,0
7,1,0
8,0,0
9,0,0
10,0,0
11,1,0
12,0,0
13,0,0
14,0,0
15,1,1
16,0,0
17,1,0
18,1,0
19,0,0
20,0,0
21,1,0
22,2,0
23,0,1
24,0,0
25,1,0
26,0,0
27,3,0
28,4,1
29,3,0
30,5,0
31,10,0
32,6,0
33,9,1
34,19,0
35,8,3
36,20,1
37,23,1
38,29,4
39,35,1
40,46,1
41,57,1
42,47,3
43,78,4
44,73,7
45,77,6
46,97,4
47,126,7
48,170,6
49,154,8
50,174,10
51,225,12
52,250,18
53,252,23
54,348,16
55,401,23
56,475,22
57,557,38
58,623,38
59,778,37
60,961,55
61,1175,65
62,1334,67
63,1659,76
64,2029,102
65,2348,116
66,2908,145
67,3379,177
68,3982,216
69,4885,247
70,5725,298
71,6906,351
72,8296,416
73,9556,527
74,11603,634
75,13662,723
76,16212,859
77,19606,1027
78,23420,1212
79,28079,1449
80,33573,1779
81,39397,2081
82,46781,2522
83,51543,2853
84,50183,2838
85,42081,2716
86,30907,2297
87,20546,1722
88,12404,1228
89,7004,813
90,3665,544
91,1780,325
92,923,183
93,418,97
94,166,65
95,103,34
96,39,19
97,13,4
98,4,5
99,3,5
100,0,2
101,0,1
102,0,0
103,0,0
104,0,0
105,0,0
106,0,0
107,0,0
108,0,0
109,0,0
110,0,0
111,0,0
112,0,0
113,0,0
114,0,0
115,0,0
116,0,0
117,0,0
118,0,0
119,0,0
120,0,0
