1,1,0
2,0,0
3,0,0
4,1,0
5,1,0
6,1,0
7,0,0
8,2,0
9,1,0
10,3,0
11,1,0
12,2,0
13,2,0
14,3,0
15,3,0
16,7,2
17,17,0
18,11,1
19,10,1
20,14,0
21,15,1
22,26,2
23,32,1
24,29,2
25,36,1
26,45,6
27,43,4
28,73,3
29,95,1
30,104,6
31,124,10
32,137,5
33,162,10
34,204,10
35,253,7
36,360,16
37,384,22
38,476,24
39,544,28
40,655,35
41,844,37
42,903,54
43,1096,53
44,1335,76
45,1628,96
46,2035,84
47,2433,108
48,2903,166
49,3448,132
50,4185,220
51,4985,269
52,6105,272
53,7379,379
54,8750,470
55,10503,550
56,12546,652
57,14971,789
58,17917,928
59,21333,1132
60,25081,1302
61,30709,1602
62,36929,1856
63,44424,2255
64,51015,2620
65,54281,2892
66,49322,2899
67,39106,2616
68,27363,2212
69,17421,1509
70,10081,1114
71,5450,709
72,2833,453
73,1404,249
74,719,155
75,312,88
76,154,49
77,69,31
78,30,14
79,12,4
80,8,1
81,1,0
82,0,4
83,0,0
84,0,0
85,0,0
86,0,0
87,0,0
88,0,0
89,0,0
90,0,0
91,0,0
92,0,0
93,0,0
94,0,0
95,0,0
96,0,0
97,0,0
98,0,0
99,0,0
100,0,0
101,0,0
102,0,0
103,0,0
104,0,0
105,0,0
106,0,0
107,0,0
108,0,0
109,0,0
110,0,0
111,0,0
112,0,0
113,0,0
114,0,0
115,0,0
116,0,0
117,0,0
118,0,0
119,0,0
120,0,0
