1,1,0
2,0,0
3,0,0
4,2,0
5,1,0
6,1,0
7,2,0
8,6,0
9,2,0
10,1,1
11,2,0
12,2,0
13,6,0
14,4,0
15,3,0
16,0,0
17,0,0
18,8,0
19,5,0
20,10,2
21,6,0
22,13,0
23,7,1
24,11,0
25,9,1
26,16,1
27,17,0
28,9,0
29,12,2
30,12,4
31,19,4
32,29,0
33,26,0
34,40,1
35,37,3
36,49,2
37,60,2
38,76,5
39,90,4
40,100,1
41,100,5
42,116,13
43,126,8
44,157,9
45,190,14
46,217,12
47,227,18
48,255,12
49,335,14
50,402,24
51,466,33
52,545,23
53,688,40
54,829,50
55,1039,35
56,1242,53
57,1409,87
58,1799,97
59,2165,116
60,2571,125
61,3178,164
62,3693,164
63,4325,211
64,5230,298
65,6387,307
66,7469,428
67,8857,488
68,10511,564
69,12450,647
70,14899,795
71,17797,953
72,21023,1083
73,25820,1325
74,30381,1632
75,36640,1900
76,43813,2192
77,50313,2632
78,52406,2990
79,46861,2739
80,36517,2483
81,25318,2021
82,15909,1484
83,9223,1051
84,5114,690
85,2531,424
86,1241,265
87,612,139
88,295,78
89,134,47
90,42,24
91,21,9
92,10,7
93,3,4
94,0,1
95,1,0
96,1,1
97,0,0
98,0,0
99,0,0
100,0,0
101,0,0
102,0,0
103,0,0
104,0,0
105,0,0
106,0,0
107,0,0
108,0,0
109,0,0
110,0,0
111,0,0
112,0,0
113,0,0
114,0,0
115,0,0
116,0,0
117,0,0
118,0,0
119,0,0
120,0,0
