1,1,0
2,0,0
3,0,0
4,1,0
5,0,0
6,0,0
7,0,0
8,1,0
9,3,0
10,2,0
11,1,0
12,0,0
13,2,1
14,1,0
15,0,0
16,2,0
17,2,0
18,1,0
19,1,0
20,0,0
21,4,0
22,5,0
23,0,1
24,4,0
25,3,0
26,8,2
27,7,0
28,4,0
29,10,0
30,18,0
31,21,1
32,37,1
33,47,1
34,52,1
35,53,1
36,67,7
37,93,5
38,126,2
39,147,9
40,190,8
41,241,7
42,244,8
43,272,20
44,307,30
45,376,16
46,470,18
47,585,25
48,646,42
49,697,35
50,978,52
51,1232,55
52,1456,70
53,1689,70
54,1975,95
55,2289,130
56,2788,142
57,3433,162
58,4147,241
59,4732,238
60,5816,311
61,7138,381
62,8362,427
63,9725,524
64,11816,539
65,14017,741
66,16740,867
67,20129,1024
68,23517,1246
69,28552,1518
70,34053,1823
71,40209,2184
72,47838,2500
73,52364,2806
74,50567,2933
75,41190,2637
76,30257,2185
77,19606,1735
78,11576,1195
79,6575,807
80,3454,543
81,1668,336
82,813,190
83,398,106
84,158,59
85,91,28
86,30,18
87,17,9
88,3,4
89,2,1
90,0,1
91,1,1
92,0,1
93,0,0
94,0,0
95,0,0
96,0,0
97,0,0
98,0,0
99,0,0
100,0,0
101,0,0
102,0,0
103,0,0
104,0,0
105,0,0
106,0,0
107,0,0
108,0,0
109,0,0
110,0,0
111,0,0
112,0,0
113,0,0
114,0,0
115,0,0
116,0,0
117,0,0
118,0,0
119,0,0
120,0,0
