1,1,0
2,1,0
3,1,0
4,0,0
5,1,0
6,0,0
7,0,0
8,1,0
9,2,0
10,2,0
11,3,0
12,3,0
13,4,0
14,8,0
15,6,0
16,7,0
17,5,1
18,14,1
19,12,0
20,29,0
21,41,1
22,37,1
23,38,1
24,44,3
25,71,3
26,65,5
27,105,6
28,111,5
29,164,7
30,174,6
31,217,8
32,246,12
33,331,17
34,370,15
35,451,24
36,499,25
37,637,37
38,744,43
39,960,51
40,1020,47
41,1265,83
42,1545,75
43,1765,101
44,2090,114
45,2530,134
46,3010,159
47,3634,184
48,4407,221
49,5257,269
50,6479,316
51,7555,384
52,8927,492
53,10633,577
54,12976,706
55,15235,837
56,17976,966
57,21414,1144
58,25272,1349
59,30501,1641
60,36326,1985
61,43571,2250
62,49448,2748
63,50731,2795
64,44813,2763
65,34278,2407
66,23764,1877
67,14734,1478
68,8509,981
69,4614,680
70,2396,398
71,1165,227
72,527,152
73,244,71
74,119,43
75,48,24
76,18,10
77,13,5
78,4,0
79,2,1
80,0,0
81,0,0
82,0,0
83,0,0
84,0,0
85,0,0
86,0,0
87,0,0
88,0,0
89,0,0
90,0,0
91,0,0
92,0,0
93,0,0
94,0,0
95,0,0
96,0,0
97,0,0
98,0,0
99,0,0
100,0,0
101,0,0
102,0,0
103,0,0
104,0,0
105,0,0
106,0,0
107,0,0
108,0,0
109,0,0
110,0,0
111,0,0
112,0,0
113,0,0
114,0,0
115,0,0
116,0,0
117,0,0
118,0,0
119,0,0
120,0,0
