1,1,0
2,0,0
3,0,0
4,1,0
5,0,0
6,2,0
7,3,0
8,1,0
9,4,0
10,2,0
11,1,0
12,0,0
13,1,0
14,1,0
15,1,1
16,3,0
17,6,0
18,7,1
19,4,0
20,3,0
21,14,2
22,2,0
23,7,1
24,7,0
25,13,1
26,6,2
27,10,0
28,14,1
29,11,0
30,16,1
31,15,0
32,32,0
33,21,1
34,31,3
35,27,1
36,53,2
37,59,4
38,75,1
39,84,2
40,83,1
41,96,4
42,124,9
43,138,10
44,159,14
45,201,19
46,212,15
47,262,14
48,346,24
49,366,15
50,467,25
51,613,35
52,733,33
53,854,32
54,1077,54
55,1320,69
56,1610,61
57,1840,89
58,2173,120
59,2626,137
60,3252,139
61,3815,175
62,4564,216
63,5609,266
64,6725,337
65,8129,381
66,9809,493
67,11636,546
68,13959,709
69,16834,872
70,20011,1002
71,24120,1178
72,28937,1514
73,34474,1844
74,41313,2055
75,48270,2673
76,52380,2826
77,50037,2876
78,41107,2702
79,29856,2136
80,19467,1691
81,11719,1217
82,6470,817
83,3448,530
84,1637,303
85,851,204
86,382,110
87,159,63
88,74,34
89,32,24
90,16,11
91,5,2
92,1,7
93,0,0
94,1,0
95,0,0
96,0,0
97,0,0
98,0,0
99,0,0
100,0,0
101,0,0
102,0,0
103,0,0
104,0,0
105,0,0
106,0,0
107,0,0
108,0,0
109,0,0
110,0,0
111,0,0
112,0,0
113,0,0
114,0,0
115,0,0
116,0,0
117,0,0
118,0,0
119,0,0
120,0,0
