1,1,0
2,0,0
3,1,0
4,1,0
5,3,0
6,12,0
7,14,0
8,9,0
9,7,1
10,18,0
11,26,2
12,47,2
13,39,0
14,51,5
15,69,2
16,86,4
17,73,3
18,95,9
19,118,11
20,184,10
21,191,6
22,242,9
23,345,15
24,430,14
25,475,15
26,577,30
27,716,37
28,851,35
29,1035,43
30,1242,66
31,1339,63
32,1690,83
33,2060,118
34,2577,116
35,3073,158
36,3557,172
37,4236,193
38,4972,307
39,5876,325
40,7152,393
41,8501,432
42,10413,531
43,12569,607
44,14899,744
45,17559,898
46,21683,1093
47,25721,1329
48,30784,1513
49,36919,1852
50,43532,2296
51,50014,2720
52,52345,2916
53,46834,2840
54,36748,2481
55,25241,2075
56,16068,1515
57,9240,1042
58,5093,696
59,2539,423
60,1297,262
61,607,144
62,277,85
63,120,43
64,45,23
65,23,22
66,7,4
67,4,1
68,3,1
69,1,1
70,0,1
71,0,0
72,0,0
73,0,0
74,0,0
75,0,0
76,0,0
77,0,0
78,0,0
79,0,0
80,0,0
81,0,0
82,0,0
83,0,0
84,0,0
85,0,0
86,0,0
87,0,0
88,0,0
89,0,0
90,0,0
91,0,0
92,0,0
93,0,0
94,0,0
95,0,0
96,0,0
97,0,0
