1,1,0
2,0,0
3,1,0
4,4,0
5,6,0
6,10,0
7,9,0
8,8,0
9,14,0
10,11,0
11,11,1
12,6,1
13,7,1
14,6,0
15,10,2
16,14,2
17,10,1
18,18,1
19,13,1
20,13,2
21,16,1
22,25,2
23,24,1
24,25,1
25,36,4
26,54,2
27,69,1
28,51,1
29,75,2
30,99,5
31,127,1
32,139,7
33,159,7
34,183,6
35,203,4
36,226,17
37,310,18
38,311,13
39,400,18
40,472,22
41,482,38
42,651,45
43,704,36
44,887,43
45,1054,42
46,1151,64
47,1441,84
48,1728,79
49,2007,118
50,2496,126
51,2931,141
52,3446,172
53,4051,211
54,4785,225
55,5920,301
56,6965,393
57,8298,463
58,10031,541
59,12194,637
60,14309,731
61,16829,933
62,20500,1106
63,24152,1147
64,28905,1531
65,34775,1812
66,41746,2118
67,48502,2598
68,52530,2815
69,48959,2841
70,40023,2635
71,28513,2140
72,18648,1573
73,10963,1185
74,6092,777
75,3142,517
76,1587,299
77,768,162
78,355,97
79,131,57
80,65,24
81,26,12
82,7,11
83,6,2
84,1,2
85,2,0
86,1,0
87,0,0
88,0,1
89,0,0
90,0,0
91,0,0
92,0,0
93,0,0
94,0,0
95,0,0
96,0,0
97,0,0
