1,1,0
2,0,0
3,0,0
4,0,0
5,3,0
6,2,0
7,4,0
8,3,0
9,4,0
10,6,0
11,3,2
12,5,0
13,9,0
14,10,0
15,15,1
16,16,1
17,23,2
18,25,0
19,26,0
20,34,4
21,46,2
22,52,1
23,48,2
24,46,2
25,63,3
26,71,7
27,101,5
28,107,10
29,124,13
30,147,14
31,219,9
32,286,6
33,330,13
34,360,19
35,378,17
36,455,20
37,543,28
38,702,36
39,860,45
40,990,54
41,1242,60
42,1471,81
43,1716,87
44,2054,99
45,2471,104
46,2925,143
47,3458,169
48,4314,223
49,5007,281
50,6190,315
51,7346,360
52,8931,446
53,10563,508
54,12642,648
55,15172,770
56,17614,933
57,21583,1172
58,25841,1290
59,30997,1516
60,36702,1936
61,44575,2252
62,51011,2671
63,53017,2909
64,47412,2863
65,37276,2503
66,25688,1993
67,15972,1471
68,9393,1059
69,5117,694
70,2578,423
71,1322,252
72,583,132
73,294,97
74,129,50
75,63,38
76,19,17
77,7,9
78,2,5
79,3,2
80,1,2
81,0,1
82,0,0
83,0,0
84,0,0
85,0,0
86,0,0
87,0,0
88,0,0
89,0,0
90,0,0
91,0,0
92,0,0
93,0,0
94,0,0
95,0,0
96,0,0
97,0,0
