1,1,0
2,0,0
3,0,0
4,1,0
5,0,0
6,3,0
7,2,0
8,2,0
9,2,0
10,3,0
11,2,0
12,2,0
13,5,1
14,12,0
15,7,0
16,4,1
17,9,0
18,12,0
19,15,0
20,18,0
21,33,1
22,31,0
23,35,1
24,47,2
25,66,4
26,96,2
27,99,6
28,131,6
29,139,6
30,185,5
31,197,3
32,223,10
33,288,11
34,325,20
35,346,20
36,457,27
37,565,32
38,650,36
39,800,42
40,874,48
41,1017,56
42,1331,65
43,1512,86
44,1818,92
45,2083,130
46,2524,134
47,2983,172
48,3545,193
49,4254,232
50,5073,283
51,6145,301
52,7338,411
53,8629,465
54,10545,558
55,12511,623
56,15116,720
57,18033,927
58,21418,1145
59,25868,1319
60,30878,1640
61,37344,1879
62,44198,2236
63,51089,2544
64,53261,2838
65,47984,2898
66,37979,2562
67,25751,2112
68,16142,1461
69,9419,1018
70,5176,661
71,2765,443
72,1318,263
73,613,141
74,247,89
75,131,55
76,60,19
77,17,16
78,14,7
79,5,6
80,0,0
81,0,0
82,0,1
83,0,0
84,0,0
85,0,0
86,0,0
87,0,0
88,0,0
89,0,0
90,0,0
91,0,0
92,0,0
93,0,0
94,0,0
95,0,0
96,0,0
97,0,0
