1,1,0
2,0,0
3,0,0
4,0,0
5,0,0
6,1,0
7,0,0
8,0,0
9,3,0
10,0,0
11,6,0
12,7,0
13,9,0
14,14,0
15,9,0
16,13,0
17,14,3
18,13,0
19,16,0
20,14,4
21,7,3
22,18,0
23,16,1
24,12,2
25,15,2
26,32,4
27,29,0
28,31,1
29,40,4
30,45,6
31,41,5
32,58,3
33,68,6
34,66,8
35,78,7
36,77,1
37,78,1
38,104,7
39,118,6
40,115,10
41,151,11
42,191,10
43,219,20
44,299,9
45,317,11
46,362,14
47,448,31
48,545,28
49,648,24
50,738,31
51,906,45
52,1126,59
53,1349,69
54,1732,79
55,1998,94
56,2386,109
57,2740,148
58,3450,181
59,4085,214
60,4807,240
61,5784,312
62,7085,359
63,8123,432
64,9877,498
65,11740,620
66,13789,713
67,16670,930
68,20082,1060
69,23717,1237
70,28697,1410
71,33933,1789
72,40537,2173
73,48398,2488
74,52715,2905
75,49999,2917
76,41730,2661
77,30148,2232
78,19979,1767
79,11861,1216
80,6636,819
81,3637,455
82,1806,309
83,795,191
84,391,81
85,177,49
86,79,30
87,30,20
88,16,9
89,6,5
90,2,2
91,0,1
92,0,1
93,0,0
94,0,0
95,0,0
96,0,0
97,0,0
