1,1,0
2,0,0
3,0,0
4,0,0
5,5,0
6,1,0
7,3,2
8,7,0
9,1,0
10,7,0
11,14,0
12,13,1
13,16,2
14,9,1
15,14,0
16,17,0
17,26,1
18,24,2
19,19,6
20,27,3
21,32,2
22,33,1
23,53,1
24,64,4
25,64,1
26,71,8
27,76,2
28,91,9
29,129,7
30,134,8
31,164,11
32,139,11
33,185,20
34,219,13
35,271,12
36,342,9
37,444,16
38,492,37
39,503,35
40,603,35
41,679,47
42,870,54
43,980,52
44,1237,71
45,1449,84
46,1757,109
47,2127,126
48,2469,133
49,2948,133
50,3432,205
51,4108,216
52,5098,317
53,5793,286
54,7109,392
55,8383,421
56,9872,587
57,11942,663
58,14440,806
59,17156,867
60,20480,1059
61,24437,1268
62,29262,1498
63,35136,1878
64,41384,2216
65,48202,2606
66,51372,2827
67,47098,2853
68,36780,2417
69,26179,2041
70,16442,1483
71,9742,1013
72,5284,694
73,2800,437
74,1400,266
75,610,169
76,280,82
77,142,40
78,64,26
79,28,10
80,12,8
81,2,2
82,0,2
83,1,0
84,1,0
85,2,0
86,0,0
87,0,1
88,0,0
89,0,0
90,0,0
91,0,0
92,0,0
93,0,0
94,0,0
95,0,0
96,0,0
97,0,0
