1,1,0
2,0,0
3,0,0
4,2,0
5,2,0
6,2,0
7,4,0
8,6,0
9,10,0
10,10,0
11,13,0
12,10,0
13,8,1
14,9,1
15,14,2
16,16,2
17,19,2
18,21,4
19,19,1
20,26,0
21,13,0
22,14,1
23,21,1
24,18,5
25,11,4
26,18,1
27,15,1
28,29,3
29,35,2
30,51,3
31,45,2
32,48,4
33,64,0
34,87,3
35,92,1
36,150,6
37,163,4
38,201,13
39,245,11
40,309,14
41,341,16
42,420,21
43,524,22
44,595,38
45,773,34
46,889,37
47,1152,57
48,1335,69
49,1585,83
50,1817,88
51,2258,138
52,2783,133
53,3496,158
54,4025,192
55,4701,250
56,5779,295
57,7012,341
58,8230,416
59,10072,505
60,12254,610
61,14813,740
62,17589,871
63,21037,997
64,25465,1250
65,30721,1514
66,36671,1858
67,43720,2144
68,51215,2615
69,54797,2972
70,50640,3037
71,40665,2623
72,28668,2196
73,18275,1705
74,10952,1120
75,5879,745
76,3092,507
77,1543,312
78,675,151
79,361,89
80,147,57
81,63,30
82,32,10
83,14,7
84,2,3
85,1,1
86,0,1
87,0,0
88,0,1
89,0,0
90,0,1
91,0,0
92,0,0
93,0,0
94,0,0
95,0,0
96,0,0
97,0,0
