1,1,0
2,0,0
3,1,0
4,1,0
5,2,0
6,2,0
7,2,1
8,2,0
9,3,0
10,1,0
11,3,1
12,0,0
13,2,1
14,5,0
15,4,0
16,7,1
17,6,0
18,0,1
19,4,0
20,2,0
21,2,0
22,6,0
23,5,1
24,2,0
25,3,0
26,3,0
27,3,2
28,2,2
29,2,1
30,10,0
31,6,0
32,4,1
33,9,0
34,3,0
35,4,2
36,1,1
37,4,1
38,3,0
39,2,1
40,4,1
41,2,0
42,9,0
43,14,0
44,10,1
45,20,0
46,10,0
47,16,1
48,23,1
49,23,0
50,28,2
51,31,0
52,32,4
53,39,0
54,42,4
55,49,1
56,40,3
57,55,6
58,73,3
59,56,6
60,94,3
61,109,9
62,137,10
63,148,9
64,208,10
65,232,13
66,271,10
67,329,22
68,353,34
69,472,30
70,610,27
71,709,35
72,762,34
73,1014,57
74,1226,62
75,1487,80
76,1749,88
77,2037,98
78,2423,131
79,3049,142
80,3546,176
81,4263,239
82,5021,236
83,6122,310
84,7315,391
85,8735,413
86,10356,603
87,12496,646
88,15169,785
89,18277,924
90,21707,1110
91,25880,1341
92,31094,1576
93,37535,1985
94,44607,2309
95,53783,2698
96,64326,3414
97,76845,3815
