1,1,0
2,0,0
3,0,0
4,0,0
5,0,0
6,0,0
7,0,0
8,1,0
9,0,0
10,1,0
11,0,0
12,2,0
13,4,0
14,2,0
15,1,0
16,3,0
17,7,0
18,7,0
19,17,0
20,8,1
21,5,1
22,12,2
23,12,1
24,15,2
25,22,0
26,19,0
27,24,0
28,35,3
29,39,3
30,45,2
31,34,1
32,47,5
33,56,3
34,55,5
35,56,9
36,69,6
37,92,3
38,98,5
39,142,8
40,193,11
41,181,6
42,234,9
43,241,7
44,338,21
45,379,23
46,444,31
47,508,26
48,656,44
49,740,35
50,1016,48
51,1098,50
52,1359,73
53,1646,85
54,1875,100
55,2264,90
56,2714,136
57,3329,157
58,4122,196
59,4911,230
60,5653,268
61,6763,355
62,8167,461
63,9612,522
64,11386,564
65,13944,743
66,16849,885
67,20324,972
68,24228,1242
69,28825,1548
70,34570,1774
71,41402,2022
72,48630,2538
73,53326,2824
74,50687,2905
75,41402,2678
76,30131,2336
77,19688,1705
78,11758,1173
79,6527,794
80,3534,530
81,1742,318
82,871,174
83,350,86
84,166,62
85,62,26
86,42,10
87,9,11
88,6,7
89,0,3
90,0,2
91,0,1
92,0,0
93,0,0
94,0,0
95,0,0
96,0,0
97,0,0
