1,1,0
2,0,0
3,0,0
4,0,0
5,1,0
6,0,0
7,0,0
8,2,0
9,6,0
10,3,0
11,1,0
12,19,0
13,24,0
14,25,0
15,20,0
16,26,2
17,32,2
18,19,3
19,33,2
20,34,4
21,37,4
22,71,3
23,70,6
24,89,4
25,129,6
26,161,9
27,160,15
28,169,5
29,185,11
30,235,14
31,275,16
32,331,8
33,372,34
34,445,27
35,573,29
36,706,34
37,846,54
38,949,55
39,1143,61
40,1396,67
41,1728,82
42,2027,94
43,2379,113
44,2851,145
45,3429,164
46,3984,194
47,4961,255
48,5959,312
49,7187,345
50,8493,453
51,10426,526
52,12387,620
53,14531,733
54,17557,911
55,21039,1155
56,25139,1318
57,30226,1579
58,35826,1833
59,42447,2221
60,49813,2582
61,51908,2970
62,47640,2832
63,37570,2589
64,26270,2102
65,16632,1558
66,9491,1088
67,5279,703
68,2739,427
69,1342,256
70,675,154
71,280,84
72,131,47
73,55,28
74,23,13
75,7,9
76,5,5
77,4,4
78,0,0
79,1,0
80,0,0
81,0,0
82,0,0
83,0,0
84,0,0
85,0,0
86,0,0
87,0,0
88,0,0
89,0,0
90,0,0
91,0,0
92,0,0
93,0,0
94,0,0
95,0,0
96,0,0
97,0,0
