1,1,0
2,0,0
3,0,0
4,4,0
5,1,0
6,0,0
7,3,0
8,11,0
9,13,0
10,3,0
11,15,0
12,10,3
13,13,1
14,12,1
15,6,2
16,11,0
17,11,0
18,15,1
19,16,2
20,23,0
21,22,3
22,40,0
23,51,1
24,55,1
25,60,2
26,67,2
27,85,3
28,100,5
29,106,9
30,142,7
31,177,7
32,201,6
33,207,12
34,263,10
35,255,16
36,316,17
37,377,24
38,472,24
39,602,31
40,710,30
41,792,53
42,946,42
43,1074,49
44,1233,78
45,1484,85
46,1824,101
47,2267,113
48,2574,133
49,3219,156
50,3826,209
51,4556,223
52,5306,317
53,6463,314
54,7758,391
55,9162,473
56,10988,530
57,12980,697
58,15490,806
59,18428,963
60,22112,1196
61,26600,1355
62,31593,1670
63,37297,1929
64,45221,2266
65,51309,2728
66,52276,2796
67,46158,2766
68,34877,2413
69,23450,1906
70,14451,1427
71,8399,938
72,4593,607
73,2350,391
74,1130,246
75,569,106
76,230,64
77,99,31
78,48,17
79,21,11
80,12,7
81,3,0
82,1,0
83,1,0
84,0,1
85,0,0
86,0,0
87,0,1
88,0,0
89,0,0
90,0,0
91,0,0
92,0,0
93,0,0
94,0,0
95,0,0
96,0,0
97,0,0
