1,1,0
2,0,0
3,3,0
4,8,0
5,24,0
6,7,0
7,10,1
8,20,0
9,10,0
10,15,0
11,17,1
12,20,1
13,20,0
14,27,1
15,35,4
16,45,2
17,73,2
18,85,2
19,93,2
20,131,2
21,156,6
22,178,10
23,213,10
24,245,8
25,314,6
26,356,22
27,387,26
28,492,26
29,596,32
30,728,36
31,795,48
32,949,50
33,1083,62
34,1352,70
35,1530,83
36,1854,112
37,2256,122
38,2731,161
39,3100,152
40,3736,221
41,4485,249
42,5310,256
43,6476,315
44,7725,391
45,9543,488
46,11265,602
47,13800,714
48,16067,848
49,19159,978
50,22309,1193
51,26767,1379
52,31978,1750
53,38158,1993
54,45310,2304
55,50715,2791
56,51144,2935
57,43487,2826
58,32704,2362
59,22099,1853
60,13452,1345
61,7637,902
62,4062,599
63,2077,385
64,1012,209
65,462,122
66,210,69
67,92,38
68,46,22
69,16,7
70,10,12
71,2,4
72,0,1
73,0,2
74,1,0
75,0,1
76,0,0
77,0,0
78,0,0
79,0,0
80,0,0
81,0,0
82,0,0
83,0,0
84,0,0
85,0,0
86,0,0
87,0,0
88,0,0
89,0,0
90,0,0
91,0,0
92,0,0
93,0,0
94,0,0
95,0,0
96,0,0
97,0,0
