1,1,0
2,0,0
3,0,0
4,0,0
5,0,0
6,0,1
7,0,0
8,1,0
9,0,0
10,0,0
11,0,0
12,0,0
13,0,0
14,0,0
15,0,0
16,1,0
17,0,0
18,1,0
19,3,0
20,3,0
21,3,0
22,0,1
23,3,0
24,1,0
25,2,0
26,1,0
27,3,1
28,3,0
29,3,0
30,1,0
31,5,0
32,4,0
33,4,0
34,10,2
35,9,1
36,7,2
37,17,0
38,21,0
39,28,4
40,27,1
41,37,1
42,49,1
43,52,1
44,56,1
45,73,2
46,93,8
47,99,5
48,77,6
49,119,9
50,171,7
51,192,14
52,249,12
53,265,12
54,286,16
55,396,17
56,457,27
57,508,34
58,614,32
59,773,53
60,957,52
61,1065,67
62,1288,71
63,1508,70
64,1715,119
65,2181,120
66,2637,150
67,3032,157
68,3787,220
69,4443,236
70,5496,314
71,6599,334
72,7742,368
73,9572,456
74,11628,557
75,13487,672
76,16029,843
77,19385,926
78,23163,1186
79,27545,1416
80,33130,1737
81,40192,2016
82,47692,2394
83,53647,2743
84,52471,2921
85,44394,2753
86,33311,2331
87,22214,1795
88,13467,1322
89,7696,909
90,3991,558
91,2146,351
92,999,213
93,428,106
94,178,70
95,82,29
96,41,20
97,19,9
