1,1,0
2,0,0
3,0,0
4,1,0
5,2,0
6,2,0
7,5,0
8,7,0
9,16,1
10,16,0
11,17,0
12,10,2
13,17,2
14,10,1
15,17,1
16,25,3
17,26,4
18,32,5
19,53,2
20,42,1
21,59,1
22,71,6
23,85,2
24,104,4
25,129,6
26,139,12
27,184,7
28,224,10
29,252,17
30,297,11
31,373,16
32,502,24
33,588,36
34,721,34
35,841,48
36,1022,58
37,1145,58
38,1403,66
39,1662,93
40,2059,104
41,2314,122
42,2734,153
43,3307,170
44,4010,229
45,4680,237
46,5774,304
47,6847,345
48,8002,432
49,9679,465
50,11654,627
51,13663,730
52,16132,865
53,19487,1012
54,23297,1227
55,27559,1461
56,33852,1702
57,39952,2006
58,47080,2407
59,52183,2840
60,51566,2937
61,42881,2673
62,31380,2209
63,21138,1805
64,12891,1240
65,7116,867
66,3722,527
67,1947,332
68,943,190
69,432,121
70,216,52
71,83,38
72,32,25
73,14,14
74,9,4
75,2,2
76,0,1
77,0,1
78,0,0
79,0,0
80,0,0
81,0,0
82,0,0
83,0,0
84,0,0
85,0,0
86,0,0
87,0,0
88,0,0
89,0,0
90,0,0
91,0,0
92,0,0
93,0,0
94,0,0
95,0,0
96,0,0
97,0,0
