1,1,0
2,0,0
3,0,0
4,2,0
5,4,0
6,0,0
7,14,0
8,5,0
9,3,0
10,4,0
11,13,0
12,10,1
13,17,1
14,9,0
15,15,2
16,17,2
17,19,2
18,29,0
19,27,0
20,33,2
21,46,3
22,47,4
23,46,2
24,63,4
25,78,2
26,89,6
27,93,10
28,123,6
29,156,8
30,197,8
31,204,14
32,230,8
33,265,28
34,341,15
35,371,19
36,485,23
37,597,20
38,689,40
39,824,43
40,987,47
41,1158,59
42,1385,69
43,1748,98
44,2107,99
45,2415,111
46,3002,154
47,3576,191
48,4488,188
49,5231,230
50,6282,281
51,7532,380
52,8781,453
53,10686,512
54,12846,669
55,15092,780
56,18022,951
57,21927,1135
58,26176,1358
59,31583,1559
60,37632,1876
61,44909,2434
62,51395,2634
63,52827,2922
64,46813,2801
65,35603,2461
66,24738,1975
67,15423,1453
68,8926,985
69,4672,682
70,2439,385
71,1156,247
72,562,131
73,267,69
74,118,51
75,52,21
76,19,13
77,8,8
78,4,1
79,1,1
80,1,1
81,0,0
82,0,0
83,0,0
84,0,0
85,0,0
86,0,0
87,0,0
88,0,0
89,0,0
90,0,0
91,0,0
92,0,0
93,0,0
94,0,0
95,0,0
96,0,0
97,0,0
98,0,0
99,0,0
100,0,0
101,0,0
102,0,0
103,0,0
104,0,0
105,0,0
106,0,0
107,0,0
108,0,0
109,0,0
110,0,0
111,0,0
112,0,0
113,0,0
114,0,0
115,0,0
116,0,0
117,0,0
118,0,0
119,0,0
120,0,0
121,0,0
122,0,0
123,0,0
