1,1,0
2,0,0
3,0,0
4,0,0
5,2,0
6,3,0
7,0,0
8,2,0
9,2,0
10,4,0
11,6,0
12,0,0
13,3,0
14,7,0
15,12,0
16,13,0
17,12,0
18,16,1
19,12,0
20,28,0
21,22,1
22,19,2
23,15,3
24,17,3
25,31,3
26,39,3
27,32,5
28,42,2
29,49,2
30,61,2
31,77,6
32,84,2
33,121,3
34,158,6
35,205,8
36,177,6
37,250,11
38,303,14
39,352,22
40,452,26
41,545,22
42,579,30
43,736,38
44,891,45
45,989,53
46,1189,60
47,1420,85
48,1809,87
49,2063,113
50,2467,125
51,2947,140
52,3556,166
53,4164,220
54,5007,223
55,5974,330
56,7065,348
57,8358,396
58,10002,542
59,11829,649
60,14274,776
61,17074,903
62,20302,1068
63,24420,1266
64,29151,1525
65,34955,1737
66,41455,2214
67,48685,2591
68,51336,2874
69,47405,2924
70,38058,2553
71,27097,2075
72,17287,1576
73,10096,1092
74,5514,700
75,2928,469
76,1450,287
77,743,169
78,328,92
79,140,53
80,61,25
81,32,20
82,6,8
83,8,5
84,2,2
85,0,2
86,0,1
87,0,0
88,1,0
89,0,0
90,0,0
91,0,0
92,0,0
93,0,0
94,0,0
95,0,0
96,0,0
97,0,0
98,0,0
99,0,0
100,0,0
101,0,0
102,0,0
103,0,0
104,0,0
105,0,0
106,0,0
107,0,0
108,0,0
109,0,0
110,0,0
111,0,0
112,0,0
113,0,0
114,0,0
115,0,0
116,0,0
117,0,0
118,0,0
119,0,0
120,0,0
121,0,0
122,0,0
123,0,0
