1,1,0
2,0,0
3,2,0
4,5,0
5,6,0
6,10,0
7,14,0
8,4,0
9,7,0
10,9,0
11,9,2
12,7,2
13,8,1
14,12,0
15,11,2
16,15,1
17,19,1
18,32,0
19,31,0
20,25,1
21,23,4
22,25,1
23,24,2
24,21,1
25,26,4
26,23,3
27,32,3
28,46,5
29,62,5
30,71,4
31,93,1
32,107,3
33,144,5
34,152,11
35,169,7
36,239,12
37,229,12
38,314,19
39,352,13
40,412,24
41,492,33
42,577,35
43,635,42
44,796,45
45,934,57
46,1143,66
47,1225,79
48,1653,79
49,1943,88
50,2265,142
51,2689,116
52,3301,160
53,3907,218
54,4689,234
55,5517,303
56,6635,290
57,7957,394
58,9481,514
59,11448,579
60,13525,705
61,16216,801
62,19482,968
63,23161,1223
64,27759,1454
65,32852,1692
66,38846,2083
67,46371,2403
68,52819,2776
69,52005,2964
70,44224,2761
71,32584,2335
72,21758,1810
73,13397,1334
74,7712,858
75,3999,586
76,2030,342
77,967,178
78,472,118
79,192,63
80,85,32
81,37,27
82,8,10
83,5,5
84,3,1
85,1,1
86,0,2
87,0,1
88,0,0
89,0,0
90,0,0
91,0,0
92,0,0
93,0,0
94,0,0
95,0,0
96,0,0
97,0,0
98,0,0
99,0,0
100,0,0
101,0,0
102,0,0
103,0,0
104,0,0
105,0,0
106,0,0
107,0,0
108,0,0
109,0,0
110,0,0
111,0,0
112,0,0
113,0,0
114,0,0
115,0,0
116,0,0
117,0,0
118,0,0
119,0,0
120,0,0
121,0,0
122,0,0
123,0,0
