1,1,0
2,0,0
3,1,0
4,1,0
5,6,0
6,4,0
7,2,0
8,2,0
9,4,1
10,4,0
11,0,0
12,1,0
13,4,0
14,1,0
15,1,0
16,10,2
17,10,0
18,15,0
19,14,0
20,18,0
21,26,1
22,35,1
23,48,1
24,43,0
25,51,4
26,73,4
27,79,3
28,104,3
29,164,6
30,166,5
31,200,12
32,253,11
33,274,13
34,333,17
35,384,13
36,499,17
37,599,30
38,679,36
39,930,49
40,1084,49
41,1208,62
42,1410,79
43,1700,96
44,1990,98
45,2361,144
46,2812,142
47,3473,194
48,4054,219
49,4764,268
50,5585,314
51,6819,332
52,8195,432
53,9983,536
54,12468,609
55,14338,740
56,17221,877
57,20139,1037
58,24166,1316
59,28740,1495
60,34605,1823
61,41330,2208
62,48168,2557
63,52094,2834
64,49259,2903
65,39870,2506
66,28562,2170
67,18715,1647
68,11029,1158
69,6095,808
70,3182,479
71,1641,332
72,749,163
73,345,103
74,173,48
75,72,35
76,29,15
77,14,9
78,5,4
79,0,2
80,2,5
81,2,1
82,1,1
83,0,0
84,0,0
85,0,0
86,0,0
87,0,0
88,0,0
89,0,0
90,0,0
91,0,0
92,0,0
93,0,0
94,0,0
95,0,0
96,0,0
97,0,0
98,0,0
99,0,0
100,0,0
101,0,0
102,0,0
103,0,0
104,0,0
105,0,0
106,0,0
107,0,0
108,0,0
109,0,0
110,0,0
111,0,0
112,0,0
113,0,0
114,0,0
115,0,0
116,0,0
117,0,0
118,0,0
119,0,0
120,0,0
121,0,0
122,0,0
123,0,0
