1,1,0
2,0,0
3,0,0
4,0,0
5,2,0
6,2,0
7,2,0
8,1,0
9,1,0
10,1,0
11,4,0
12,5,0
13,3,0
14,9,0
15,7,0
16,6,1
17,18,0
18,16,0
19,28,1
20,34,2
21,42,1
22,49,2
23,41,1
24,53,1
25,73,4
26,77,4
27,108,2
28,138,7
29,183,4
30,210,7
31,218,22
32,313,17
33,390,14
34,481,18
35,561,19
36,702,26
37,889,39
38,1094,54
39,1236,59
40,1513,72
41,1697,94
42,2217,99
43,2565,127
44,3174,160
45,3683,176
46,4469,247
47,5275,289
48,6279,352
49,7600,409
50,9301,455
51,11070,585
52,12954,673
53,15699,824
54,18709,994
55,22695,1118
56,26919,1445
57,32174,1656
58,38367,1972
59,45401,2386
60,51887,2770
61,52093,2946
62,45901,2853
63,35062,2384
64,23664,1890
65,14786,1441
66,8352,971
67,4567,602
68,2338,386
69,1138,252
70,520,158
71,250,68
72,89,38
73,43,30
74,17,10
75,5,8
76,5,3
77,2,1
78,0,1
79,0,0
80,0,0
81,0,0
82,0,0
83,0,0
84,0,0
85,0,0
86,0,0
87,0,0
88,0,0
89,0,0
90,0,0
91,0,0
92,0,0
93,0,0
94,0,0
95,0,0
96,0,0
97,0,0
98,0,0
99,0,0
100,0,0
101,0,0
102,0,0
103,0,0
104,0,0
105,0,0
106,0,0
107,0,0
108,0,0
109,0,0
110,0,0
111,0,0
112,0,0
113,0,0
114,0,0
115,0,0
116,0,0
117,0,0
118,0,0
119,0,0
120,0,0
121,0,0
122,0,0
123,0,0
