1,1,0
2,0,0
3,0,0
4,0,0
5,0,0
6,0,0
7,0,0
8,1,0
9,0,0
10,0,0
11,3,0
12,0,0
13,4,0
14,7,0
15,4,0
16,4,0
17,6,0
18,6,0
19,3,0
20,5,0
21,7,0
22,12,1
23,16,0
24,20,3
25,20,1
26,22,0
27,34,4
28,36,1
29,43,2
30,37,2
31,40,4
32,49,4
33,89,5
34,70,7
35,80,4
36,110,9
37,119,7
38,150,4
39,164,11
40,200,13
41,240,13
42,299,9
43,336,19
44,374,28
45,493,20
46,485,32
47,617,34
48,755,56
49,877,62
50,1066,58
51,1248,63
52,1490,89
53,1784,86
54,2189,102
55,2484,120
56,3032,172
57,3679,191
58,4276,200
59,4993,284
60,5757,347
61,7066,385
62,8445,440
63,10277,549
64,12445,625
65,14734,754
66,17535,899
67,20866,1120
68,24632,1315
69,29866,1582
70,35440,1880
71,42602,2241
72,49096,2619
73,51590,2930
74,47611,2742
75,37413,2485
76,26408,2077
77,16727,1484
78,9628,1097
79,5307,732
80,2809,464
81,1371,246
82,670,168
83,284,96
84,125,52
85,45,22
86,22,15
87,11,12
88,2,6
89,1,0
90,0,1
91,0,0
92,0,0
93,0,0
94,0,0
95,0,0
96,0,0
97,0,0
98,0,0
99,0,0
100,0,0
101,0,0
102,0,0
103,0,0
104,0,0
105,0,0
106,0,0
107,0,0
108,0,0
109,0,0
110,0,0
111,0,0
112,0,0
113,0,0
114,0,0
115,0,0
116,0,0
117,0,0
118,0,0
119,0,0
120,0,0
121,0,0
122,0,0
123,0,0
