1,1,0
2,0,0
3,0,0
4,0,0
5,1,0
6,0,0
7,0,0
8,1,0
9,1,0
10,1,0
11,0,0
12,0,0
13,0,1
14,0,0
15,3,0
16,0,0
17,0,0
18,1,1
19,2,0
20,3,0
21,1,1
22,5,0
23,2,0
24,1,0
25,2,0
26,3,0
27,4,1
28,1,0
29,2,0
30,1,1
31,1,0
32,1,0
33,0,1
34,0,0
35,1,1
36,0,1
37,0,0
38,0,0
39,1,0
40,0,0
41,0,0
42,4,0
43,3,0
44,4,0
45,6,0
46,6,0
47,4,0
48,5,1
49,6,0
50,5,1
51,9,0
52,17,0
53,18,0
54,19,1
55,13,0
56,16,1
57,16,4
58,34,1
59,37,0
60,41,3
61,38,1
62,59,6
63,79,4
64,84,1
65,113,3
66,135,6
67,144,0
68,172,14
69,215,13
70,272,15
71,371,22
72,407,21
73,489,17
74,491,31
75,602,30
76,744,48
77,857,56
78,1020,48
79,1254,65
80,1455,91
81,1816,103
82,2054,116
83,2463,135
84,2825,165
85,3504,191
86,4073,233
87,4925,256
88,5925,304
89,6849,377
90,8403,428
91,10300,559
92,12293,624
93,14414,749
94,17375,902
95,20894,1048
96,25565,1301
97,30217,1502
98,36900,1940
99,43937,2192
100,51134,2593
101,53967,2871
102,49105,2780
103,38823,2551
104,27095,2093
105,17069,1526
106,10033,1058
107,5572,674
108,2779,434
109,1393,269
110,663,175
111,324,82
112,143,50
113,53,35
114,26,15
115,10,9
116,3,6
117,2,2
118,1,2
119,0,1
120,0,0
121,0,0
122,0,0
123,0,0
