1,1,0
2,0,0
3,0,0
4,4,0
5,5,0
6,0,0
7,4,0
8,6,0
9,5,0
10,2,0
11,6,1
12,9,1
13,15,1
14,13,0
15,10,1
16,15,1
17,9,0
18,21,1
19,18,1
20,25,3
21,19,2
22,17,5
23,20,2
24,21,5
25,27,7
26,37,3
27,37,3
28,50,4
29,67,1
30,67,3
31,82,6
32,72,6
33,95,5
34,95,9
35,134,5
36,157,11
37,199,12
38,215,14
39,263,17
40,300,20
41,366,25
42,401,30
43,471,29
44,578,22
45,682,36
46,917,39
47,1024,63
48,1184,64
49,1511,98
50,1746,90
51,1972,92
52,2416,114
53,2769,167
54,3439,164
55,4106,224
56,4846,271
57,5875,301
58,6895,387
59,8096,488
60,9898,540
61,11987,632
62,14205,715
63,16923,835
64,20208,1087
65,24111,1255
66,29237,1550
67,35602,1751
68,42684,2221
69,50018,2492
70,53845,2760
71,50525,2900
72,41054,2585
73,29420,2211
74,19376,1674
75,11362,1162
76,6170,808
77,3347,503
78,1646,314
79,754,187
80,399,99
81,164,67
82,87,25
83,33,20
84,13,5
85,3,6
86,1,2
87,1,1
88,0,1
89,1,0
90,0,0
91,0,0
92,0,0
93,0,0
94,0,0
95,0,0
96,0,0
97,0,0
98,0,0
99,0,0
100,0,0
101,0,0
102,0,0
103,0,0
104,0,0
105,0,0
106,0,0
107,0,0
108,0,0
109,0,0
110,0,0
111,0,0
112,0,0
113,0,0
114,0,0
115,0,0
116,0,0
117,0,0
118,0,0
119,0,0
120,0,0
121,0,0
122,0,0
123,0,0
