1,1,0
2,0,0
3,1,0
4,1,0
5,3,0
6,1,0
7,2,0
8,1,0
9,4,0
10,6,0
11,8,0
12,14,0
13,14,0
14,19,0
15,18,0
16,23,1
17,32,2
18,34,3
19,24,1
20,34,3
21,44,2
22,52,1
23,72,2
24,78,9
25,97,7
26,86,7
27,108,5
28,113,10
29,151,8
30,187,9
31,196,11
32,222,14
33,227,22
34,360,15
35,384,20
36,468,19
37,565,29
38,642,32
39,779,38
40,1000,42
41,1195,68
42,1419,81
43,1726,71
44,2112,96
45,2417,112
46,2883,156
47,3529,169
48,4024,226
49,4889,249
50,5932,308
51,6928,381
52,8170,462
53,9780,526
54,11781,599
55,14080,714
56,16973,909
57,20276,1023
58,24157,1221
59,28903,1527
60,34644,1807
61,41493,2195
62,48718,2527
63,52435,2847
64,49392,2839
65,39873,2714
66,28402,2146
67,18318,1623
68,11000,1179
69,6117,758
70,3162,498
71,1571,279
72,773,182
73,341,90
74,136,50
75,76,27
76,21,25
77,13,7
78,5,3
79,1,1
80,2,2
81,0,2
82,0,0
83,0,0
84,0,0
85,0,0
86,0,0
87,0,0
88,0,0
89,0,0
90,0,0
91,0,0
92,0,0
93,0,0
94,0,0
95,0,0
96,0,0
97,0,0
98,0,0
99,0,0
100,0,0
101,0,0
102,0,0
103,0,0
104,0,0
105,0,0
106,0,0
107,0,0
108,0,0
109,0,0
110,0,0
111,0,0
112,0,0
113,0,0
114,0,0
115,0,0
116,0,0
117,0,0
118,0,0
119,0,0
120,0,0
121,0,0
122,0,0
123,0,0
