1,1,0
2,0,0
3,0,0
4,0,0
5,0,0
6,0,0
7,1,0
8,0,0
9,0,0
10,1,0
11,0,0
12,1,0
13,0,0
14,0,0
15,1,0
16,0,0
17,2,1
18,2,0
19,0,0
20,2,1
21,4,1
22,1,1
23,2,0
24,5,0
25,6,2
26,1,0
27,4,0
28,6,0
29,7,0
30,4,0
31,4,0
32,5,0
33,7,0
34,5,1
35,4,2
36,12,0
37,15,1
38,19,2
39,24,1
40,20,2
41,30,1
42,45,1
43,44,1
44,89,4
45,86,1
46,146,4
47,150,3
48,184,5
49,198,6
50,265,9
51,308,22
52,358,24
53,434,20
54,462,33
55,570,30
56,683,35
57,790,53
58,974,49
59,1204,64
60,1283,80
61,1692,97
62,1948,95
63,2407,115
64,2757,161
65,3321,169
66,4104,191
67,4992,242
68,5931,303
69,6986,345
70,8573,410
71,10141,551
72,12062,563
73,14581,769
74,17288,904
75,20470,1047
76,24426,1337
77,29098,1475
78,34925,1903
79,41586,2233
80,50161,2648
81,56032,3001
82,56115,3094
83,48181,3003
84,36037,2475
85,24242,2039
86,14884,1498
