1,1,0
2,0,0
3,1,0
4,2,0
5,3,0
6,11,0
7,9,0
8,10,0
9,9,1
10,13,0
11,16,1
12,16,1
13,27,2
14,32,3
15,32,1
16,50,2
17,51,1
18,51,2
19,65,4
20,66,7
21,84,2
22,118,4
23,121,3
24,161,11
25,186,13
26,240,9
27,265,12
28,347,12
29,385,20
30,492,22
31,639,38
32,718,31
33,834,52
34,1061,49
35,1282,63
36,1539,80
37,1847,110
38,2267,94
39,2632,134
40,3209,164
41,3848,182
42,4641,232
43,5609,284
44,6832,375
45,8032,345
46,9972,461
47,11674,623
48,14147,714
49,16586,851
50,19886,1049
51,23941,1171
52,28687,1501
53,34427,1799
54,41106,2162
55,48333,2524
56,52668,2796
57,50427,2998
58,41991,2729
59,30227,2290
60,19678,1744
61,11893,1185
62,6510,790
63,3453,513
64,1789,324
65,831,177
66,406,114
67,161,61
68,70,26
69,32,12
70,15,8
71,7,3
72,3,0
73,1,2
74,0,0
75,1,0
76,0,0
77,0,0
78,0,0
79,0,0
80,0,0
81,0,0
82,0,0
83,0,0
84,0,0
85,0,0
86,0,0
