1,1,0
2,0,0
3,1,0
4,1,0
5,0,0
6,3,0
7,1,0
8,1,0
9,2,0
10,0,0
11,3,0
12,0,1
13,2,0
14,0,0
15,0,1
16,1,0
17,1,0
18,1,0
19,1,0
20,0,0
21,2,0
22,4,0
23,2,0
24,5,0
25,4,1
26,5,0
27,5,0
28,3,0
29,4,0
30,5,3
31,3,1
32,4,0
33,3,0
34,4,0
35,7,1
36,5,0
37,13,0
38,8,1
39,14,0
40,20,2
41,14,0
42,30,2
43,34,1
44,21,2
45,43,1
46,61,4
47,58,4
48,75,6
49,124,7
50,151,4
51,138,5
52,188,10
53,204,10
54,262,18
55,274,18
56,326,17
57,387,20
58,487,22
59,671,40
60,730,44
61,909,38
62,981,54
63,1214,56
64,1356,83
65,1680,99
66,1970,115
67,2383,126
68,2719,120
69,3229,207
70,3964,198
71,4670,246
72,5502,293
73,6814,352
74,8024,410
75,9608,509
76,11603,570
77,14009,725
78,16307,908
79,19616,973
80,23413,1220
81,27975,1416
82,33312,1675
83,40104,2067
84,48039,2433
85,56980,2863
86,68084,3538
