1,1,0
2,0,0
3,0,0
4,1,0
5,0,0
6,0,0
7,2,0
8,0,0
9,1,0
10,2,0
11,1,0
12,5,0
13,1,0
14,8,0
15,9,0
16,11,0
17,10,1
18,20,0
19,19,1
20,28,1
21,26,0
22,41,2
23,53,3
24,59,2
25,71,2
26,101,3
27,126,4
28,133,4
29,202,10
30,184,11
31,244,12
32,320,18
33,379,13
34,418,20
35,502,25
36,654,40
37,767,34
38,875,56
39,1136,51
40,1271,64
41,1572,92
42,1788,104
43,2206,113
44,2573,145
45,3081,171
46,3633,192
47,4404,244
48,5254,276
49,6225,361
50,7343,397
51,8795,496
52,10594,542
53,12809,679
54,15130,794
55,17963,915
56,21345,1107
57,26000,1457
58,30581,1622
59,36741,1913
60,43532,2279
61,49938,2725
62,51328,2857
63,45110,2836
64,35036,2534
65,23859,2023
66,15082,1458
67,8679,959
68,4751,648
69,2352,408
70,1133,230
71,565,134
72,283,52
73,128,31
74,37,19
75,18,16
76,9,5
77,3,5
78,2,2
79,0,0
80,0,0
81,0,0
82,0,0
83,0,0
84,0,0
85,0,0
86,0,0
