1,1,0
2,0,0
3,2,0
4,1,0
5,3,0
6,3,0
7,2,0
8,9,0
9,9,0
10,21,0
11,20,0
12,20,0
13,32,1
14,37,1
15,44,4
16,66,2
17,57,1
18,67,5
19,66,4
20,72,5
21,72,9
22,100,7
23,122,8
24,143,8
25,131,5
26,152,11
27,175,12
28,228,17
29,235,13
30,330,28
31,370,17
32,454,29
33,541,19
34,639,32
35,790,36
36,888,39
37,1154,67
38,1347,52
39,1497,84
40,1871,93
41,2318,118
42,2775,139
43,3237,164
44,4069,216
45,4905,252
46,5820,305
47,7052,364
48,8376,420
49,9905,493
50,11800,593
51,14633,742
52,17115,887
53,20518,1058
54,24077,1248
55,29174,1454
56,34943,1747
57,40959,2186
58,48187,2530
59,52153,2888
60,49188,2887
61,39623,2555
62,28315,2182
63,18457,1705
64,11025,1244
65,6117,794
66,3120,485
67,1619,273
68,781,177
69,359,104
70,154,45
71,76,42
72,29,16
73,8,3
74,6,7
75,2,5
76,0,2
77,0,1
78,0,0
79,0,0
80,0,0
81,0,0
82,0,0
83,0,0
84,0,0
85,0,0
86,0,0
