1,1,0
2,0,0
3,1,0
4,0,0
5,1,0
6,2,0
7,5,1
8,3,0
9,2,0
10,8,0
11,8,1
12,14,0
13,11,0
14,13,2
15,22,1
16,29,4
17,34,3
18,43,2
19,53,2
20,60,2
21,69,3
22,49,6
23,70,6
24,76,8
25,84,8
26,112,7
27,143,7
28,124,12
29,172,6
30,205,11
31,226,10
32,289,21
33,303,18
34,362,17
35,427,31
36,488,25
37,597,42
38,690,33
39,852,50
40,970,55
41,1142,72
42,1449,71
43,1777,85
44,2057,96
45,2586,116
46,2953,159
47,3533,177
48,4184,211
49,5222,265
50,6067,325
51,7263,385
52,8838,432
53,10390,519
54,12269,680
55,14577,758
56,17534,949
57,20905,1041
58,24935,1336
59,29725,1613
60,35375,1848
61,42391,2276
62,49514,2672
63,51942,2870
64,47433,2905
65,37824,2436
66,26477,2135
67,17017,1528
68,10016,1037
69,5546,723
70,2767,437
71,1410,290
72,670,170
73,284,73
74,144,48
75,62,31
76,33,17
77,6,7
78,4,3
79,0,0
80,0,1
81,1,1
82,1,0
83,0,0
84,0,0
85,0,0
86,0,0
