1,1,0
2,0,0
3,0,0
4,0,0
5,0,0
6,0,0
7,0,0
8,0,0
9,2,0
10,0,0
11,4,0
12,7,0
13,13,0
14,21,1
15,11,1
16,8,0
17,6,1
18,8,4
19,9,1
20,12,1
21,8,2
22,10,2
23,12,1
24,13,1
25,10,2
26,16,0
27,26,3
28,27,0
29,43,1
30,49,3
31,65,0
32,66,7
33,84,4
34,98,4
35,142,8
36,170,7
37,183,5
38,226,10
39,272,10
40,297,22
41,402,28
42,473,19
43,545,35
44,664,33
45,781,39
46,868,40
47,1095,54
48,1307,80
49,1605,69
50,2003,99
51,2255,102
52,2593,158
53,3137,148
54,3767,201
55,4457,238
56,5387,269
57,6259,326
58,7606,405
59,9347,453
60,11063,580
61,13239,654
62,15558,822
63,18719,1013
64,22358,1139
65,26353,1431
66,31392,1645
67,37600,1940
68,44426,2379
69,49961,2692
70,49452,2929
71,42415,2783
72,32415,2385
73,22038,1863
74,13423,1329
75,7719,882
76,4094,575
77,2051,334
78,1041,213
79,450,136
80,217,60
81,67,33
82,44,24
83,15,19
84,4,4
85,5,3
86,1,1
