1,1,0
2,0,0
3,0,0
4,0,0
5,1,0
6,1,0
7,1,1
8,1,0
9,6,0
10,2,0
11,3,0
12,6,1
13,2,0
14,3,0
15,3,0
16,1,0
17,8,0
18,6,0
19,22,1
20,18,0
21,23,1
22,17,3
23,21,1
24,35,3
25,38,4
26,50,1
27,48,2
28,61,4
29,94,3
30,118,3
31,167,4
32,193,6
33,204,12
34,273,9
35,361,12
36,407,15
37,512,28
38,536,19
39,690,26
40,775,43
41,931,59
42,1020,57
43,1281,80
44,1485,86
45,1789,120
46,2106,133
47,2677,118
48,3079,166
49,3811,205
50,4553,220
51,5343,254
52,6553,315
53,7943,383
54,9133,470
55,11302,572
56,13292,674
57,15834,834
58,18937,1040
59,22841,1189
60,27357,1383
61,32848,1672
62,39381,2050
63,46344,2359
64,53046,2810
65,52575,2905
66,45549,2751
67,34094,2509
68,22848,1868
69,13975,1349
70,7995,985
71,4307,585
72,2213,334
73,1005,216
74,468,121
75,235,71
76,96,30
77,39,19
78,22,8
79,9,7
80,1,1
81,2,2
82,0,1
83,1,0
84,0,0
85,0,0
86,0,0
