1,1,0
2,0,0
3,0,0
4,0,0
5,0,0
6,4,0
7,1,0
8,2,0
9,2,0
10,6,0
11,2,0
12,8,0
13,8,0
14,11,0
15,7,0
16,19,0
17,22,1
18,13,0
19,21,1
20,24,1
21,25,3
22,34,1
23,31,4
24,29,3
25,38,2
26,61,4
27,61,2
28,94,4
29,133,4
30,154,8
31,200,6
32,220,2
33,243,10
34,287,16
35,384,25
36,415,31
37,559,28
38,615,33
39,796,45
40,881,52
41,987,58
42,1209,69
43,1433,76
44,1904,89
45,2174,116
46,2575,129
47,3176,161
48,3856,195
49,4428,233
50,5506,277
51,6334,331
52,7623,379
53,9056,470
54,10852,585
55,12983,665
56,15662,865
57,18613,951
58,22349,1125
59,26688,1304
60,31664,1638
61,38183,1936
62,44994,2462
63,50967,2676
64,51513,2907
65,45312,2751
66,34556,2477
67,23796,1863
68,14428,1439
69,8316,985
70,4421,614
71,2368,415
72,1079,239
73,498,131
74,255,95
75,105,34
76,36,15
77,18,11
78,9,6
79,6,5
80,1,2
81,0,0
82,1,1
83,0,1
84,0,0
85,0,0
86,0,0
