1,1,0
2,0,0
3,0,0
4,0,0
5,0,0
6,0,0
7,0,0
8,0,0
9,1,0
10,1,0
11,0,0
12,0,0
13,1,0
14,1,0
15,0,0
16,3,0
17,2,0
18,6,0
19,6,0
20,15,0
21,18,1
22,31,1
23,35,0
24,41,1
25,49,1
26,55,0
27,79,1
28,104,2
29,93,7
30,143,1
31,205,12
32,220,9
33,281,6
34,303,15
35,412,20
36,497,22
37,649,27
38,688,24
39,797,43
40,935,53
41,1161,74
42,1313,74
43,1593,96
44,1952,94
45,2199,112
46,2645,143
47,3207,176
48,3712,220
49,4705,239
50,5413,305
51,6640,379
52,7724,397
53,9217,506
54,11305,589
55,13387,670
56,16117,836
57,19082,1019
58,22801,1144
59,27469,1429
60,32754,1733
61,39387,1983
62,46512,2451
63,52061,2783
64,51722,2850
65,43299,2759
66,32381,2348
67,21641,1885
68,13018,1304
69,7430,862
70,3984,563
71,1943,361
72,936,201
73,429,103
74,205,72
75,88,25
76,31,17
77,18,16
78,8,4
79,1,2
80,2,4
81,1,0
82,0,0
83,0,0
84,0,0
85,0,0
86,0,0
