1,1,0
2,0,0
3,0,0
4,0,0
5,1,0
6,1,0
7,3,0
8,1,0
9,1,0
10,4,0
11,4,0
12,2,0
13,1,0
14,1,0
15,5,0
16,3,1
17,2,0
18,4,0
19,5,0
20,8,0
21,6,1
22,14,0
23,19,0
24,12,1
25,17,1
26,18,1
27,21,2
28,13,1
29,38,6
30,24,4
31,45,4
32,59,1
33,72,4
34,85,2
35,92,5
36,125,4
37,146,8
38,160,10
39,181,7
40,209,11
41,238,17
42,281,20
43,329,22
44,378,20
45,491,36
46,533,35
47,589,32
48,691,49
49,771,52
50,1011,47
51,1183,74
52,1413,92
53,1704,101
54,1989,113
55,2618,121
56,3114,140
57,3635,179
58,4212,196
59,5069,296
60,6312,301
61,7407,361
62,8723,473
63,10343,520
64,12516,661
65,14896,776
66,17742,950
67,21088,1075
68,25280,1289
69,30039,1603
70,35942,1853
71,42918,2315
72,49744,2600
73,51266,2900
74,46280,2770
75,36245,2455
76,25064,2037
77,16022,1488
78,9281,986
79,5039,706
80,2493,386
81,1280,271
82,574,139
83,263,80
84,114,51
85,54,18
86,21,8
