1,1,0
2,0,0
3,0,0
4,1,0
5,2,0
6,4,0
7,9,0
8,11,0
9,10,1
10,8,1
11,17,0
12,18,1
13,26,2
14,27,0
15,39,2
16,41,1
17,64,4
18,60,3
19,79,3
20,82,7
21,95,8
22,124,5
23,136,12
24,161,6
25,210,10
26,199,11
27,262,16
28,335,18
29,375,25
30,445,19
31,534,28
32,647,30
33,805,39
34,956,46
35,1135,57
36,1358,69
37,1659,101
38,1956,99
39,2301,107
40,2758,138
41,3376,188
42,3975,212
43,4806,258
44,5762,293
45,6950,339
46,8118,463
47,9867,492
48,11675,602
49,13946,730
50,16493,876
51,19912,996
52,23384,1286
53,27939,1450
54,33558,1817
55,40167,2043
56,47171,2444
57,51476,2848
58,49081,2864
59,40518,2688
60,29509,2199
61,19162,1647
62,11594,1198
63,6347,799
64,3334,471
65,1709,306
66,716,174
67,356,108
68,176,60
69,71,47
70,35,25
71,8,8
72,4,1
73,4,2
74,0,0
75,0,0
76,0,1
77,0,0
78,0,1
79,0,0
80,0,0
81,0,0
82,0,0
83,0,0
84,0,0
85,0,0
86,0,0
