1,1,0
2,0,0
3,0,0
4,0,0
5,0,0
6,0,0
7,1,0
8,0,0
9,1,0
10,1,0
11,0,0
12,2,0
13,4,0
14,3,0
15,2,0
16,1,0
17,4,0
18,5,0
19,7,1
20,11,0
21,6,0
22,9,0
23,5,1
24,8,0
25,15,0
26,13,1
27,34,0
28,21,2
29,31,0
30,28,2
31,41,1
32,49,7
33,63,4
34,65,3
35,70,1
36,89,5
37,96,3
38,102,6
39,123,10
40,144,9
41,180,17
42,212,14
43,274,11
44,332,13
45,337,22
46,414,18
47,517,26
48,562,41
49,619,42
50,862,38
51,1048,48
52,1129,54
53,1368,60
54,1690,100
55,2071,108
56,2428,138
57,2788,124
58,3320,177
59,4044,227
60,4661,255
61,5516,292
62,6677,377
63,7926,417
64,9642,513
65,11281,591
66,13898,713
67,16659,807
68,19843,1026
69,23552,1203
70,27858,1436
71,33679,1741
72,40351,2154
73,47809,2466
74,52105,2849
75,50070,2855
76,41649,2612
77,29851,2232
78,19716,1679
79,11746,1250
80,6483,786
81,3480,505
82,1716,307
83,857,200
84,375,104
85,187,55
86,71,33
