1,1,0
2,0,0
3,0,0
4,0,0
5,0,0
6,1,0
7,1,0
8,1,0
9,1,0
10,8,0
11,5,0
12,9,1
13,23,0
14,29,1
15,43,0
16,46,2
17,39,0
18,60,2
19,61,5
20,84,4
21,79,8
22,110,4
23,123,5
24,126,9
25,131,7
26,153,8
27,211,8
28,209,10
29,254,12
30,328,27
31,435,24
32,486,26
33,555,30
34,665,31
35,871,35
36,976,53
37,1179,67
38,1366,72
39,1570,74
40,1916,108
41,2361,113
42,2897,135
43,3490,179
44,4193,211
45,4997,228
46,6027,291
47,7178,363
48,8611,442
49,10196,499
50,11964,625
51,14436,736
52,17329,898
53,20612,1088
54,24332,1303
55,29220,1482
56,35067,1802
57,42293,2235
58,49278,2615
59,53301,2795
60,49604,2959
61,40522,2574
62,29719,2128
63,19089,1598
64,11050,1108
65,6325,784
66,3297,498
67,1600,282
68,788,213
69,373,84
70,129,59
71,73,27
72,32,12
73,8,5
74,2,6
75,2,3
76,2,1
77,0,0
78,0,0
79,0,0
80,0,0
81,0,0
82,0,0
83,0,0
84,0,0
85,0,0
86,0,0
