1,1,0
2,0,0
3,1,0
4,2,0
5,2,0
6,2,0
7,2,0
8,6,0
9,6,0
10,10,0
11,6,0
12,3,0
13,8,0
14,12,1
15,13,1
16,17,3
17,19,5
18,36,2
19,43,2
20,44,2
21,54,3
22,71,3
23,104,7
24,122,5
25,127,1
26,180,7
27,215,7
28,226,5
29,307,11
30,348,23
31,393,15
32,442,28
33,547,23
34,649,31
35,767,38
36,953,59
37,1151,65
38,1311,71
39,1626,98
40,1908,92
41,2281,131
42,2803,121
43,3410,173
44,4077,199
45,4881,209
46,5950,297
47,7198,345
48,8555,412
49,10099,524
50,12268,569
51,14614,740
52,17473,860
53,20756,1081
54,25013,1253
55,30061,1485
56,35551,1839
57,42624,2198
58,49216,2640
59,52642,2862
60,48610,2837
61,39703,2609
62,27828,2172
63,17867,1652
64,10621,1123
65,5843,699
66,3013,481
67,1501,293
68,684,158
69,350,105
70,141,41
71,61,21
72,32,19
73,9,5
74,4,4
75,2,1
76,1,0
77,0,0
78,0,0
79,0,0
80,0,0
81,0,0
82,0,0
83,0,0
84,0,0
85,0,0
86,0,0
