1,1,0
2,0,0
3,0,0
4,3,0
5,0,0
6,5,0
7,5,0
8,2,0
9,5,1
10,2,0
11,6,0
12,14,1
13,14,0
14,17,0
15,12,2
16,10,1
17,9,2
18,5,0
19,10,2
20,14,3
21,22,0
22,23,3
23,39,3
24,37,2
25,23,1
26,40,2
27,56,5
28,74,6
29,86,1
30,90,6
31,91,2
32,139,8
33,165,9
34,176,12
35,227,15
36,308,15
37,297,22
38,372,23
39,432,33
40,559,22
41,687,35
42,843,39
43,988,37
44,1219,46
45,1499,78
46,1734,80
47,2218,110
48,2630,114
49,3228,168
50,3934,184
51,4713,238
52,5455,296
53,6513,325
54,7534,378
55,9354,493
56,11159,617
57,13584,759
58,16127,814
59,19550,981
60,23702,1181
61,28299,1400
62,33844,1678
63,40466,2070
64,48489,2440
65,54353,2860
66,52436,2962
67,44681,2750
68,33118,2353
69,21892,1855
70,13506,1381
71,7501,917
72,4005,550
73,2084,360
