1,1,0
2,0,0
3,1,0
4,1,0
5,15,0
6,8,1
7,13,0
8,24,0
9,31,0
10,55,0
11,56,3
12,104,2
13,82,2
14,107,3
15,120,10
16,126,7
17,165,7
18,192,12
19,186,19
20,245,9
21,302,15
22,366,23
23,450,27
24,553,33
25,624,33
26,730,40
27,826,45
28,1024,67
29,1228,65
30,1416,86
31,1839,104
32,2190,106
33,2508,129
34,2934,164
35,3474,198
36,4212,211
37,4861,271
38,5991,319
39,6976,382
40,8372,467
41,10078,545
42,11998,644
43,14970,762
44,17628,879
45,21458,1072
46,25722,1257
47,30526,1575
48,36700,1880
49,44019,2220
50,51150,2745
51,53763,2906
52,48903,2845
53,38594,2541
54,26763,2026
55,17038,1562
56,10097,1055
57,5390,732
58,2835,463
59,1441,279
60,614,157
61,314,107
62,133,58
63,66,28
64,18,16
65,12,4
66,1,2
67,3,1
68,0,0
69,0,0
70,0,0
71,0,0
72,0,0
73,0,0
