1,1,0
2,0,0
3,0,0
4,1,0
5,8,0
6,6,0
7,2,0
8,8,0
9,7,0
10,11,0
11,9,0
12,17,1
13,17,1
14,29,0
15,19,0
16,26,4
17,32,4
18,36,1
19,24,1
20,23,3
21,39,3
22,44,2
23,44,2
24,49,1
25,62,3
26,74,4
27,101,6
28,94,7
29,127,7
30,154,10
31,183,13
32,206,13
33,230,19
34,285,16
35,372,17
36,379,16
37,469,24
38,622,33
39,723,39
40,902,49
41,1092,54
42,1289,48
43,1496,86
44,1859,88
45,2240,117
46,2610,136
47,3215,167
48,3880,182
49,4477,226
50,5344,260
51,6365,335
52,7489,398
53,9047,511
54,10759,563
55,13087,653
56,15628,803
57,18193,939
58,22353,1105
59,26253,1426
60,31554,1594
61,37831,1942
62,45070,2299
63,51888,2642
64,53188,2905
65,47200,2842
66,36141,2478
67,24977,1994
68,15722,1454
69,9067,970
70,4784,659
71,2513,405
72,1233,247
73,600,144
