1,1,0
2,0,0
3,0,0
4,6,0
5,2,0
6,3,0
7,5,0
8,7,0
9,7,1
10,3,1
11,10,1
12,10,1
13,15,2
14,11,0
15,12,2
16,11,0
17,19,1
18,20,2
19,23,1
20,31,5
21,44,3
22,43,5
23,55,0
24,66,1
25,85,6
26,105,4
27,98,4
28,138,9
29,163,12
30,180,12
31,202,7
32,231,12
33,287,19
34,337,11
35,338,26
36,476,20
37,556,28
38,702,37
39,810,38
40,936,49
41,1114,58
42,1374,70
43,1629,85
44,1988,111
45,2382,125
46,2799,150
47,3294,183
48,4090,212
49,4852,254
50,5884,292
51,6879,361
52,8180,437
53,9560,506
54,11578,599
55,13936,732
56,16679,892
57,20193,1038
58,24119,1216
59,28940,1503
60,34649,1790
61,41436,2106
62,48533,2578
63,52399,2836
64,49152,2832
65,39835,2659
66,28165,2177
67,18275,1597
68,10872,1195
69,5922,803
70,3164,470
71,1616,338
72,711,168
73,347,100
