1,1,0
2,0,0
3,0,0
4,2,0
5,4,0
6,4,0
7,8,0
8,3,0
9,4,0
10,6,0
11,7,0
12,12,1
13,21,0
14,27,2
15,23,1
16,38,0
17,43,4
18,53,6
19,42,1
20,59,6
21,63,5
22,74,7
23,93,7
24,126,12
25,132,4
26,158,11
27,162,6
28,198,8
29,234,14
30,323,8
31,377,31
32,437,32
33,506,30
34,606,30
35,716,47
36,866,56
37,972,58
38,1197,71
39,1435,71
40,1852,89
41,2333,121
42,2712,144
43,3327,149
44,3919,198
45,4779,223
46,5721,294
47,6764,357
48,8035,426
49,9683,480
50,11650,626
51,14074,699
52,16519,826
53,19789,1063
54,23646,1180
55,28633,1480
56,33928,1677
57,40464,2106
58,47848,2557
59,52522,2791
60,50705,2986
61,42827,2733
62,31158,2311
63,20497,1703
64,12334,1288
65,6943,844
66,3708,572
67,1819,351
68,937,200
69,404,103
70,215,52
71,85,48
72,27,14
73,12,7
