1,1,0
2,0,0
3,0,0
4,0,0
5,1,0
6,3,0
7,3,0
8,1,0
9,3,0
10,0,0
11,0,1
12,4,0
13,4,0
14,3,0
15,2,0
16,16,0
17,22,0
18,34,0
19,48,0
20,41,2
21,44,3
22,54,1
23,53,2
24,76,5
25,87,4
26,109,4
27,103,5
28,154,8
29,176,9
30,194,17
31,202,16
32,301,15
33,296,21
34,360,20
35,416,26
36,535,21
37,603,27
38,724,44
39,857,49
40,1027,66
41,1300,68
42,1595,69
43,1848,94
44,2288,121
45,2644,132
46,3114,168
47,3693,190
48,4523,242
49,5268,294
50,6296,329
51,7437,406
52,8938,469
53,10794,579
54,12744,658
55,15376,807
56,18253,927
57,21419,1202
58,25943,1345
59,31165,1606
60,37088,1958
61,43745,2281
62,50402,2631
63,51781,2951
64,46182,2834
65,35678,2442
66,24629,1926
67,15444,1415
68,8933,1015
69,4840,625
70,2513,416
71,1170,222
72,590,135
73,260,70
