1,1,0
2,0,0
3,0,0
4,1,0
5,3,0
6,9,0
7,4,0
8,6,0
9,6,0
10,9,2
11,12,1
12,13,0
13,22,1
14,36,2
15,33,0
16,46,2
17,65,1
18,89,3
19,103,5
20,129,4
21,133,6
22,164,3
23,198,5
24,229,13
25,314,15
26,298,18
27,403,21
28,528,32
29,640,37
30,783,27
31,906,37
32,1007,44
33,1247,59
34,1439,85
35,1691,98
36,2059,99
37,2410,144
38,2975,150
39,3674,195
40,4304,230
41,5096,277
42,6185,311
43,7413,350
44,8769,410
45,10614,559
46,12972,661
47,15438,746
48,18490,994
49,22066,1174
50,26283,1379
51,31555,1570
52,37718,1937
53,44874,2260
54,51319,2711
55,52403,2980
56,46686,2741
57,35681,2430
58,24509,1938
59,15127,1512
60,8831,1058
61,4760,626
62,2434,399
63,1222,235
64,563,154
65,256,77
66,115,51
67,56,24
68,18,7
69,11,7
70,5,2
71,0,1
72,0,0
73,1,1
