1,1,0
2,0,0
3,0,0
4,0,0
5,2,0
6,0,0
7,2,0
8,7,0
9,9,0
10,9,1
11,11,0
12,10,3
13,8,2
14,18,0
15,14,1
16,18,0
17,18,0
18,39,4
19,46,2
20,53,3
21,58,3
22,83,3
23,116,3
24,115,3
25,128,7
26,193,10
27,198,13
28,183,9
29,280,14
30,359,20
31,361,19
32,466,23
33,548,28
34,718,24
35,801,35
36,996,53
37,1206,64
38,1460,76
39,1696,82
40,2133,96
41,2380,121
42,2824,139
43,3476,197
44,4108,224
45,4959,251
46,5716,303
47,6931,334
48,8263,424
49,9657,507
50,11712,640
51,13986,719
52,16607,868
53,19792,1035
54,23559,1297
55,28261,1461
56,33480,1757
57,39554,2176
58,46969,2469
59,51390,2725
60,49201,2872
61,40646,2751
62,29223,2158
63,18997,1682
64,11480,1193
65,6345,850
66,3456,547
67,1706,309
68,836,147
69,414,108
70,167,60
71,75,31
72,32,20
73,12,4
