1,1,0
2,0,0
3,2,0
4,0,0
5,2,0
6,0,0
7,2,0
8,0,0
9,1,0
10,0,0
11,0,0
12,0,0
13,0,0
14,0,0
15,1,0
16,0,0
17,0,0
18,0,0
19,0,0
20,1,0
21,0,0
22,0,0
23,1,0
24,1,0
25,3,0
26,1,0
27,1,0
28,6,0
29,6,0
30,9,0
31,6,0
32,10,1
33,9,1
34,8,0
35,27,0
36,23,0
37,31,0
38,34,2
39,38,2
40,56,1
41,60,4
42,81,4
43,82,5
44,81,8
45,106,2
46,144,5
47,187,8
48,221,12
49,298,7
50,344,12
51,437,19
52,511,22
53,662,27
54,786,32
55,925,33
56,1160,60
57,1374,66
58,1564,96
59,1868,110
60,2305,117
61,2796,158
62,3362,157
63,3909,209
64,4692,229
65,5630,295
66,6857,353
67,8219,451
68,9741,475
69,11636,579
70,13814,727
71,16611,870
72,19828,1056
73,23771,1241
