1,1,0
2,0,0
3,0,0
4,1,0
5,1,0
6,0,0
7,3,0
8,0,0
9,5,0
10,3,0
11,4,0
12,4,0
13,5,0
14,2,1
15,4,0
16,1,0
17,3,0
18,3,0
19,3,1
20,2,0
21,4,0
22,3,0
23,1,1
24,3,0
25,3,2
26,4,0
27,9,0
28,5,0
29,10,1
30,14,0
31,16,2
32,16,0
33,22,1
34,32,0
35,26,3
36,29,2
37,45,0
38,48,2
39,60,5
40,74,4
41,120,5
42,113,2
43,154,5
44,174,12
45,190,5
46,208,13
47,262,16
48,296,16
49,327,21
50,463,19
51,569,36
52,613,26
53,720,47
54,853,55
55,1058,58
56,1269,66
57,1585,96
58,1771,86
59,2192,103
60,2554,129
61,2993,162
62,3539,166
63,4255,219
64,5095,271
65,6266,346
66,7457,391
67,8901,454
68,10776,585
69,12769,643
70,15454,776
71,18193,914
72,21729,1097
73,26291,1335
