1,1,0
2,0,0
3,0,0
4,2,0
5,0,0
6,0,0
7,4,0
8,2,0
9,1,0
10,2,0
11,1,0
12,0,0
13,1,0
14,6,0
15,4,0
16,1,1
17,2,0
18,1,1
19,0,0
20,2,0
21,2,0
22,3,0
23,5,0
24,10,1
25,10,0
26,6,2
27,9,0
28,16,1
29,20,2
30,12,0
31,19,2
32,8,5
33,18,4
34,13,3
35,26,1
36,24,1
37,27,0
38,26,2
39,40,4
40,63,5
41,65,4
42,52,7
43,76,5
44,103,5
45,126,5
46,164,8
47,193,10
48,237,11
49,284,19
50,345,22
51,387,14
52,500,21
53,578,30
54,686,40
55,807,44
56,950,67
57,1133,50
58,1389,54
59,1684,87
60,2036,89
61,2464,115
62,2953,123
63,3475,165
64,4261,224
65,5028,259
66,6086,311
67,7418,366
68,8850,460
69,10431,531
70,12852,658
71,15401,798
72,18312,926
73,21960,1137
