1,1,0
2,0,0
3,0,0
4,0,0
5,1,0
6,0,0
7,0,0
8,1,0
9,0,0
10,6,1
11,1,0
12,3,0
13,10,0
14,10,0
15,15,0
16,20,0
17,34,2
18,42,1
19,47,2
20,34,1
21,53,5
22,56,3
23,70,6
24,77,4
25,115,6
26,118,6
27,123,10
28,117,11
29,176,8
30,179,9
31,238,17
32,319,20
33,315,26
34,415,18
35,484,26
36,587,25
37,745,42
38,876,54
39,980,54
40,1160,58
41,1418,67
42,1624,88
43,2104,106
44,2333,124
45,2879,142
46,3377,183
47,3973,232
48,4879,262
49,5808,288
50,7056,310
51,8315,426
52,9955,548
53,11953,589
54,14102,742
55,16877,892
56,20247,1107
57,24488,1239
58,29088,1472
59,35136,1756
60,41783,2160
61,49186,2521
62,52584,2902
63,49355,2914
64,40400,2670
65,28808,2177
66,18625,1622
67,11202,1201
68,5998,792
69,3303,525
70,1634,327
71,738,177
72,340,108
73,165,55
