1,1,0
2,0,0
3,1,0
4,0,0
5,0,0
6,0,0
7,1,0
8,0,0
9,2,0
10,12,0
11,11,0
12,21,1
13,12,0
14,18,1
15,16,0
16,27,2
17,18,4
18,23,4
19,35,1
20,40,1
21,38,1
22,40,7
23,43,2
24,40,4
25,57,7
26,57,5
27,92,6
28,111,4
29,115,7
30,140,10
31,158,14
32,244,10
33,275,10
34,304,12
35,357,24
36,417,32
37,476,31
38,613,30
39,774,40
40,871,41
41,1029,53
42,1292,44
43,1543,82
44,1770,95
45,2190,101
46,2727,116
47,3196,152
48,3777,205
49,4626,246
50,5616,252
51,6748,336
52,7975,431
53,9510,476
54,11449,600
55,13730,707
56,16382,867
57,20159,971
58,23667,1229
59,28111,1492
60,33798,1787
61,40299,2150
62,47397,2525
63,51533,2832
64,49085,2857
65,40813,2753
66,29361,2228
67,19143,1707
68,11620,1228
69,6685,830
70,3357,491
71,1680,304
72,857,186
73,357,109
