1,1,0
2,0,0
3,1,0
4,0,0
5,0,0
6,0,0
7,2,0
8,0,0
9,2,0
10,6,0
11,5,0
12,11,0
13,17,0
14,9,1
15,17,0
16,26,1
17,24,1
18,39,1
19,44,2
20,74,4
21,74,3
22,101,5
23,110,4
24,126,7
25,161,9
26,182,10
27,204,18
28,208,11
29,277,19
30,332,27
31,393,20
32,488,16
33,563,25
34,679,35
35,791,40
36,959,55
37,1105,70
38,1259,69
39,1522,97
40,1829,120
41,2279,122
42,2780,132
43,3235,153
44,4210,204
45,4910,245
46,5968,280
47,6933,304
48,8368,424
49,10095,476
50,12025,614
51,14648,741
52,17379,905
53,20957,1046
54,24755,1282
55,29611,1487
56,35133,1859
57,42096,2138
58,49278,2583
59,53110,2860
60,49696,3020
61,40588,2713
62,29439,2190
63,18872,1717
64,11351,1209
65,6112,722
66,3305,470
67,1594,299
68,785,177
69,335,111
70,162,51
71,72,26
72,33,17
73,15,6
