1,1,0
2,0,0
3,0,0
4,2,0
5,4,0
6,2,0
7,3,0
8,2,0
9,2,0
10,1,0
11,0,0
12,2,1
13,1,0
14,0,0
15,5,0
16,1,0
17,1,0
18,1,0
19,1,0
20,0,1
21,4,0
22,2,0
23,2,0
24,3,0
25,3,0
26,1,0
27,0,0
28,1,1
29,2,1
30,1,1
31,3,1
32,3,0
33,6,0
34,5,1
35,12,0
36,20,1
37,20,1
38,28,0
39,35,0
40,45,2
41,54,1
42,65,2
43,79,2
44,106,3
45,94,6
46,103,6
47,109,7
48,116,15
49,156,15
50,195,17
51,194,11
52,266,17
53,305,14
54,386,24
55,422,24
56,488,24
57,604,29
58,732,30
59,860,58
60,990,60
61,1267,69
62,1509,66
63,1836,89
64,2228,95
65,2649,135
66,3113,180
67,3651,186
68,4502,240
69,5615,259
70,6651,315
71,8091,394
72,9386,459
73,11047,544
74,13304,672
75,16024,815
76,19188,1009
77,23041,1154
78,27904,1411
79,33380,1612
80,39837,2056
81,47518,2432
82,52729,2729
83,51647,2940
84,44152,2781
85,32821,2286
86,21805,1849
87,13132,1303
88,7516,910
89,3912,542
90,2001,360
91,988,215
92,444,111
93,178,67
94,86,32
95,39,20
96,18,13
97,3,3
98,1,1
99,0,4
100,0,0
101,0,0
102,0,0
103,0,0
104,0,0
105,0,0
106,0,0
107,0,0
108,0,0
