1,1,0
2,0,0
3,0,0
4,0,0
5,1,0
6,0,0
7,0,0
8,0,0
9,3,0
10,0,0
11,0,0
12,3,0
13,7,0
14,1,0
15,0,1
16,0,0
17,4,1
18,4,0
19,4,1
20,7,1
21,9,0
22,9,0
23,8,0
24,12,1
25,21,0
26,22,0
27,19,1
28,19,1
29,28,3
30,22,3
31,41,2
32,19,4
33,31,2
34,42,2
35,48,4
36,44,0
37,51,0
38,77,6
39,70,6
40,109,6
41,108,6
42,128,6
43,140,15
44,179,12
45,240,12
46,235,12
47,275,16
48,333,20
49,397,23
50,477,23
51,541,27
52,701,28
53,805,40
54,990,51
55,1179,54
56,1335,77
57,1582,91
58,1866,96
59,2173,123
60,2650,151
61,3236,180
62,3956,203
63,4644,253
64,5676,300
65,6553,341
66,7790,394
67,9245,527
68,11127,607
69,13266,670
70,16309,854
71,19529,954
72,23817,1237
73,28562,1433
74,34344,1704
75,40785,2071
76,49016,2482
77,54130,2862
78,52757,2876
79,44317,2760
80,32326,2351
81,21228,1762
82,12956,1261
83,7453,893
84,3895,566
85,1920,341
86,914,199
87,415,111
88,206,59
89,88,34
90,22,14
91,14,13
92,7,13
93,1,2
94,2,3
95,2,0
96,0,0
97,0,0
98,0,0
99,0,0
100,0,0
101,0,0
102,0,0
103,0,0
104,0,0
105,0,0
106,0,0
107,0,0
108,0,0
