1,1,0
2,0,0
3,0,0
4,1,0
5,3,0
6,3,0
7,3,0
8,5,0
9,5,1
10,13,0
11,21,1
12,18,0
13,18,0
14,37,1
15,43,2
16,43,0
17,62,5
18,63,4
19,87,2
20,86,4
21,87,8
22,99,13
23,137,15
24,140,12
25,178,12
26,189,7
27,242,13
28,285,25
29,348,16
30,480,21
31,543,28
32,655,35
33,804,45
34,940,50
35,1153,51
36,1411,72
37,1716,74
38,2027,93
39,2425,132
40,2997,143
41,3594,205
42,4224,198
43,5030,295
44,6060,293
45,7258,359
46,8593,470
47,10551,527
48,12127,632
49,14522,768
50,17471,964
51,20816,1046
52,24700,1279
53,29613,1534
54,35060,1818
55,42118,2187
56,49015,2511
57,52657,2977
58,48167,2857
59,39155,2588
60,27538,2180
61,17447,1542
62,10624,1153
63,5725,723
64,2885,480
65,1474,291
66,729,164
67,328,88
68,151,43
69,66,20
70,27,16
71,18,5
72,3,6
73,2,2
74,1,1
75,1,0
76,0,1
77,0,0
78,0,0
79,0,0
80,0,0
81,0,0
82,0,0
83,0,0
84,0,0
85,0,0
86,0,0
87,0,0
88,0,0
89,0,0
90,0,0
91,0,0
92,0,0
93,0,0
94,0,0
95,0,0
96,0,0
97,0,0
98,0,0
99,0,0
100,0,0
101,0,0
102,0,0
103,0,0
104,0,0
105,0,0
106,0,0
107,0,0
108,0,0
