1,1,0
2,0,0
3,1,0
4,0,0
5,0,0
6,0,0
7,0,0
8,1,0
9,0,0
10,1,0
11,0,0
12,1,0
13,2,0
14,1,0
15,4,0
16,1,0
17,2,0
18,2,0
19,1,0
20,5,2
21,8,0
22,6,0
23,15,0
24,10,0
25,7,1
26,5,0
27,8,0
28,8,1
29,4,0
30,7,0
31,5,0
32,8,2
33,5,2
34,9,1
35,12,0
36,15,1
37,11,1
38,16,3
39,16,2
40,11,2
41,14,0
42,11,2
43,12,0
44,22,1
45,19,0
46,14,0
47,20,1
48,31,2
49,13,1
50,31,4
51,38,4
52,56,2
53,52,1
54,87,3
55,118,6
56,114,4
57,142,6
58,183,3
59,235,7
60,283,11
61,355,15
62,359,13
63,492,22
64,576,33
65,647,29
66,787,48
67,898,58
68,1080,59
69,1258,65
70,1588,93
71,1930,104
72,2232,119
73,2640,145
74,3156,154
75,3784,198
76,4321,223
77,5359,279
78,6414,323
79,7639,398
80,9068,502
81,10875,598
82,13069,691
83,15207,803
84,18511,1004
85,22039,1081
86,26184,1368
87,31247,1650
88,37335,1873
89,44810,2323
90,51116,2692
91,51984,2902
92,45255,2783
93,34485,2368
94,23362,1845
95,14449,1436
96,8321,938
97,4496,602
98,2267,351
99,1174,213
100,567,132
101,242,84
102,126,35
103,37,22
104,13,18
105,3,4
106,4,1
107,0,2
108,0,1
