1,1,0
2,0,0
3,2,0
4,3,0
5,5,0
6,4,0
7,6,0
8,9,0
9,14,0
10,9,0
11,14,1
12,19,0
13,16,3
14,18,3
15,27,1
16,42,1
17,30,6
18,39,1
19,37,5
20,54,3
21,49,6
22,58,4
23,79,3
24,93,4
25,125,11
26,133,8
27,138,11
28,168,9
29,231,17
30,234,13
31,336,16
32,383,15
33,443,19
34,573,33
35,670,29
36,823,41
37,1046,51
38,1162,57
39,1390,56
40,1700,82
41,2089,97
42,2471,134
43,2996,178
44,3418,180
45,4204,219
46,5129,247
47,5974,302
48,6927,376
49,8459,418
50,10326,501
51,12263,622
52,14702,711
53,17448,887
54,20733,1110
55,25127,1277
56,30279,1581
57,35781,1765
58,42575,2285
59,49556,2603
60,52574,2916
61,47608,2830
62,38380,2528
63,26851,2110
64,16942,1600
65,9988,1064
66,5327,744
67,2825,423
68,1385,301
69,663,150
70,295,67
71,131,45
72,59,34
73,17,12
74,11,11
75,3,5
76,0,2
77,0,3
78,0,0
79,0,0
80,1,0
81,0,1
82,0,0
83,0,0
84,0,0
85,0,0
86,0,0
87,0,0
88,0,0
89,0,0
90,0,0
91,0,0
92,0,0
93,0,0
94,0,0
95,0,0
96,0,0
97,0,0
98,0,0
99,0,0
100,0,0
101,0,0
102,0,0
103,0,0
104,0,0
105,0,0
106,0,0
107,0,0
108,0,0
