1,1,0
2,0,0
3,0,0
4,1,0
5,3,0
6,1,0
7,3,1
8,3,0
9,3,0
10,2,0
11,2,0
12,2,0
13,2,0
14,3,0
15,4,1
16,2,0
17,0,0
18,0,0
19,4,0
20,3,1
21,5,0
22,7,0
23,1,0
24,1,0
25,3,0
26,4,3
27,0,1
28,2,0
29,2,0
30,7,0
31,2,1
32,1,0
33,3,0
34,4,3
35,5,0
36,7,1
37,8,0
38,4,0
39,8,0
40,10,1
41,10,2
42,5,0
43,9,2
44,14,1
45,6,0
46,4,0
47,3,0
48,4,0
49,10,1
50,5,1
51,8,1
52,9,1
53,4,1
54,20,0
55,15,0
56,28,0
57,49,2
58,54,1
59,44,3
60,43,3
61,71,3
62,67,8
63,86,5
64,100,5
65,113,8
66,151,8
67,150,8
68,210,16
69,265,16
70,298,18
71,377,15
72,423,26
73,483,23
74,592,33
75,714,31
76,908,55
77,1030,59
78,1313,58
79,1536,68
80,1860,101
81,2071,112
82,2459,129
83,3122,159
84,3509,180
85,4269,234
86,5024,238
87,6149,310
88,7515,401
89,8920,439
90,10482,516
91,12409,680
92,15156,749
93,18367,936
94,21776,1102
95,26121,1288
96,31009,1547
97,37405,1854
98,44815,2237
99,51833,2633
100,55150,3026
101,50463,2875
102,39945,2636
103,28137,2081
104,17859,1618
105,10427,1117
106,5635,768
107,2959,488
108,1546,268
