1,1,0
2,0,0
3,0,0
4,1,0
5,5,0
6,3,0
7,5,0
8,4,0
9,3,0
10,5,0
11,12,1
12,14,0
13,18,1
14,22,0
15,20,1
16,34,4
17,34,1
18,49,6
19,44,3
20,49,6
21,47,5
22,103,7
23,117,5
24,130,2
25,142,9
26,174,9
27,205,11
28,250,13
29,320,12
30,429,26
31,473,25
32,526,24
33,680,33
34,798,41
35,962,43
36,1163,60
37,1359,69
38,1626,89
39,2010,125
40,2308,118
41,2838,153
42,3357,176
43,3948,198
44,4643,242
45,5567,282
46,6608,363
47,8028,447
48,9666,487
49,11543,560
50,13705,689
51,16225,804
52,19386,1055
53,23164,1237
54,28020,1454
55,33341,1721
56,40223,1977
57,47770,2386
58,52497,2776
59,50912,2931
60,42727,2747
61,31512,2341
62,20833,1723
63,12517,1250
64,7098,854
65,3725,572
66,1914,327
67,886,178
68,414,114
69,185,56
70,66,35
71,38,14
72,15,15
73,7,3
74,3,5
75,1,0
76,1,1
77,1,0
78,1,1
79,0,0
80,0,0
81,0,0
82,0,0
83,0,0
84,0,0
85,0,0
86,0,0
87,0,0
88,0,0
89,0,0
90,0,0
91,0,0
92,0,0
93,0,0
94,0,0
95,0,0
96,0,0
97,0,0
98,0,0
99,0,0
100,0,0
101,0,0
102,0,0
103,0,0
104,0,0
105,0,0
106,0,0
107,0,0
108,0,0
