1,1,0
2,0,0
3,1,0
4,1,0
5,3,0
6,9,0
7,10,0
8,4,0
9,6,0
10,4,0
11,6,1
12,7,0
13,9,1
14,12,0
15,21,1
16,26,3
17,29,1
18,32,3
19,33,0
20,38,2
21,50,2
22,79,2
23,83,4
24,83,7
25,103,7
26,147,9
27,170,5
28,176,13
29,248,11
30,274,12
31,338,18
32,445,22
33,528,28
34,611,33
35,723,44
36,841,47
37,982,60
38,1238,57
39,1467,79
40,1680,90
41,1924,121
42,2320,116
43,2874,172
44,3384,181
45,3980,200
46,4869,257
47,5735,272
48,6859,362
49,8181,461
50,9817,522
51,12038,568
52,14235,753
53,16944,870
54,20243,1091
55,24574,1283
56,29433,1433
57,34705,1758
58,41844,2196
59,49413,2502
60,52803,2805
61,49738,2958
62,40714,2619
63,29131,2281
64,19024,1678
65,11291,1235
66,6025,780
67,3258,486
68,1621,271
69,790,159
70,342,110
71,151,49
72,63,25
73,36,13
74,7,7
75,6,4
76,2,3
77,0,1
78,1,0
79,0,0
80,0,0
81,0,1
82,0,0
83,0,0
84,0,0
85,0,0
86,0,0
87,0,0
88,0,0
89,0,0
90,0,0
91,0,0
92,0,0
93,0,0
94,0,0
95,0,0
96,0,0
97,0,0
98,0,0
99,0,0
100,0,0
101,0,0
102,0,0
103,0,0
104,0,0
105,0,0
106,0,0
107,0,0
108,0,0
