1,1,0
2,0,0
3,0,0
4,1,0
5,1,0
6,0,0
7,1,0
8,0,0
9,1,0
10,2,0
11,3,0
12,2,0
13,2,0
14,0,0
15,5,1
16,4,0
17,10,0
18,10,1
19,9,1
20,19,1
21,21,0
22,20,0
23,22,0
24,28,1
25,34,2
26,36,1
27,49,2
28,37,4
29,43,6
30,53,3
31,39,2
32,46,10
33,41,4
34,57,7
35,62,5
36,71,3
37,85,4
38,135,6
39,158,6
40,201,14
41,208,14
42,229,17
43,263,8
44,350,18
45,401,15
46,536,27
47,596,31
48,762,29
49,877,42
50,1001,54
51,1280,63
52,1474,88
53,1838,87
54,2152,91
55,2606,145
56,3063,159
57,3613,184
58,4264,240
59,5016,267
60,6005,324
61,7108,403
62,8535,479
63,10145,550
64,11967,628
65,14536,739
66,17343,933
67,20577,1119
68,24939,1233
69,29493,1521
70,35374,1822
71,42102,2154
72,49100,2505
73,52234,2758
74,48444,2919
75,38879,2566
76,27815,2104
77,17460,1600
78,10380,1168
79,5750,709
80,3042,457
81,1487,255
82,680,189
83,326,99
84,145,74
85,76,35
86,23,16
87,15,9
88,4,5
89,2,5
90,0,1
91,0,0
92,0,0
93,0,0
94,0,0
95,0,0
96,0,1
97,0,0
98,0,0
99,0,0
100,0,0
101,0,0
102,0,0
103,0,0
104,0,0
105,0,0
106,0,0
107,0,0
108,0,0
