1,1,0
2,0,0
3,1,0
4,6,0
5,14,0
6,23,0
7,16,1
8,25,0
9,18,2
10,20,2
11,33,1
12,30,0
13,45,1
14,55,3
15,63,8
16,85,4
17,89,6
18,111,7
19,168,9
20,155,7
21,214,8
22,231,10
23,297,20
24,353,19
25,372,21
26,392,30
27,526,31
28,611,36
29,745,34
30,868,48
31,1085,62
32,1333,80
33,1611,69
34,1901,85
35,2181,107
36,2650,143
37,3131,153
38,3811,205
39,4501,262
40,5461,292
41,6367,313
42,7920,414
43,9450,490
44,11140,563
45,13259,717
46,15769,806
47,18872,985
48,22277,1163
49,26571,1395
50,31979,1677
51,38661,2063
52,45962,2365
53,51733,2704
54,51579,2911
55,44817,2782
56,33700,2372
57,22633,1867
58,13856,1350
59,7884,900
60,4127,590
61,2146,359
62,1051,188
63,462,133
64,234,67
65,104,42
66,44,18
67,16,16
68,8,7
69,1,3
70,1,3
71,0,1
72,0,0
73,0,1
74,0,0
75,0,0
76,0,0
77,0,0
78,0,0
79,0,0
80,0,0
81,0,0
82,0,0
83,0,0
84,0,0
85,0,0
86,0,0
87,0,0
88,0,0
89,0,0
90,0,0
91,0,0
92,0,0
93,0,0
94,0,0
95,0,0
96,0,0
97,0,0
98,0,0
99,0,0
100,0,0
101,0,0
102,0,0
103,0,0
104,0,0
105,0,0
106,0,0
107,0,0
108,0,0
