1,1,0
2,0,0
3,0,0
4,0,0
5,0,0
6,0,0
7,0,0
8,1,0
9,0,0
10,1,0
11,0,0
12,0,0
13,0,0
14,0,0
15,0,0
16,2,0
17,0,0
18,0,0
19,0,0
20,3,0
21,0,0
22,3,0
23,5,0
24,6,0
25,6,0
26,7,0
27,5,0
28,2,0
29,9,0
30,6,0
31,1,1
32,4,3
33,9,1
34,3,0
35,3,0
36,5,0
37,3,0
38,7,0
39,3,0
40,7,1
41,7,0
42,6,2
43,5,1
44,7,1
45,15,1
46,20,0
47,16,0
48,24,1
49,20,2
50,23,0
51,23,1
52,18,4
53,26,0
54,35,2
55,36,1
56,39,3
57,54,0
58,57,3
59,61,6
60,61,4
61,80,5
62,113,11
63,132,7
64,161,5
65,180,9
66,199,8
67,281,10
68,282,14
69,394,14
70,468,23
71,470,35
72,622,41
73,755,47
74,807,57
75,1053,43
76,1275,61
77,1476,57
78,1813,89
79,2171,115
80,2463,129
81,3042,161
82,3641,173
83,4359,217
84,5255,287
85,6164,321
86,7258,391
87,8955,423
88,10645,528
89,12751,706
90,15116,761
91,18102,922
92,21401,1105
93,25998,1336
94,31143,1650
95,37010,1830
96,43975,2292
97,50508,2704
98,52217,2889
99,47089,2825
100,36211,2650
101,25409,2047
102,16189,1523
103,9141,1101
104,4997,698
105,2627,422
106,1258,245
107,612,161
108,287,90
