1,1,0
2,0,0
3,0,0
4,0,0
5,0,0
6,0,0
7,0,0
8,1,0
9,0,0
10,0,0
11,0,0
12,0,0
13,0,0
14,1,0
15,0,0
16,0,0
17,0,0
18,0,0
19,0,0
20,0,0
21,0,0
22,0,0
23,1,0
24,0,0
25,0,0
26,0,0
27,2,0
28,1,0
29,1,0
30,3,0
31,2,0
32,1,1
33,5,0
34,6,0
35,9,0
36,17,0
37,17,0
38,31,0
39,37,0
40,21,1
41,34,0
42,40,2
43,42,2
44,42,5
45,54,5
46,47,3
47,59,4
48,53,7
49,66,4
50,74,4
51,112,7
52,137,6
53,152,8
54,205,6
55,245,13
56,257,12
57,357,20
58,414,16
59,427,25
60,515,16
61,652,39
62,735,48
63,887,52
64,1012,62
65,1156,66
66,1316,81
67,1574,98
68,2023,107
69,2486,146
70,2990,149
71,3436,181
72,4251,225
73,5064,257
74,5944,310
75,7337,345
76,8908,486
77,10432,526
78,12201,682
79,14842,777
80,17746,888
81,21118,1114
82,25658,1298
83,30520,1640
84,36282,1844
85,43355,2237
86,50867,2619
87,53428,2887
88,49163,2844
89,38623,2504
90,27218,2110
91,17254,1512
92,10103,1106
93,5536,684
94,2878,440
95,1446,263
96,676,183
97,307,93
98,140,58
99,65,29
100,18,22
101,10,3
102,1,3
103,0,2
104,2,0
105,1,0
106,0,0
107,0,1
108,0,0
