1,1,0
2,0,0
3,1,0
4,0,0
5,2,0
6,1,0
7,1,0
8,1,0
9,1,0
10,1,0
11,4,0
12,3,0
13,4,0
14,3,0
15,1,1
16,4,2
17,3,0
18,2,0
19,4,0
20,4,0
21,2,0
22,1,0
23,4,2
24,0,0
25,1,2
26,4,0
27,11,0
28,16,0
29,12,0
30,10,0
31,14,4
32,15,0
33,11,3
34,23,3
35,32,2
36,28,1
37,35,3
38,43,2
39,56,5
40,60,5
41,72,3
42,78,10
43,90,2
44,107,15
45,144,7
46,169,3
47,174,6
48,208,19
49,243,12
50,333,13
51,376,14
52,450,30
53,574,21
54,701,33
55,799,37
56,1060,55
57,1169,55
58,1378,85
59,1737,85
60,1954,114
61,2377,142
62,2815,153
63,3364,182
64,4117,202
65,4861,238
66,5692,284
67,6950,368
68,8448,481
69,10098,554
70,12027,604
71,14204,701
72,16991,832
73,20496,1017
74,24193,1286
75,29063,1554
76,34689,1804
77,41053,2151
78,48799,2625
79,52590,2814
80,49563,2964
81,40127,2586
82,28891,2296
83,18740,1587
84,10921,1152
85,6135,802
86,3147,490
87,1595,283
88,819,161
89,321,93
90,143,58
91,71,25
92,34,24
93,12,12
94,6,5
95,2,2
96,1,0
97,0,0
98,0,0
99,0,0
100,0,0
101,0,0
102,0,0
103,0,0
104,0,0
105,0,0
106,0,0
107,0,0
108,0,0
