1,1,0
2,0,0
3,0,0
4,1,0
5,2,0
6,0,0
7,2,0
8,5,0
9,4,0
10,9,0
11,6,0
12,1,0
13,7,0
14,13,0
15,14,1
16,21,1
17,18,1
18,20,1
19,36,2
20,27,2
21,33,1
22,46,1
23,47,3
24,48,2
25,59,6
26,84,3
27,94,5
28,124,5
29,110,7
30,140,10
31,148,8
32,176,16
33,224,13
34,259,16
35,285,18
36,300,16
37,396,14
38,479,32
39,573,25
40,703,42
41,824,44
42,992,49
43,1110,59
44,1350,70
45,1629,80
46,1876,103
47,2238,113
48,2777,140
49,3409,186
50,4001,208
51,4727,241
52,5793,278
53,6945,327
54,8230,448
55,10023,528
56,12077,603
57,14668,732
58,17419,908
59,20940,1064
60,24880,1252
61,30114,1600
62,35871,1824
63,43233,2177
64,50592,2596
65,54321,2859
66,49737,2916
67,40347,2593
68,28238,2144
69,18140,1568
70,10860,1127
71,5891,753
72,3198,496
73,1514,253
74,706,137
75,345,83
76,155,53
77,70,29
78,27,10
79,14,8
80,4,2
81,1,3
82,1,1
83,0,0
84,0,1
85,0,0
86,0,0
87,0,0
88,0,0
89,0,0
90,0,0
91,0,0
92,0,0
93,0,0
94,0,0
95,0,0
96,0,0
97,0,0
98,0,0
99,0,0
100,0,0
101,0,0
102,0,0
103,0,0
104,0,0
105,0,0
106,0,0
107,0,0
108,0,0
