1,1,0
2,0,0
3,0,0
4,1,0
5,1,0
6,1,0
7,1,0
8,1,0
9,1,0
10,0,0
11,1,1
12,2,0
13,0,0
14,3,0
15,0,0
16,1,0
17,1,0
18,1,0
19,2,0
20,2,0
21,0,0
22,0,0
23,3,0
24,3,0
25,2,0
26,2,1
27,3,0
28,4,0
29,4,0
30,6,1
31,9,1
32,2,0
33,6,0
34,7,1
35,4,0
36,4,0
37,1,2
38,5,0
39,5,0
40,6,1
41,5,1
42,2,0
43,5,0
44,5,3
45,7,0
46,7,2
47,7,0
48,11,0
49,7,0
50,4,0
51,15,1
52,6,0
53,13,1
54,21,1
55,22,1
56,30,1
57,34,3
58,46,2
59,52,0
60,69,1
61,109,3
62,126,8
63,154,1
64,164,7
65,256,7
66,288,9
67,339,15
68,407,18
69,473,26
70,546,36
71,613,28
72,773,41
73,940,43
74,1035,70
75,1298,61
76,1413,92
77,1677,79
78,1975,118
79,2382,138
80,2923,171
81,3429,180
82,4135,236
83,4915,267
84,5831,338
85,7128,371
86,8671,458
87,10184,512
88,12154,617
89,14974,749
90,17219,901
91,20961,1057
92,24711,1241
93,29971,1525
94,35596,1900
95,42542,2181
96,49583,2697
97,52884,2886
98,48123,2848
99,37837,2552
100,26823,2084
101,17063,1523
102,10003,1079
103,5495,693
104,2959,435
105,1440,245
106,672,165
107,311,97
108,140,50
