1,1,0
2,0,0
3,1,0
4,5,0
5,8,0
6,9,1
7,12,0
8,6,0
9,10,1
10,23,0
11,14,1
12,13,2
13,31,2
14,21,1
15,34,4
16,29,1
17,34,2
18,44,5
19,58,4
20,65,2
21,90,4
22,103,8
23,184,5
24,187,8
25,205,9
26,290,9
27,341,16
28,378,16
29,437,28
30,531,30
31,591,29
32,683,48
33,843,55
34,943,63
35,1126,67
36,1381,56
37,1729,86
38,2062,102
39,2377,133
40,2787,175
41,3316,191
42,3981,188
43,4623,247
44,5583,271
45,6654,364
46,8033,440
47,9322,489
48,11000,589
49,13157,710
50,15861,803
51,18939,978
52,22568,1173
53,27231,1446
54,32071,1730
55,38424,2036
56,45510,2399
57,51138,2716
58,49888,2884
59,42704,2749
60,31639,2352
61,20875,1746
62,12956,1238
63,7168,922
64,3913,583
65,1889,335
66,904,227
67,430,117
68,207,73
69,89,24
70,43,25
71,15,7
72,4,3
73,2,5
74,1,0
75,0,2
76,1,1
77,0,0
78,0,0
79,0,0
80,0,0
81,0,0
82,0,0
83,0,0
84,0,0
85,0,0
86,0,0
87,0,0
88,0,0
89,0,0
90,0,0
91,0,0
92,0,0
93,0,0
94,0,0
95,0,0
96,0,0
97,0,0
98,0,0
99,0,0
100,0,0
101,0,0
102,0,0
103,0,0
104,0,0
105,0,0
106,0,0
107,0,0
108,0,0
