1,1,0
2,0,0
3,0,0
4,0,0
5,2,0
6,0,0
7,1,0
8,4,0
9,6,0
10,14,0
11,13,0
12,10,1
13,11,0
14,13,1
15,11,2
16,23,0
17,31,0
18,47,0
19,43,3
20,66,0
21,70,3
22,77,6
23,71,4
24,101,6
25,122,2
26,132,10
27,173,9
28,211,12
29,232,13
30,293,13
31,332,18
32,434,28
33,526,28
34,656,32
35,816,27
36,963,46
37,1180,61
38,1335,66
39,1606,82
40,1900,109
41,2289,130
42,2784,150
43,3431,161
44,3962,176
45,4765,242
46,5773,314
47,6793,349
48,8216,415
49,9824,490
50,11667,620
51,13992,723
52,16566,865
53,19656,1008
54,23675,1260
55,28094,1475
56,33676,1805
57,40469,2044
58,47550,2371
59,52459,2805
60,51316,2937
61,42835,2750
62,31504,2308
63,20805,1698
64,12834,1350
65,7326,863
66,3825,561
67,1917,367
68,887,178
69,445,93
70,199,72
71,88,26
72,39,16
73,18,9
74,7,5
75,3,2
76,1,2
77,0,1
78,0,2
79,1,0
80,0,0
81,0,0
82,0,0
83,0,0
84,0,0
85,0,0
86,0,0
87,0,0
88,0,0
89,0,0
90,0,0
91,0,0
92,0,0
93,0,0
94,0,0
95,0,0
96,0,0
97,0,0
98,0,0
99,0,0
100,0,0
101,0,0
102,0,0
103,0,0
104,0,0
105,0,0
106,0,0
107,0,0
108,0,0
