1,1,0
2,0,0
3,0,0
4,0,0
5,1,0
6,0,0
7,3,0
8,1,0
9,1,0
10,2,0
11,2,0
12,7,0
13,0,0
14,0,0
15,0,0
16,1,2
17,0,0
18,0,0
19,1,0
20,0,0
21,1,0
22,2,0
23,0,0
24,2,0
25,7,0
26,5,0
27,13,1
28,10,0
29,9,3
30,12,0
31,11,1
32,11,3
33,14,1
34,24,4
35,14,1
36,24,0
37,21,2
38,25,1
39,26,3
40,41,2
41,33,6
42,32,5
43,55,2
44,46,4
45,52,5
46,55,3
47,82,5
48,88,5
49,93,8
50,113,12
51,141,4
52,159,8
53,240,14
54,256,15
55,275,9
56,345,27
57,408,29
58,455,35
59,588,25
60,692,44
61,786,47
62,1048,52
63,1267,65
64,1514,70
65,1730,95
66,2184,101
67,2730,116
68,3106,153
69,3716,162
70,4467,232
71,5432,282
72,6368,313
73,7751,413
74,9334,470
75,11144,595
76,13115,647
77,15568,816
78,18841,992
79,22450,1242
80,26785,1363
81,32259,1627
82,38447,1998
83,46032,2387
84,51916,2690
85,52087,2884
86,44817,2827
87,34021,2349
88,22818,1859
89,14046,1382
90,7979,901
91,4140,565
92,2186,341
93,1066,233
94,460,138
95,228,61
96,99,31
97,31,19
98,11,13
99,7,5
100,6,4
101,1,2
102,0,1
103,0,0
104,0,0
105,0,0
106,0,0
107,0,0
108,0,0
