1,1,0
2,0,0
3,1,0
4,9,0
5,12,0
6,12,0
7,19,1
8,23,0
9,12,3
10,25,5
11,24,2
12,44,2
13,60,4
14,57,2
15,61,5
16,80,8
17,101,9
18,139,6
19,137,3
20,186,4
21,212,15
22,219,16
23,315,16
24,372,20
25,458,24
26,531,18
27,628,35
28,743,34
29,861,53
30,1049,54
31,1317,71
32,1604,74
33,1959,82
34,2368,110
35,2755,145
36,3454,163
37,3993,192
38,4891,223
39,5824,266
40,7065,331
41,8363,437
42,9838,501
43,11936,637
44,14556,732
45,17026,880
46,20228,1080
47,24479,1273
48,29280,1492
49,34609,1807
50,41557,2190
51,48560,2626
52,52276,2933
53,49635,2921
54,40128,2612
55,28759,2274
56,18559,1706
57,11236,1146
58,6062,743
59,3190,485
60,1638,267
61,720,193
62,359,97
63,150,48
64,61,29
65,21,14
66,12,8
67,2,6
68,2,4
69,1,0
70,0,0
71,0,0
