1,1,0
2,0,0
3,1,0
4,0,0
5,1,0
6,4,0
7,5,0
8,2,1
9,8,1
10,4,1
11,6,1
12,10,0
13,4,0
14,8,0
15,10,1
16,18,2
17,13,0
18,23,0
19,32,0
20,46,2
21,58,0
22,49,5
23,73,3
24,80,6
25,100,3
26,117,6
27,162,15
28,181,13
29,197,8
30,263,11
31,321,17
32,344,16
33,446,22
34,535,24
35,686,42
36,758,33
37,946,53
38,1160,51
39,1338,61
40,1642,84
41,1805,101
42,2213,106
43,2589,134
44,3224,150
45,3754,196
46,4491,218
47,5435,279
48,6577,387
49,7751,374
50,9559,487
51,11202,505
52,13407,681
53,16157,871
54,18505,1006
55,22598,1167
56,27543,1500
57,32770,1658
58,39525,1982
59,46588,2429
60,51985,2706
61,51827,3014
62,45049,2697
63,33626,2420
64,22717,1824
65,14055,1413
66,8018,929
67,4315,622
68,2201,423
69,1073,219
70,504,120
71,230,77
