1,1,0
2,0,0
3,0,0
4,0,0
5,1,0
6,2,0
7,3,0
8,6,0
9,12,0
10,13,0
11,13,0
12,10,0
13,15,1
14,6,2
15,14,1
16,19,2
17,19,2
18,13,3
19,9,4
20,15,1
21,26,1
22,14,2
23,24,2
24,26,0
25,33,2
26,27,0
27,49,2
28,54,2
29,29,2
30,60,5
31,76,5
32,89,3
33,112,8
34,110,6
35,179,12
36,188,13
37,204,4
38,256,16
39,306,15
40,333,16
41,378,17
42,461,29
43,484,30
44,611,34
45,771,45
46,960,47
47,1069,52
48,1304,78
49,1649,87
50,1952,105
51,2298,115
52,2704,159
53,3195,154
54,3823,220
55,4453,235
56,5300,295
57,6241,357
58,7543,373
59,8864,480
60,10745,560
61,13076,643
62,15421,809
63,18679,960
64,21968,1118
65,26432,1324
66,31937,1572
67,38443,1994
68,45931,2317
69,54952,2762
70,65976,3455
71,78055,4062
