1,1,0
2,0,0
3,0,1
4,0,0
5,1,0
6,1,0
7,1,0
8,2,0
9,0,0
10,1,0
11,1,0
12,0,1
13,1,0
14,5,0
15,4,0
16,1,0
17,3,0
18,1,0
19,3,0
20,4,0
21,7,0
22,10,0
23,13,0
24,7,1
25,15,1
26,14,0
27,20,2
28,27,2
29,49,1
30,54,2
31,64,4
32,66,1
33,101,5
34,119,8
35,151,12
36,179,5
37,191,8
38,252,13
39,360,9
40,435,17
41,479,25
42,597,22
43,706,42
44,820,48
45,1006,54
46,1152,53
47,1475,80
48,1700,76
49,2035,98
50,2326,154
51,2962,150
52,3586,186
53,4231,197
54,5087,259
55,6205,292
56,7481,395
57,8787,432
58,10816,567
59,13089,644
60,15652,763
61,18344,931
62,21911,1184
63,26288,1389
64,31088,1607
65,37557,1955
66,44364,2405
67,53176,2780
68,61919,3179
69,66384,3600
70,61531,3741
71,49496,3391
