1,1,0
2,0,0
3,1,1
4,7,0
5,14,0
6,28,0
7,29,0
8,20,0
9,23,0
10,25,0
11,41,2
12,42,3
13,42,4
14,36,3
15,61,4
16,63,2
17,62,6
18,77,8
19,91,3
20,71,4
21,106,6
22,136,11
23,167,14
24,196,13
25,231,13
26,291,13
27,364,23
28,402,18
29,473,22
30,577,23
31,678,32
32,791,49
33,900,42
34,1136,63
35,1223,79
36,1517,96
37,1725,99
38,2057,122
39,2487,137
40,2935,162
41,3489,174
42,4321,216
43,5157,249
44,6189,319
45,7311,379
46,8617,457
47,10196,554
48,11969,635
49,14440,766
50,17199,960
51,20652,1123
52,24463,1304
53,29356,1483
54,35044,1859
55,42389,2177
56,49062,2537
57,52619,2870
58,48722,2835
59,38757,2556
60,27365,2090
61,17755,1592
62,10494,1128
63,5815,777
64,3016,482
65,1477,288
66,715,136
67,326,89
68,144,59
69,65,29
70,24,12
71,9,3
