1,1,0
2,0,0
3,2,0
4,1,0
5,2,0
6,7,0
7,3,0
8,4,0
9,3,1
10,1,0
11,4,1
12,5,2
13,3,1
14,2,1
15,6,0
16,1,0
17,2,1
18,13,0
19,14,1
20,25,1
21,30,0
22,28,0
23,63,2
24,65,1
25,61,1
26,82,2
27,87,5
28,110,8
29,127,3
30,153,11
31,166,8
32,190,8
33,265,12
34,304,11
35,363,14
36,461,17
37,595,26
38,732,31
39,828,44
40,917,44
41,1118,42
42,1275,72
43,1535,87
44,1835,93
45,2219,123
46,2720,155
47,3176,166
48,3860,191
49,4607,243
50,5414,298
51,6435,337
52,7607,376
53,9094,461
54,10926,570
55,13169,700
56,15648,797
57,18525,931
58,22079,1243
59,26756,1331
60,32267,1679
61,38158,1994
62,45017,2306
63,52166,2688
64,53325,2863
65,47470,2820
66,36667,2532
67,25115,2043
68,15749,1533
69,8987,1059
70,4914,647
71,2467,411
