1,1,0
2,0,0
3,2,0
4,4,0
5,3,0
6,11,0
7,4,0
8,9,1
9,19,0
10,22,3
11,30,0
12,27,2
13,36,0
14,44,2
15,62,4
16,79,1
17,93,4
18,107,4
19,143,8
20,209,10
21,225,13
22,314,13
23,319,14
24,389,17
25,464,20
26,572,25
27,746,40
28,777,45
29,921,55
30,1226,56
31,1437,78
32,1731,87
33,2115,104
34,2676,141
35,3049,145
36,3720,190
37,4336,233
38,5266,302
39,6393,285
40,7748,394
41,9106,445
42,10660,571
43,12828,687
44,15220,804
45,18000,952
46,21666,1125
47,25442,1417
48,30472,1624
49,36873,1966
50,43237,2239
51,50195,2636
52,51309,2819
53,45354,2783
54,35248,2450
55,24147,1949
56,15210,1422
57,8823,998
58,4620,675
59,2356,415
60,1178,279
61,554,140
62,235,86
63,112,42
64,57,29
65,28,11
66,4,7
67,3,6
68,2,2
69,0,1
70,1,0
71,0,0
