1,1,0
2,0,0
3,0,0
4,0,0
5,1,0
6,1,0
7,3,0
8,2,0
9,6,0
10,9,0
11,10,0
12,16,2
13,12,0
14,14,0
15,25,1
16,41,2
17,50,3
18,59,0
19,53,2
20,67,3
21,64,1
22,92,7
23,110,5
24,113,8
25,143,12
26,173,11
27,213,5
28,280,11
29,319,15
30,428,21
31,535,18
32,716,26
33,785,33
34,951,29
35,1112,50
36,1401,64
37,1670,65
38,1989,108
39,2424,116
40,3056,141
41,3477,180
42,4263,222
43,4938,248
44,5845,356
45,7054,357
46,8462,412
47,10160,515
48,12140,657
49,14479,762
50,17453,837
51,21176,1068
52,25168,1275
53,30101,1530
54,36130,1812
55,43926,2229
56,51295,2527
57,54739,2888
58,50426,2946
59,40478,2608
60,29165,2151
61,18794,1665
62,10798,1137
63,6024,769
64,3192,461
65,1538,287
66,714,187
67,324,91
68,159,47
69,68,18
70,32,17
71,8,7
