1,1,0
2,0,0
3,0,0
4,2,0
5,2,0
6,3,0
7,5,0
8,7,0
9,8,0
10,7,0
11,11,2
12,16,0
13,30,1
14,20,1
15,32,2
16,43,1
17,46,8
18,41,2
19,76,1
20,79,3
21,90,11
22,108,5
23,164,8
24,184,6
25,220,10
26,253,15
27,302,19
28,331,10
29,415,24
30,478,27
31,565,25
32,642,46
33,782,43
34,897,52
35,1120,56
36,1295,66
37,1537,81
38,1843,86
39,2182,118
40,2591,164
41,3097,178
42,3934,191
43,4615,232
44,5544,265
45,6561,345
46,7893,413
47,9563,482
48,11623,576
49,13986,677
50,16573,819
51,19673,1009
52,23748,1180
53,28668,1416
54,34224,1807
55,41096,2142
56,48254,2467
57,53249,2830
58,51003,2981
59,42947,2722
60,31373,2357
61,21019,1769
62,12549,1287
63,6974,867
64,3730,572
65,1852,322
66,876,192
67,361,105
68,208,68
69,76,39
70,52,20
71,13,15
