1,1,0
2,1,0
3,1,0
4,0,0
5,4,0
6,11,0
7,10,0
8,11,0
9,6,0
10,8,1
11,10,1
12,15,1
13,16,0
14,19,1
15,25,3
16,35,1
17,32,2
18,40,0
19,55,4
20,53,1
21,65,4
22,70,4
23,88,3
24,122,7
25,137,6
26,162,10
27,186,13
28,254,17
29,257,10
30,359,12
31,429,19
32,538,15
33,636,20
34,770,38
35,937,51
36,996,60
37,1310,65
38,1488,79
39,1725,96
40,2038,110
41,2324,126
42,2882,168
43,3303,197
44,4104,230
45,4776,263
46,5555,315
47,6736,381
48,8137,430
49,9745,496
50,11579,608
51,14054,696
52,16850,866
53,20093,1011
54,24261,1170
55,29118,1459
56,34434,1760
57,42258,2070
58,49021,2495
59,52943,2925
60,49546,2902
61,40558,2662
62,29097,2214
63,18823,1659
64,11171,1179
65,6269,776
66,3286,529
67,1607,300
68,770,165
69,372,122
70,163,64
71,79,32
