1,1,0
2,0,0
3,0,0
4,1,0
5,2,0
6,0,0
7,2,0
8,1,0
9,2,0
10,1,0
11,11,0
12,5,0
13,4,0
14,5,0
15,14,1
16,10,1
17,15,0
18,14,0
19,18,2
20,12,1
21,21,1
22,12,2
23,19,2
24,30,4
25,43,3
26,44,2
27,55,4
28,84,4
29,91,2
30,113,2
31,144,10
32,198,6
33,190,10
34,224,7
35,279,21
36,296,21
37,403,17
38,509,23
39,562,37
40,724,45
41,861,36
42,1033,48
43,1256,53
44,1440,67
45,1681,99
46,2033,118
47,2407,121
48,2976,145
49,3576,197
50,4212,210
51,4947,244
52,6062,320
53,7495,348
54,8760,465
55,10290,557
56,12631,678
57,14928,770
58,18110,899
59,21638,1159
60,26169,1261
61,30460,1645
62,36953,1833
63,44188,2307
64,50739,2654
65,52765,2927
66,47260,2869
67,37069,2491
68,25599,2008
69,15948,1514
70,9356,1089
71,5189,725
72,2555,424
73,1251,255
74,580,167
75,247,83
76,119,34
77,51,28
78,32,20
79,6,9
80,2,6
