1,1,0
2,0,0
3,0,0
4,0,0
5,0,0
6,0,0
7,0,0
8,1,0
9,1,0
10,0,0
11,1,0
12,1,0
13,3,0
14,1,0
15,3,0
16,1,0
17,2,0
18,1,0
19,1,1
20,0,0
21,1,0
22,3,0
23,1,0
24,3,0
25,5,0
26,4,0
27,2,2
28,3,0
29,9,0
30,6,0
31,3,0
32,5,1
33,2,0
34,7,0
35,9,0
36,11,0
37,17,0
38,21,0
39,18,3
40,34,2
41,36,1
42,44,1
43,69,0
44,76,1
45,98,3
46,102,5
47,122,9
48,138,8
49,171,8
50,180,10
51,211,17
52,274,12
53,292,19
54,341,15
55,469,20
56,559,19
57,661,26
58,835,33
59,970,49
60,1133,52
61,1396,58
62,1687,77
63,2040,107
64,2361,117
65,2885,136
66,3328,171
67,4000,186
68,4686,252
69,5516,307
70,6577,370
71,8115,405
72,9570,506
73,11554,589
74,13619,672
75,15975,811
76,18973,1074
77,22711,1190
78,27228,1516
79,32651,1687
80,39015,2072
