1,1,0
2,0,0
3,0,0
4,0,0
5,0,0
6,2,0
7,1,0
8,3,0
9,15,1
10,16,0
11,13,1
12,12,0
13,26,0
14,42,1
15,48,1
16,51,2
17,46,5
18,94,5
19,131,7
20,159,8
21,200,8
22,232,5
23,275,9
24,360,12
25,438,23
26,548,18
27,628,32
28,795,34
29,965,45
30,1166,49
31,1406,54
32,1709,98
33,2171,90
34,2665,146
35,3224,149
36,3857,166
37,4635,229
38,5381,272
39,6464,352
40,7791,403
41,9431,475
42,11162,592
43,13160,660
44,15835,759
45,18904,960
46,22969,1182
47,27707,1434
48,33083,1711
49,39356,2057
50,46751,2395
51,52458,2756
52,53087,2947
53,45996,2820
54,34184,2399
55,23149,1998
56,14385,1330
57,8072,925
58,4215,583
59,2226,383
60,1094,251
61,469,111
62,233,83
63,89,46
64,34,17
65,16,13
66,12,4
67,0,2
68,2,1
69,2,2
70,0,1
71,0,0
72,0,0
73,0,0
74,0,0
75,0,0
76,0,0
77,0,0
78,0,0
79,0,0
80,0,0
