1,1,0
2,0,0
3,0,0
4,0,0
5,2,0
6,2,0
7,1,0
8,4,0
9,6,0
10,3,0
11,7,1
12,0,0
13,1,0
14,3,0
15,2,0
16,3,1
17,2,0
18,5,0
19,5,2
20,5,1
21,3,0
22,7,0
23,8,3
24,4,0
25,8,2
26,7,0
27,3,1
28,7,0
29,9,0
30,17,0
31,23,3
32,30,1
33,37,5
34,31,2
35,48,1
36,49,4
37,57,5
38,72,2
39,87,3
40,116,4
41,134,7
42,164,7
43,198,5
44,207,11
45,307,17
46,351,24
47,437,24
48,497,20
49,614,31
50,707,34
51,876,48
52,1056,62
53,1266,69
54,1457,73
55,1779,93
56,2139,125
57,2522,136
58,2957,165
59,3472,208
60,4283,235
61,5104,240
62,6253,328
63,7321,369
64,8916,461
65,10722,526
66,12964,637
67,15208,785
68,18333,951
69,21668,1097
70,25598,1321
71,30868,1608
72,37075,1941
73,44505,2318
74,52620,2659
75,56781,3094
76,53166,2933
77,43560,2799
78,30989,2308
79,20208,1801
80,11953,1216
