1,1,0
2,0,0
3,0,0
4,0,0
5,5,0
6,2,0
7,0,0
8,4,0
9,5,0
10,6,0
11,6,0
12,11,0
13,9,1
14,7,1
15,11,1
16,11,2
17,7,1
18,12,0
19,10,4
20,12,1
21,17,2
22,25,1
23,28,1
24,39,3
25,47,0
26,43,1
27,38,1
28,61,0
29,59,11
30,66,5
31,85,4
32,115,9
33,127,4
34,143,9
35,157,6
36,207,10
37,282,13
38,339,15
39,398,23
40,463,25
41,536,39
42,656,29
43,769,40
44,954,37
45,1226,52
46,1470,61
47,1801,73
48,2082,105
49,2462,127
50,2947,165
51,3559,170
52,4322,202
53,5239,253
54,6270,321
55,7587,370
56,8995,469
57,10507,526
58,12955,725
59,15422,754
60,18540,951
61,22041,1134
62,26268,1348
63,31080,1571
64,37814,1920
65,45757,2381
66,52124,2730
67,53352,2994
68,47555,2932
69,36360,2420
70,25259,1913
71,15644,1441
72,9099,1015
73,4844,654
74,2523,383
75,1213,253
76,566,150
77,291,78
78,136,36
79,52,30
80,17,9
