1,1,0
2,0,0
3,1,0
4,0,0
5,0,0
6,1,0
7,3,0
8,4,0
9,0,0
10,4,0
11,5,0
12,1,0
13,8,1
14,6,1
15,8,0
16,14,0
17,13,1
18,18,0
19,19,0
20,17,2
21,26,3
22,27,4
23,31,3
24,24,1
25,37,5
26,40,6
27,51,5
28,74,2
29,89,7
30,91,5
31,116,10
32,128,12
33,166,9
34,202,14
35,267,15
36,266,18
37,313,13
38,391,21
39,475,25
40,495,25
41,592,25
42,777,36
43,922,58
44,1022,60
45,1269,70
46,1602,85
47,1850,73
48,2153,106
49,2686,114
50,3103,162
51,3855,193
52,4540,214
53,5456,273
54,6419,323
55,7873,368
56,9322,491
57,11202,571
58,13219,688
59,15857,784
60,18895,1034
61,22955,1178
62,27135,1415
63,32680,1751
64,38740,2074
65,46505,2417
66,51791,2771
67,50527,2924
68,42998,2724
69,31859,2290
70,21133,1850
71,12891,1293
72,7336,933
73,3919,566
74,1892,324
75,885,181
76,414,117
77,196,73
78,79,32
79,33,21
80,12,8
