1,1,0
2,0,0
3,1,0
4,0,0
5,7,0
6,5,0
7,11,0
8,6,1
9,3,0
10,8,0
11,14,0
12,11,2
13,22,1
14,24,1
15,33,1
16,36,6
17,32,1
18,46,2
19,59,2
20,70,3
21,105,2
22,124,5
23,158,7
24,188,8
25,209,10
26,261,11
27,309,14
28,342,13
29,360,16
30,462,14
31,512,33
32,674,35
33,832,48
34,941,42
35,1204,53
36,1416,68
37,1675,88
38,1949,93
39,2326,122
40,2869,157
41,3427,182
42,4328,211
43,4928,246
44,5948,320
45,7327,383
46,8911,419
47,10638,514
48,12775,624
49,15193,799
50,18229,974
51,21531,1075
52,25816,1325
53,31177,1587
54,37286,1930
55,44015,2328
56,50184,2674
57,51445,2911
58,45509,2817
59,34902,2474
60,24072,2035
61,15089,1406
62,8679,994
63,4669,663
64,2374,401
65,1156,252
66,521,144
67,243,94
68,105,38
69,53,19
70,21,12
71,7,6
72,5,3
73,2,2
74,0,0
75,1,0
76,0,0
77,0,0
78,0,0
79,0,0
80,0,0
