1,1,0
2,0,0
3,0,0
4,0,0
5,0,0
6,1,0
7,1,0
8,3,0
9,0,0
10,2,0
11,4,0
12,5,0
13,8,0
14,3,0
15,6,0
16,12,1
17,10,0
18,18,0
19,36,0
20,44,0
21,49,3
22,43,4
23,53,1
24,89,4
25,95,3
26,121,5
27,115,17
28,141,8
29,197,10
30,204,7
31,221,14
32,290,14
33,361,21
34,435,26
35,495,25
36,589,36
37,756,41
38,846,47
39,1099,58
40,1330,73
41,1619,74
42,1914,98
43,2257,113
44,2554,136
45,3150,172
46,3734,188
47,4357,240
48,5229,290
49,6281,367
50,7510,394
51,8996,475
52,10761,547
53,12858,638
54,15396,842
55,18384,957
56,21800,1093
57,26263,1369
58,31774,1589
59,38395,2009
60,45577,2293
61,52808,2701
62,53853,2799
63,47643,2957
64,36753,2561
65,25181,1934
66,15465,1392
67,9242,1013
68,4923,693
69,2553,381
70,1253,230
71,570,125
72,269,76
73,110,37
74,44,28
75,25,13
76,4,4
77,3,3
78,3,3
79,1,3
80,1,0
