1,1,0
2,0,0
3,0,0
4,0,0
5,1,0
6,0,0
7,0,0
8,0,0
9,0,0
10,1,0
11,0,0
12,4,0
13,7,0
14,6,0
15,9,0
16,5,0
17,13,1
18,15,1
19,26,2
20,38,2
21,40,0
22,50,1
23,55,1
24,75,7
25,69,1
26,101,4
27,108,3
28,119,6
29,160,5
30,154,10
31,210,12
32,227,12
33,266,14
34,325,17
35,412,19
36,448,22
37,523,23
38,663,37
39,843,37
40,943,41
41,1129,60
42,1337,82
43,1524,84
44,1795,87
45,2123,136
46,2551,145
47,3102,178
48,3703,187
49,4463,246
50,5258,312
51,6158,336
52,7398,399
53,8755,469
54,10674,532
55,12704,642
56,15375,787
57,18227,957
58,21672,1095
59,26271,1352
60,31250,1537
61,37016,1974
62,43867,2287
63,50268,2642
64,51952,2906
65,46229,2772
66,35655,2516
67,24381,1962
68,15357,1433
69,8878,1000
70,4725,692
71,2410,390
72,1242,250
73,575,129
74,300,74
75,92,51
76,51,17
77,22,11
78,6,6
79,2,5
80,3,1
