1,1,0
2,0,0
3,2,0
4,2,0
5,10,0
6,16,0
7,11,1
8,17,0
9,18,1
10,20,1
11,25,1
12,33,1
13,35,1
14,42,1
15,61,4
16,62,1
17,68,4
18,60,8
19,89,7
20,96,10
21,159,9
22,192,11
23,230,17
24,269,8
25,304,22
26,419,12
27,459,22
28,551,34
29,666,26
30,737,40
31,910,45
32,1053,64
33,1231,74
34,1595,77
35,1861,95
36,2164,116
37,2638,156
38,3052,166
39,3554,212
40,4239,218
41,5030,265
42,6032,349
43,7177,406
44,8663,432
45,10037,480
46,12491,673
47,14829,747
48,17882,863
49,21028,1107
50,25291,1350
51,30088,1538
52,36209,1898
53,44211,2206
54,49978,2570
55,51560,2929
56,46625,2817
57,36494,2450
58,25351,2026
59,15934,1485
60,9390,1000
61,5069,659
62,2611,423
63,1290,267
64,591,152
65,299,91
66,133,41
67,63,31
68,16,14
69,13,6
70,9,4
71,2,0
72,1,0
73,0,0
74,0,0
75,0,1
76,0,0
77,0,0
78,0,0
79,0,0
80,0,0
