1,1,0
2,0,0
3,3,0
4,2,0
5,6,0
6,7,0
7,9,0
8,9,0
9,18,1
10,12,1
11,9,1
12,6,2
13,25,0
14,38,1
15,34,2
16,31,3
17,42,3
18,64,2
19,80,3
20,87,2
21,109,3
22,160,7
23,184,13
24,234,13
25,256,15
26,293,14
27,392,19
28,464,21
29,516,36
30,660,38
31,753,41
32,926,51
33,1093,53
34,1294,73
35,1566,77
36,1816,118
37,2241,117
38,2685,134
39,3100,165
40,3854,193
41,4569,231
42,5265,276
43,6473,359
44,7889,406
45,9165,483
46,11135,567
47,13326,650
48,15704,780
49,18881,1027
50,22972,1172
51,27005,1383
52,32815,1607
53,38857,1992
54,46354,2488
55,51965,2723
56,51792,3012
57,44445,2725
58,33528,2391
59,22445,1822
60,13719,1343
61,7898,940
62,4235,603
63,2184,381
64,1085,213
65,464,122
66,209,62
67,80,35
68,50,25
69,17,6
70,5,3
71,0,3
72,2,1
73,0,0
74,1,0
75,0,1
76,0,0
77,0,0
78,0,0
79,0,0
80,0,0
