1,1,0
2,0,0
3,0,0
4,4,0
5,2,0
6,13,0
7,12,0
8,2,0
9,16,0
10,29,0
11,31,1
12,37,3
13,15,2
14,36,2
15,24,2
16,40,4
17,42,2
18,43,4
19,60,6
20,73,3
21,68,2
22,89,7
23,105,5
24,146,9
25,161,10
26,229,11
27,268,16
28,325,16
29,397,20
30,502,32
31,598,30
32,686,23
33,726,38
34,937,51
35,1205,63
36,1347,77
37,1629,88
38,2087,91
39,2433,114
40,2929,170
41,3506,191
42,4310,202
43,4892,259
44,5992,295
45,7075,351
46,8472,463
47,10103,530
48,11953,607
49,14220,741
50,17076,961
51,20549,1033
52,24385,1302
53,29363,1542
54,34786,1796
55,41588,2182
56,48549,2523
57,52366,2888
58,48270,2760
59,38494,2661
60,27479,2072
61,17576,1614
62,10417,1070
63,5641,743
64,2942,486
65,1522,279
66,724,170
67,309,96
68,147,62
69,62,27
70,25,12
71,12,10
72,2,2
73,3,0
74,0,1
75,0,0
76,0,1
77,0,0
78,0,0
79,0,0
80,0,0
