1,1,0
2,0,0
3,0,0
4,0,0
5,0,0
6,1,0
7,1,0
8,1,0
9,4,0
10,5,0
11,13,0
12,11,0
13,11,0
14,24,0
15,24,0
16,24,1
17,26,2
18,46,1
19,46,3
20,68,2
21,88,4
22,105,3
23,98,2
24,106,7
25,153,1
26,171,10
27,207,13
28,243,10
29,281,20
30,340,15
31,345,22
32,432,27
33,521,27
34,637,29
35,760,50
36,926,40
37,984,50
38,1257,65
39,1561,65
40,1836,80
41,2238,118
42,2640,139
43,3192,177
44,3751,170
45,4566,237
46,5559,267
47,6689,352
48,8001,375
49,9696,499
50,11492,553
51,13791,715
52,16153,863
53,19367,1048
54,22917,1247
55,27680,1456
56,33098,1657
57,39537,2059
58,47139,2443
59,51618,2783
60,49861,2887
61,42247,2659
62,30919,2271
63,20497,1753
64,12145,1303
65,7080,878
66,3618,540
67,1828,339
68,907,186
69,446,117
70,169,69
71,82,36
72,28,15
73,15,15
74,6,5
75,1,4
76,1,1
77,1,1
78,0,0
79,0,0
80,0,0
81,0,0
82,0,0
83,0,0
84,0,0
85,0,0
86,0,0
87,0,0
88,0,0
89,0,0
90,0,0
91,0,0
92,0,0
93,0,0
94,0,0
95,0,0
96,0,0
97,0,0
98,0,0
99,0,0
100,0,0
101,0,0
102,0,0
103,0,0
104,0,0
105,0,0
106,0,0
107,0,0
108,0,0
109,0,0
110,0,0
111,0,0
112,0,0
113,0,0
114,0,0
115,0,0
116,0,0
117,0,0
118,0,0
119,0,0
120,0,0
121,0,0
122,0,0
123,0,0
124,0,0
125,0,0
126,0,0
127,0,0
