1,1,0
2,0,0
3,0,0
4,2,0
5,1,0
6,1,0
7,2,0
8,2,0
9,2,0
10,9,0
11,9,0
12,17,0
13,10,0
14,17,0
15,16,0
16,24,0
17,22,3
18,32,2
19,33,3
20,49,4
21,38,1
22,59,2
23,68,2
24,85,8
25,105,5
26,120,9
27,129,11
28,201,10
29,205,7
30,252,20
31,280,23
32,338,23
33,442,20
34,495,27
35,642,39
36,648,45
37,800,36
38,916,46
39,1150,63
40,1387,84
41,1701,83
42,1978,109
43,2337,123
44,2843,135
45,3397,178
46,4142,188
47,5067,248
48,5926,314
49,7161,362
50,8662,429
51,10402,510
52,12626,631
53,15000,746
54,18170,864
55,21788,1087
56,26106,1276
57,30874,1573
58,37297,1937
59,43932,2215
60,50733,2700
61,52983,2915
62,47152,2870
63,36852,2548
64,25140,2006
65,16051,1562
66,9460,1082
67,5015,687
68,2678,408
69,1270,249
70,614,172
71,302,87
72,130,47
73,56,26
74,22,17
75,11,9
76,3,6
77,2,1
78,1,0
79,2,0
80,0,0
81,0,0
82,0,0
83,0,0
84,0,1
85,0,0
86,0,0
87,0,0
88,0,0
89,0,0
90,0,0
91,0,0
92,0,0
93,0,0
94,0,0
95,0,0
96,0,0
97,0,0
98,0,0
99,0,0
100,0,0
101,0,0
102,0,0
103,0,0
104,0,0
105,0,0
106,0,0
107,0,0
108,0,0
109,0,0
110,0,0
111,0,0
112,0,0
113,0,0
114,0,0
115,0,0
116,0,0
117,0,0
118,0,0
119,0,0
120,0,0
121,0,0
122,0,0
123,0,0
124,0,0
125,0,0
126,0,0
127,0,0
