1,1,0
2,0,0
3,0,0
4,6,1
5,11,0
6,7,0
7,15,0
8,24,0
9,16,0
10,20,0
11,37,2
12,39,0
13,41,0
14,45,3
15,48,5
16,70,2
17,79,3
18,80,7
19,109,5
20,115,7
21,154,7
22,173,4
23,217,16
24,224,17
25,266,13
26,320,12
27,437,18
28,421,21
29,509,31
30,655,52
31,718,33
32,917,56
33,993,51
34,1171,64
35,1458,100
36,1819,75
37,2128,111
38,2618,153
39,3135,146
40,3782,189
41,4341,245
42,5275,261
43,6231,332
44,7489,404
45,9031,468
46,10804,565
47,12879,652
48,15612,760
49,18111,998
50,21991,1157
51,26238,1360
52,31813,1612
53,37876,1931
54,45086,2343
55,51659,2637
56,52102,2868
57,45696,2748
58,34710,2426
59,23677,1898
60,14574,1464
61,8340,945
62,4563,626
63,2238,359
64,1092,230
65,502,126
66,222,74
67,100,43
68,40,25
69,22,7
70,10,7
71,4,1
72,2,1
73,1,2
74,0,0
75,0,0
76,0,0
77,0,0
78,0,0
79,0,0
80,0,0
81,0,0
82,0,0
83,0,0
84,0,0
85,0,0
86,0,0
87,0,0
88,0,0
89,0,0
90,0,0
91,0,0
92,0,0
93,0,0
94,0,0
95,0,0
96,0,0
97,0,0
98,0,0
99,0,0
100,0,0
101,0,0
102,0,0
103,0,0
104,0,0
105,0,0
106,0,0
107,0,0
108,0,0
109,0,0
110,0,0
111,0,0
112,0,0
113,0,0
114,0,0
115,0,0
116,0,0
117,0,0
118,0,0
119,0,0
120,0,0
121,0,0
122,0,0
123,0,0
124,0,0
125,0,0
126,0,0
127,0,0
