1,1,0
2,0,0
3,0,0
4,0,0
5,0,0
6,2,0
7,0,0
8,0,0
9,1,0
10,1,0
11,0,0
12,1,0
13,1,0
14,3,0
15,3,0
16,5,0
17,4,0
18,3,0
19,1,0
20,9,0
21,3,0
22,5,0
23,4,0
24,13,0
25,21,1
26,26,0
27,27,1
28,36,1
29,47,0
30,47,3
31,79,4
32,91,2
33,100,4
34,124,5
35,164,2
36,161,6
37,223,11
38,250,11
39,309,11
40,383,20
41,454,15
42,548,29
43,640,30
44,733,36
45,836,55
46,1004,51
47,1130,63
48,1344,81
49,1595,102
50,1911,126
51,2183,129
52,2632,148
53,3143,170
54,3749,220
55,4394,278
56,5362,293
57,6262,312
58,7497,365
59,9037,477
60,10614,575
61,13018,703
62,15349,833
63,18567,949
64,22522,1210
65,26768,1333
66,31853,1581
67,38021,1993
68,45169,2352
69,51621,2675
70,52676,2859
71,45836,2793
72,35138,2413
73,24187,1907
74,14721,1451
75,8631,982
76,4599,596
77,2287,385
78,1176,222
79,535,132
80,258,73
81,114,46
82,55,27
83,19,9
84,7,4
85,3,3
86,1,2
87,1,1
88,0,0
89,0,1
90,0,1
91,0,0
92,0,0
93,0,0
94,0,0
95,0,0
96,0,0
97,0,0
98,0,0
99,0,0
100,0,0
101,0,0
102,0,0
103,0,0
104,0,0
105,0,0
106,0,0
107,0,0
108,0,0
109,0,0
110,0,0
111,0,0
112,0,0
113,0,0
114,0,0
115,0,0
116,0,0
117,0,0
118,0,0
119,0,0
120,0,0
121,0,0
122,0,0
123,0,0
124,0,0
125,0,0
126,0,0
127,0,0
