1,1,0
2,0,0
3,0,0
4,3,0
5,0,0
6,0,0
7,3,0
8,4,0
9,1,1
10,3,1
11,8,0
12,6,0
13,9,0
14,7,1
15,4,2
16,11,1
17,7,1
18,10,1
19,24,2
20,23,1
21,32,1
22,41,1
23,53,0
24,59,3
25,61,3
26,71,1
27,108,4
28,110,5
29,139,7
30,153,4
31,201,9
32,212,14
33,254,28
34,332,16
35,408,8
36,412,18
37,514,29
38,574,44
39,702,31
40,807,41
41,1000,63
42,1276,68
43,1521,66
44,1879,83
45,2169,116
46,2615,138
47,3047,146
48,3703,178
49,4313,217
50,5299,250
51,6532,306
52,7439,400
53,8911,420
54,10620,579
55,12765,656
56,15192,759
57,18071,929
58,21800,1089
59,26033,1384
60,31575,1572
61,37587,1969
62,45283,2293
63,51381,2670
64,52258,2912
65,46924,2884
66,36016,2459
67,24805,1947
68,15378,1501
69,9163,1017
70,4849,660
71,2453,382
72,1249,224
73,531,149
74,243,81
75,112,47
76,51,33
77,24,11
78,7,7
79,4,0
80,2,1
81,0,0
82,0,2
83,0,0
84,0,0
85,0,1
86,0,0
87,0,0
88,0,0
89,0,0
90,0,0
91,0,0
92,0,0
93,0,0
94,0,0
95,0,0
96,0,0
97,0,0
98,0,0
99,0,0
100,0,0
101,0,0
102,0,0
103,0,0
104,0,0
105,0,0
106,0,0
107,0,0
108,0,0
109,0,0
110,0,0
111,0,0
112,0,0
113,0,0
114,0,0
115,0,0
116,0,0
117,0,0
118,0,0
119,0,0
120,0,0
121,0,0
122,0,0
123,0,0
124,0,0
125,0,0
126,0,0
127,0,0
