1,1,0
2,0,0
3,0,0
4,0,0
5,1,0
6,1,0
7,0,0
8,0,0
9,2,0
10,0,0
11,0,0
12,1,0
13,1,0
14,1,0
15,1,1
16,0,0
17,4,0
18,4,1
19,6,0
20,4,0
21,6,1
22,2,0
23,7,0
24,10,0
25,7,0
26,9,1
27,9,2
28,22,1
29,34,4
30,21,3
31,36,0
32,42,1
33,45,2
34,71,3
35,86,5
36,92,7
37,133,7
38,139,8
39,178,8
40,189,9
41,246,10
42,273,18
43,388,15
44,468,20
45,556,26
46,657,35
47,812,49
48,932,42
49,1146,56
50,1397,80
51,1638,88
52,1987,100
53,2323,140
54,2750,161
55,3447,158
56,3877,222
57,4758,257
58,5635,272
59,6692,368
60,7909,428
61,9499,525
62,11376,579
63,13727,728
64,16385,822
65,19533,1025
66,23296,1247
67,28198,1470
68,33335,1788
69,39915,2125
70,47078,2480
71,51836,2801
72,50412,2863
73,41897,2676
74,30708,2327
75,20155,1799
76,12287,1247
77,6966,791
78,3590,565
79,1769,334
80,842,218
81,406,106
82,196,53
83,93,35
84,27,18
85,15,11
86,5,5
87,4,1
88,0,4
89,0,1
90,0,0
91,0,0
92,0,0
93,0,0
94,0,0
95,0,0
96,0,0
97,0,0
98,0,0
99,0,0
100,0,0
101,0,0
102,0,0
103,0,0
104,0,0
105,0,0
106,0,0
107,0,0
108,0,0
109,0,0
110,0,0
111,0,0
112,0,0
113,0,0
114,0,0
115,0,0
116,0,0
117,0,0
118,0,0
119,0,0
120,0,0
121,0,0
122,0,0
123,0,0
124,0,0
125,0,0
126,0,0
127,0,0
