1,1,0
2,0,0
3,0,0
4,3,0
5,12,0
6,10,0
7,6,0
8,8,1
9,12,0
10,14,0
11,16,1
12,17,0
13,15,2
14,21,3
15,33,0
16,31,1
17,41,0
18,48,1
19,63,2
20,76,7
21,78,3
22,117,3
23,125,6
24,111,4
25,167,5
26,183,9
27,228,9
28,285,14
29,362,18
30,415,10
31,504,21
32,610,29
33,756,43
34,935,42
35,975,63
36,1296,60
37,1445,84
38,1747,98
39,2104,129
40,2503,146
41,3134,163
42,3834,171
43,4479,228
44,5297,272
45,6331,317
46,7642,357
47,9235,468
48,11059,579
49,13335,654
50,15849,791
51,18774,991
52,22492,1146
53,27251,1324
54,32015,1683
55,38039,2058
56,45349,2395
57,51355,2770
58,50494,2899
59,44082,2876
60,32976,2420
61,22255,1883
62,13706,1438
63,7740,936
64,4177,580
65,2076,364
66,1046,216
67,477,137
68,213,81
69,92,40
70,37,23
71,20,10
72,9,7
73,0,1
74,1,1
75,1,0
76,0,1
77,0,0
78,0,0
79,0,0
80,0,0
81,0,0
82,0,0
83,0,0
84,0,0
85,0,0
86,0,0
87,0,0
88,0,0
89,0,0
90,0,0
91,0,0
92,0,0
93,0,0
94,0,0
95,0,0
96,0,0
97,0,0
98,0,0
99,0,0
100,0,0
101,0,0
102,0,0
103,0,0
104,0,0
105,0,0
106,0,0
107,0,0
108,0,0
109,0,0
110,0,0
111,0,0
112,0,0
113,0,0
114,0,0
115,0,0
116,0,0
117,0,0
118,0,0
119,0,0
120,0,0
121,0,0
122,0,0
123,0,0
124,0,0
125,0,0
126,0,0
127,0,0
