1,1,0
2,0,0
3,0,0
4,1,0
5,0,0
6,0,0
7,0,0
8,0,0
9,0,0
10,0,0
11,1,0
12,0,0
13,0,0
14,1,0
15,1,0
16,0,0
17,2,0
18,0,0
19,1,0
20,1,1
21,1,0
22,1,0
23,2,0
24,3,0
25,3,0
26,2,0
27,0,0
28,3,1
29,1,0
30,1,1
31,4,1
32,10,1
33,8,1
34,14,0
35,13,1
36,20,0
37,15,0
38,27,0
39,27,1
40,40,2
41,37,2
42,48,5
43,57,4
44,46,2
45,82,5
46,67,4
47,84,5
48,118,3
49,133,7
50,146,7
51,165,9
52,219,11
53,251,21
54,291,15
55,340,25
56,448,19
57,543,29
58,683,35
59,729,38
60,817,44
61,1015,43
62,1167,72
63,1383,70
64,1683,97
65,2014,110
66,2350,118
67,2896,163
68,3327,174
69,4071,223
70,4809,257
71,5742,320
72,6987,369
73,8479,398
74,10040,519
75,11983,625
76,14196,691
77,17073,854
78,20086,1024
79,24145,1258
80,28843,1487
81,34466,1840
82,41664,2105
83,47929,2595
84,52226,2777
85,49228,2894
86,40310,2657
87,28640,2143
88,18587,1608
89,10854,1176
90,6153,794
91,3185,474
92,1580,320
93,730,164
94,389,100
95,164,56
96,58,44
97,33,17
98,16,10
99,4,1
100,3,2
101,1,0
102,0,1
103,0,0
104,0,1
105,0,0
106,0,0
107,0,0
108,0,0
109,0,0
110,0,0
111,0,0
112,0,0
113,0,0
114,0,0
115,0,0
116,0,0
117,0,0
118,0,0
119,0,0
120,0,0
121,0,0
122,0,0
123,0,0
124,0,0
125,0,0
126,0,0
127,0,0
