1,1,0
2,0,0
3,0,0
4,1,0
5,0,0
6,1,0
7,1,0
8,2,0
9,2,0
10,1,0
11,1,0
12,4,0
13,5,0
14,7,0
15,5,0
16,2,0
17,10,0
18,12,1
19,4,2
20,19,2
21,29,1
22,31,3
23,37,2
24,54,2
25,74,2
26,77,6
27,103,5
28,91,3
29,112,7
30,112,14
31,117,7
32,139,16
33,174,10
34,199,15
35,265,11
36,288,17
37,313,12
38,407,26
39,473,25
40,575,26
41,686,40
42,780,50
43,881,40
44,1027,57
45,1309,75
46,1603,90
47,1759,105
48,2178,117
49,2617,119
50,3150,146
51,3772,196
52,4565,265
53,5462,273
54,6630,325
55,7932,381
56,9374,436
57,11336,573
58,13465,663
59,16482,887
60,19736,986
61,23597,1191
62,28222,1436
63,33935,1728
64,40434,2009
65,48228,2540
66,53243,2858
67,51995,2889
68,43820,2792
69,32348,2333
70,21083,1766
71,12915,1280
72,7135,802
73,3789,556
74,1982,326
75,895,184
76,457,105
77,194,54
78,77,34
79,39,19
80,21,11
81,8,9
82,3,0
83,0,1
84,0,0
85,0,0
86,0,0
87,0,0
88,0,0
89,0,0
90,0,0
91,0,0
92,0,0
93,0,0
94,0,0
95,0,0
96,0,0
97,0,0
98,0,0
99,0,0
100,0,0
101,0,0
102,0,0
103,0,0
104,0,0
105,0,0
