1,1,0
2,0,0
3,0,0
4,0,0
5,2,0
6,1,0
7,2,0
8,0,0
9,0,0
10,0,0
11,0,0
12,1,0
13,0,1
14,1,0
15,0,0
16,5,0
17,3,0
18,12,0
19,16,0
20,10,0
21,12,0
22,12,2
23,19,3
24,19,2
25,21,2
26,26,3
27,40,3
28,37,1
29,33,2
30,56,2
31,69,1
32,53,4
33,63,4
34,74,3
35,99,6
36,95,6
37,128,12
38,156,7
39,188,12
40,201,11
41,236,11
42,278,18
43,299,18
44,402,14
45,488,27
46,548,39
47,719,38
48,813,42
49,954,40
50,1152,63
51,1360,68
52,1658,86
53,1956,109
54,2362,115
55,2836,138
56,3364,189
57,4049,191
58,4785,251
59,5709,298
60,7013,323
61,8280,413
62,9904,504
63,12052,622
64,14471,726
65,17373,930
66,20918,1049
67,24606,1252
68,29627,1468
69,35360,1805
70,42717,2246
71,50210,2561
72,53177,2890
73,49546,2970
74,39376,2727
75,28301,2078
76,18098,1567
77,10739,1122
78,5853,745
79,3022,473
80,1576,289
81,732,143
82,338,81
83,148,51
84,67,26
85,27,17
86,13,12
87,3,2
88,6,2
89,0,0
90,0,2
91,0,0
92,0,0
93,0,0
94,0,0
95,0,0
96,0,0
97,0,0
98,0,0
99,0,0
100,0,0
101,0,0
102,0,0
103,0,0
104,0,0
105,0,0
