1,1,0
2,0,0
3,1,0
4,1,0
5,5,0
6,1,0
7,4,0
8,7,0
9,6,1
10,7,0
11,12,0
12,10,1
13,6,0
14,10,4
15,14,1
16,20,2
17,20,4
18,25,0
19,30,1
20,49,1
21,33,2
22,58,3
23,72,1
24,69,4
25,82,4
26,115,3
27,108,7
28,143,9
29,156,11
30,179,11
31,245,14
32,308,15
33,405,16
34,524,15
35,541,28
36,630,30
37,749,43
38,856,50
39,1068,59
40,1292,67
41,1544,86
42,1989,77
43,2357,142
44,2793,111
45,3178,119
46,3889,204
47,4730,191
48,5530,310
49,6598,340
50,7827,416
51,9532,455
52,11566,590
53,13577,701
54,16387,851
55,19598,1027
56,23207,1152
57,27911,1422
58,33393,1738
59,39855,2074
60,47189,2410
61,52472,2851
62,51720,2922
63,44131,2774
64,32823,2444
65,21782,1854
66,13276,1331
67,7542,932
68,4044,547
69,1980,321
70,999,224
71,481,120
72,183,70
73,70,31
74,33,18
75,20,12
76,12,3
77,3,3
78,1,1
79,0,0
80,1,0
81,0,1
82,0,0
83,0,0
84,0,0
85,0,0
86,0,0
87,0,0
88,0,0
89,0,0
90,0,0
91,0,0
92,0,0
93,0,0
94,0,0
95,0,0
96,0,0
97,0,0
98,0,0
99,0,0
100,0,0
101,0,0
102,0,0
103,0,0
104,0,0
105,0,0
