1,1,0
2,0,0
3,0,0
4,0,0
5,1,0
6,1,0
7,2,0
8,0,0
9,3,0
10,7,0
11,10,0
12,6,0
13,4,0
14,8,0
15,8,1
16,11,0
17,15,0
18,14,2
19,21,2
20,36,3
21,31,2
22,41,0
23,33,0
24,52,2
25,78,3
26,94,2
27,99,7
28,94,3
29,98,8
30,144,10
31,180,9
32,243,11
33,253,15
34,327,13
35,380,32
36,444,27
37,544,25
38,627,48
39,738,46
40,940,32
41,1153,37
42,1357,74
43,1513,75
44,1837,97
45,2076,112
46,2453,144
47,2942,144
48,3576,201
49,4224,233
50,5067,278
51,6173,311
52,7502,365
53,8727,418
54,10344,510
55,12505,667
56,15131,795
57,17978,882
58,21735,1100
59,25888,1273
60,30934,1609
61,37361,1874
62,44403,2397
63,51689,2658
64,53707,2903
65,48421,2754
66,37706,2605
67,26339,2052
68,16498,1492
69,9689,1087
70,5213,703
71,2777,428
72,1345,233
73,606,145
74,283,67
75,98,53
76,59,27
77,19,9
78,15,5
79,9,3
80,1,1
81,0,1
82,0,1
83,1,0
84,0,0
85,0,0
86,0,0
87,0,0
88,0,0
89,0,0
90,0,0
91,0,0
92,0,0
93,0,0
94,0,0
95,0,0
96,0,0
97,0,0
98,0,0
99,0,0
100,0,0
101,0,0
102,0,0
103,0,0
104,0,0
105,0,0
