1,1,0
2,1,0
3,1,0
4,3,0
5,5,0
6,16,0
7,18,1
8,19,0
9,27,0
10,13,1
11,25,0
12,33,0
13,38,0
14,42,3
15,60,4
16,79,3
17,99,5
18,109,6
19,109,5
20,145,7
21,182,7
22,225,9
23,272,16
24,288,11
25,361,21
26,385,27
27,481,25
28,553,28
29,642,31
30,791,37
31,981,47
32,1094,53
33,1333,71
34,1584,88
35,1900,103
36,2358,123
37,2629,137
38,3204,164
39,3629,218
40,4493,260
41,5228,286
42,6259,360
43,7469,410
44,9074,498
45,10852,535
46,12955,731
47,15604,797
48,18658,983
49,22467,1099
50,26900,1343
51,32356,1651
52,38571,1872
53,45847,2256
54,51395,2711
55,51972,2932
56,44299,2754
57,33037,2388
58,22530,1895
59,13892,1406
60,7883,949
61,4187,591
62,2160,355
63,1013,195
64,473,113
65,246,58
66,106,46
67,44,21
68,18,9
69,10,3
70,2,2
71,0,2
72,1,0
73,0,1
74,0,0
75,0,0
76,0,0
77,0,0
78,0,0
79,0,0
80,0,0
81,0,0
82,0,0
83,0,0
84,0,0
85,0,0
86,0,0
87,0,0
88,0,0
89,0,0
90,0,0
91,0,0
92,0,0
93,0,0
94,0,0
95,0,0
96,0,0
97,0,0
98,0,0
99,0,0
100,0,0
101,0,0
102,0,0
103,0,0
104,0,0
105,0,0
