1,1,0
2,0,0
3,0,0
4,1,0
5,2,0
6,1,0
7,3,0
8,2,0
9,5,0
10,4,0
11,2,1
12,4,1
13,1,0
14,1,0
15,4,0
16,3,1
17,15,0
18,10,0
19,14,1
20,33,1
21,25,0
22,39,2
23,46,1
24,42,2
25,58,1
26,80,3
27,84,9
28,133,6
29,166,7
30,177,7
31,203,9
32,309,8
33,393,22
34,430,15
35,515,25
36,570,28
37,698,32
38,827,43
39,995,39
40,1116,72
41,1350,70
42,1673,93
43,1985,98
44,2370,117
45,2863,142
46,3380,168
47,4125,192
48,4867,276
49,5716,299
50,6977,353
51,8457,381
52,9886,529
53,11900,645
54,14397,726
55,17278,873
56,20684,1019
57,24985,1261
58,29492,1458
59,35265,1913
60,42074,2219
61,49395,2555
62,52798,2853
63,48756,2830
64,39325,2666
65,27962,2122
66,17825,1655
67,10521,1129
68,5834,739
69,3055,459
70,1555,323
71,719,180
72,335,122
73,156,47
74,63,31
75,26,12
76,10,8
77,4,4
78,1,2
79,1,1
80,0,1
81,0,0
82,0,0
83,0,1
84,0,0
85,0,0
86,0,0
87,0,0
88,0,0
89,0,0
90,0,0
91,0,0
92,0,0
93,0,0
94,0,0
95,0,0
96,0,0
97,0,0
98,0,0
99,0,0
100,0,0
101,0,0
102,0,0
103,0,0
104,0,0
105,0,0
