1,1,0
2,0,0
3,0,0
4,0,0
5,1,0
6,0,0
7,0,0
8,6,0
9,4,0
10,6,1
11,6,0
12,11,2
13,14,0
14,22,0
15,43,1
16,37,1
17,36,0
18,69,2
19,79,2
20,129,5
21,147,4
22,178,4
23,211,7
24,278,11
25,366,19
26,398,17
27,452,19
28,587,30
29,778,47
30,836,32
31,1014,40
32,1217,45
33,1480,68
34,1744,88
35,2073,108
36,2463,138
37,2955,166
38,3602,177
39,4416,211
40,5201,264
41,6223,299
42,7366,398
43,8859,484
44,10604,523
45,12747,640
46,15433,759
47,18431,920
48,21770,1151
49,26253,1366
50,31423,1584
51,37682,1925
52,44459,2319
53,51460,2598
54,53217,2847
55,47433,2912
56,36397,2499
57,25217,2042
58,15412,1426
59,8999,1033
60,4962,657
61,2598,418
62,1225,224
63,542,127
64,263,71
65,132,32
66,55,27
67,19,12
68,9,8
69,9,3
70,1,5
71,1,0
72,1,0
73,0,0
74,0,1
75,0,0
76,0,0
77,0,0
78,0,0
79,0,0
80,0,0
81,0,0
82,0,0
83,0,0
84,0,0
85,0,0
86,0,0
87,0,0
88,0,0
89,0,0
90,0,0
91,0,0
92,0,0
93,0,0
94,0,0
95,0,0
96,0,0
97,0,0
98,0,0
99,0,0
100,0,0
101,0,0
102,0,0
103,0,0
104,0,0
105,0,0
