1,1,0
2,0,0
3,0,0
4,0,0
5,4,0
6,3,0
7,2,0
8,4,0
9,4,0
10,1,0
11,2,0
12,1,0
13,0,3
14,2,1
15,0,0
16,2,0
17,5,0
18,4,0
19,3,0
20,6,0
21,7,0
22,6,2
23,5,1
24,8,0
25,8,1
26,13,0
27,14,2
28,17,2
29,10,1
30,20,0
31,14,1
32,23,2
33,22,2
34,37,1
35,60,2
36,48,3
37,73,2
38,111,2
39,116,4
40,162,4
41,184,10
42,252,10
43,217,18
44,294,19
45,376,19
46,411,18
47,576,18
48,694,28
49,744,39
50,957,47
51,1011,60
52,1263,81
53,1486,88
54,1720,93
55,2021,117
56,2417,154
57,2992,170
58,3478,190
59,4147,250
60,5000,279
61,5925,251
62,7090,327
63,8694,444
64,10306,495
65,12334,603
66,14948,811
67,17934,879
68,21459,1039
69,25593,1332
70,30618,1596
71,36344,1859
72,43284,2216
73,50228,2726
74,53441,2839
75,49150,2890
76,39035,2527
77,27722,2086
78,17434,1602
79,10375,1058
80,5608,763
81,2937,453
82,1491,273
83,727,170
84,323,102
85,135,52
86,64,26
87,27,13
88,12,7
89,7,4
90,1,2
91,2,0
92,0,0
93,0,2
94,0,0
95,0,0
96,0,0
97,0,0
98,0,0
99,0,0
100,0,0
101,0,0
102,0,0
103,0,0
104,0,0
105,0,0
