1,1,0
2,0,0
3,0,0
4,1,0
5,1,0
6,2,0
7,2,0
8,6,0
9,6,0
10,6,1
11,1,0
12,8,0
13,8,1
14,2,0
15,5,1
16,4,1
17,1,0
18,2,2
19,3,0
20,6,2
21,3,1
22,10,1
23,19,0
24,18,0
25,18,0
26,22,0
27,21,1
28,32,1
29,50,0
30,42,2
31,59,3
32,77,5
33,74,3
34,72,6
35,97,8
36,116,7
37,137,9
38,178,9
39,203,8
40,229,15
41,272,19
42,346,13
43,388,18
44,460,31
45,571,38
46,676,26
47,781,43
48,880,53
49,1099,67
50,1327,78
51,1572,76
52,1829,91
53,2296,113
54,2786,140
55,3302,155
56,3885,197
57,4703,246
58,5658,325
59,6504,318
60,7941,398
61,9761,484
62,11697,594
63,13974,705
64,16503,833
65,20007,1004
66,23813,1232
67,28661,1475
68,34474,1770
69,40918,2157
70,48543,2490
71,53160,2760
72,50819,2873
73,42010,2704
74,30680,2176
75,20048,1731
76,11860,1270
77,6586,776
78,3514,512
79,1846,329
80,794,181
81,389,109
82,167,62
83,65,17
84,24,18
85,16,7
86,4,5
87,6,2
88,1,1
89,0,0
90,0,0
91,0,0
92,0,1
93,0,0
94,0,0
95,0,0
96,0,0
97,0,0
98,0,0
99,0,0
100,0,0
101,0,0
102,0,0
103,0,0
104,0,0
105,0,0
