1,1,0
2,0,0
3,1,0
4,8,0
5,21,0
6,27,0
7,29,0
8,27,1
9,15,0
10,36,4
11,28,0
12,31,2
13,37,2
14,51,9
15,78,3
16,100,6
17,146,2
18,178,5
19,208,8
20,303,4
21,341,16
22,390,18
23,520,24
24,578,26
25,689,31
26,848,44
27,987,58
28,1242,54
29,1485,82
30,1781,105
31,2218,114
32,2777,109
33,3305,166
34,3964,180
35,4620,236
36,5467,306
37,6537,333
38,8121,394
39,9483,488
40,11443,638
41,13498,713
42,16261,816
43,19573,1030
44,23448,1250
45,27725,1377
46,32965,1735
47,39376,2006
48,47056,2394
49,52457,2782
50,51480,2944
51,43284,2806
52,32268,2378
53,21344,1780
54,13320,1342
55,7317,891
56,3883,578
57,2039,349
58,973,221
59,444,117
60,207,73
61,88,32
62,33,17
63,21,5
64,4,2
65,3,1
66,0,1
67,0,1
68,0,0
69,0,0
70,0,0
71,0,0
72,0,0
73,0,0
74,0,0
75,0,0
76,0,0
77,0,0
78,0,0
79,0,0
80,0,0
81,0,0
82,0,0
83,0,0
84,0,0
85,0,0
86,0,0
87,0,0
88,0,0
89,0,0
90,0,0
91,0,0
92,0,0
93,0,0
94,0,0
95,0,0
96,0,0
97,0,0
98,0,0
99,0,0
100,0,0
101,0,0
102,0,0
103,0,0
104,0,0
105,0,0
