1,1,0
2,0,0
3,0,0
4,0,0
5,0,0
6,0,0
7,3,0
8,1,0
9,1,0
10,0,0
11,0,0
12,1,0
13,0,1
14,1,0
15,2,1
16,2,0
17,4,0
18,1,0
19,4,0
20,5,0
21,3,0
22,5,0
23,4,0
24,4,0
25,4,1
26,10,0
27,6,0
28,12,1
29,9,0
30,15,1
31,13,0
32,23,4
33,38,1
34,33,1
35,51,0
36,66,6
37,56,2
38,85,3
39,100,6
40,136,9
41,152,7
42,163,11
43,184,9
44,212,10
45,262,20
46,339,12
47,376,16
48,409,26
49,483,36
50,544,32
51,733,46
52,912,45
53,1062,41
54,1261,59
55,1640,82
56,1899,81
57,2344,103
58,2727,154
59,3357,174
60,4097,198
61,5009,234
62,5673,274
63,6930,376
64,8499,394
65,10029,516
66,11908,607
67,13929,683
68,16987,835
69,20482,1070
