1,1,0
2,0,0
3,0,0
4,1,0
5,1,0
6,0,0
7,0,0
8,1,0
9,1,0
10,0,0
11,1,0
12,2,0
13,4,0
14,7,0
15,12,0
16,17,1
17,18,0
18,13,0
19,14,1
20,18,0
21,23,2
22,20,1
23,27,2
24,36,3
25,39,3
26,57,2
27,85,2
28,96,3
29,133,3
30,159,8
31,160,13
32,185,13
33,258,18
34,295,16
35,327,24
36,398,18
37,527,22
38,589,28
39,682,27
40,925,38
41,1059,63
42,1378,66
43,1478,78
44,1838,89
45,2154,110
46,2551,138
47,3022,145
48,3697,184
49,4458,249
50,5265,261
51,6428,276
52,7811,400
53,9247,453
54,10792,563
55,13229,651
56,16096,788
57,19097,975
58,22594,1120
59,27124,1377
60,32100,1695
61,39615,1959
62,46848,2406
63,53900,2759
64,56765,2992
65,52134,3072
66,41281,2810
67,29070,2252
68,18562,1712
69,10954,1200
