1,1,0
2,0,0
3,0,0
4,0,0
5,1,0
6,0,0
7,1,0
8,1,0
9,2,0
10,5,0
11,2,0
12,3,0
13,0,0
14,3,0
15,1,0
16,0,1
17,3,1
18,6,0
19,4,0
20,1,0
21,9,0
22,10,0
23,23,0
24,22,0
25,28,0
26,56,1
27,62,2
28,76,3
29,77,4
30,85,5
31,104,4
32,137,9
33,150,6
34,125,7
35,222,10
36,260,12
37,335,20
38,386,15
39,449,22
40,537,22
41,612,35
42,704,48
43,827,49
44,979,44
45,1105,69
46,1371,76
47,1599,81
48,1883,94
49,2285,112
50,2734,158
51,3451,140
52,3919,212
53,4783,255
54,5809,294
55,6793,348
56,8492,399
57,9845,483
58,11843,640
59,14136,726
60,16903,874
61,20183,1045
62,23993,1283
63,28546,1515
64,34438,1698
65,41019,2152
66,49074,2583
67,58394,2985
68,69848,3704
69,83280,4292
