1,1,0
2,0,0
3,0,0
4,0,0
5,1,0
6,1,0
7,2,0
8,0,0
9,1,0
10,4,0
11,2,0
12,2,0
13,3,1
14,3,0
15,4,0
16,3,0
17,10,1
18,6,0
19,17,0
20,30,0
21,39,1
22,48,2
23,55,1
24,62,6
25,75,2
26,83,5
27,112,7
28,120,3
29,149,8
30,183,10
31,234,11
32,266,13
33,333,26
34,394,16
35,457,25
36,558,25
37,713,36
38,820,39
39,1034,50
40,1221,51
41,1439,76
42,1767,83
43,2116,112
44,2539,137
45,3120,140
46,3515,188
47,4325,222
48,5311,263
49,6426,342
50,7525,382
51,9322,437
52,10914,516
53,13016,662
54,15693,817
55,18456,916
56,22462,1106
57,26684,1349
58,32274,1712
59,38744,2036
60,45922,2333
61,52314,2746
62,53693,2895
63,47247,2897
64,37149,2543
65,25233,2066
66,15953,1497
67,9162,1077
68,4925,666
69,2594,394
