1,1,0
2,0,0
3,1,0
4,0,0
5,3,1
6,5,0
7,8,2
8,14,0
9,3,0
10,7,0
11,21,1
12,20,0
13,29,0
14,25,1
15,30,1
16,39,1
17,36,0
18,41,4
19,64,3
20,74,6
21,79,5
22,99,6
23,132,10
24,128,3
25,147,6
26,224,1
27,303,10
28,332,16
29,427,15
30,496,20
31,589,31
32,722,36
33,941,45
34,1058,55
35,1251,60
36,1532,76
37,1870,95
38,2249,126
39,2645,127
40,3213,160
41,3903,206
42,4524,225
43,5497,291
44,6623,359
45,7927,424
46,9291,496
47,11178,581
48,13356,682
49,16169,822
50,19192,951
51,22885,1230
52,27446,1463
53,32798,1686
54,39720,2033
55,47021,2320
56,52850,2802
57,52871,2878
58,45946,2812
59,34493,2477
60,23188,1856
61,14074,1311
62,7993,919
63,4309,613
64,2236,396
65,1040,224
66,458,123
67,252,59
68,104,48
69,49,17
