1,1,0
2,0,0
3,0,0
4,0,0
5,0,0
6,0,0
7,2,0
8,0,0
9,1,0
10,1,0
11,1,0
12,6,0
13,4,0
14,0,0
15,5,0
16,2,0
17,3,1
18,2,0
19,1,0
20,1,1
21,1,0
22,0,0
23,1,1
24,3,0
25,1,0
26,5,0
27,1,0
28,3,1
29,6,1
30,4,0
31,3,0
32,7,0
33,12,0
34,6,1
35,7,0
36,12,1
37,15,0
38,18,0
39,15,2
40,15,1
41,18,2
42,23,1
43,22,3
44,23,0
45,29,7
46,42,2
47,69,1
48,70,1
49,78,4
50,112,7
51,123,10
52,110,2
53,171,9
54,226,5
55,283,15
56,309,14
57,361,24
58,505,22
59,501,27
60,697,24
61,770,26
62,954,61
63,1048,63
64,1214,57
65,1460,69
66,1783,87
67,2084,105
68,2496,123
69,3016,177
