1,1,0
2,0,0
3,0,0
4,4,1
5,2,0
6,2,0
7,1,1
8,0,0
9,4,0
10,2,0
11,3,0
12,2,0
13,2,0
14,4,2
15,2,1
16,1,0
17,2,0
18,5,1
19,2,0
20,8,0
21,8,0
22,13,1
23,18,1
24,15,1
25,24,3
26,44,1
27,43,1
28,48,0
29,49,4
30,68,11
31,77,3
32,102,7
33,132,2
34,166,6
35,142,8
36,163,18
37,204,13
38,249,15
39,317,11
40,375,17
41,439,22
42,544,24
43,620,25
44,757,47
45,868,48
46,1014,63
47,1306,70
48,1570,82
49,1970,95
50,2305,100
51,2802,138
52,3205,168
53,3709,215
54,4530,230
55,5333,263
56,6579,339
57,7905,394
58,9408,469
59,11424,624
60,13521,736
61,16427,833
62,19462,992
63,23326,1215
64,27937,1386
65,33656,1716
66,39887,2021
67,47952,2428
68,57545,2906
69,68354,3540
