1,1,0
2,0,0
3,0,0
4,1,0
5,0,0
6,1,0
7,0,0
8,0,0
9,2,0
10,1,0
11,0,0
12,4,0
13,1,0
14,3,0
15,10,0
16,12,0
17,11,0
18,18,1
19,26,0
20,15,0
21,18,4
22,30,1
23,51,3
24,60,2
25,69,3
26,80,3
27,102,5
28,118,5
29,124,13
30,158,12
31,196,10
32,279,8
33,284,17
34,349,18
35,441,11
36,547,20
37,617,20
38,747,49
39,881,51
40,1110,48
41,1347,68
42,1582,78
43,1976,85
44,2323,101
45,2827,141
46,3495,173
47,4146,209
48,4966,228
49,6065,279
50,7219,385
51,8648,460
52,10658,508
53,12715,617
54,15215,770
55,18059,909
56,21538,1121
57,25743,1323
58,30619,1582
59,37084,1962
60,44657,2272
61,51861,2715
62,53428,2906
63,48267,2812
64,37647,2553
65,26297,2066
66,16429,1497
67,9539,1065
68,5059,653
69,2662,438
70,1323,270
71,654,181
72,304,78
73,139,40
74,56,32
75,27,11
76,11,8
77,3,2
78,2,1
79,0,4
80,0,1
81,0,0
82,0,0
83,0,0
84,0,0
85,0,0
86,0,0
87,0,0
88,0,0
89,0,0
90,0,0
91,0,0
92,0,0
93,0,0
94,0,0
95,0,0
96,0,0
97,0,0
98,0,0
99,0,0
100,0,0
101,0,0
102,0,0
103,0,0
104,0,0
105,0,0
106,0,0
107,0,0
108,0,0
109,0,0
110,0,0
111,0,0
112,0,0
113,0,0
114,0,0
115,0,0
116,0,0
