1,1,0
2,0,0
3,0,0
4,0,0
5,0,0
6,1,0
7,0,0
8,2,0
9,9,0
10,9,0
11,5,0
12,10,0
13,14,0
14,17,0
15,16,1
16,16,3
17,19,0
18,20,2
19,25,1
20,26,1
21,35,2
22,43,3
23,43,3
24,87,8
25,83,6
26,90,1
27,129,3
28,123,10
29,176,10
30,184,11
31,234,13
32,268,19
33,363,15
34,395,14
35,453,27
36,580,36
37,682,44
38,801,44
39,956,63
40,1151,64
41,1345,75
42,1537,94
43,1710,83
44,2061,131
45,2541,153
46,2972,148
47,3761,201
48,4395,233
49,5166,270
50,6358,339
51,7364,393
52,8904,439
53,10488,575
54,12325,679
55,14679,785
56,17646,984
57,20876,1075
58,25368,1401
59,29869,1512
60,36192,1828
61,42722,2232
62,49278,2558
63,51828,2845
64,46529,2849
65,36828,2487
66,26004,1952
67,16010,1474
68,9354,1053
69,5095,681
70,2763,415
71,1307,241
72,616,144
73,321,70
74,137,40
75,53,16
76,29,13
77,11,11
78,2,3
79,1,2
80,1,0
81,1,0
82,1,0
83,0,0
84,0,0
85,0,0
86,0,0
87,0,0
88,0,0
89,0,0
90,0,0
91,0,0
92,0,0
93,0,0
94,0,0
95,0,0
96,0,0
97,0,0
98,0,0
99,0,0
100,0,0
101,0,0
102,0,0
103,0,0
104,0,0
105,0,0
106,0,0
107,0,0
108,0,0
109,0,0
110,0,0
111,0,0
112,0,0
113,0,0
114,0,0
115,0,0
116,0,0
