1,1,0
2,0,0
3,0,0
4,0,0
5,1,0
6,0,0
7,3,0
8,2,1
9,2,0
10,1,0
11,2,0
12,7,0
13,6,0
14,4,0
15,7,0
16,7,1
17,5,0
18,10,0
19,9,2
20,15,2
21,10,2
22,9,0
23,5,2
24,13,2
25,6,0
26,9,1
27,25,0
28,10,0
29,30,3
30,39,0
31,50,1
32,55,2
33,54,5
34,78,2
35,102,3
36,120,6
37,133,3
38,153,7
39,201,5
40,254,16
41,270,19
42,358,14
43,405,14
44,420,23
45,555,29
46,688,25
47,860,40
48,1029,49
49,1182,61
50,1470,73
51,1686,99
52,2042,112
53,2419,131
54,2889,171
55,3551,175
56,4291,224
57,5084,264
58,6046,304
59,7303,350
60,8692,454
61,10301,531
62,12568,618
63,14785,793
64,17846,939
65,21202,1083
66,25040,1328
67,30138,1666
68,35858,1908
69,42792,2240
70,50004,2611
71,52809,2979
72,48511,2892
73,38541,2470
74,26813,1969
75,17046,1551
76,9884,1051
77,5342,653
78,2822,408
79,1415,282
80,673,180
81,311,104
82,145,55
83,63,28
84,33,13
85,5,8
86,2,2
87,3,0
88,0,0
89,0,0
90,0,1
91,0,0
92,0,0
93,0,0
94,0,0
95,0,0
96,0,0
97,0,0
98,0,0
99,0,0
100,0,0
101,0,0
102,0,0
103,0,0
104,0,0
105,0,0
106,0,0
107,0,0
108,0,0
109,0,0
110,0,0
111,0,0
112,0,0
113,0,0
114,0,0
115,0,0
116,0,0
