1,1,0
2,0,0
3,2,0
4,4,0
5,8,0
6,17,0
7,21,0
8,21,0
9,24,0
10,29,3
11,39,1
12,53,0
13,45,0
14,65,3
15,70,3
16,99,5
17,91,1
18,109,5
19,136,13
20,159,10
21,180,9
22,235,15
23,303,11
24,361,15
25,386,20
26,478,22
27,628,27
28,725,31
29,820,46
30,1097,56
31,1369,67
32,1708,80
33,1911,86
34,2335,112
35,2875,146
36,3445,176
37,4052,208
38,4900,294
39,5918,276
40,7098,359
41,8571,441
42,10060,508
43,12087,610
44,14710,728
45,17281,904
46,20576,1068
47,24630,1360
48,29506,1568
49,34978,1771
50,42018,2177
51,49498,2564
52,53666,2872
53,50333,2887
54,40699,2567
55,29341,2185
56,19065,1650
57,11220,1179
58,6308,769
59,3166,492
60,1599,338
61,748,163
62,317,74
63,169,51
64,91,36
65,29,12
66,9,10
67,5,1
68,0,0
69,0,2
70,0,1
71,0,1
72,0,0
73,0,0
74,0,0
75,0,0
76,0,0
77,0,0
78,0,0
79,0,0
80,0,0
81,0,0
82,0,0
83,0,0
84,0,0
85,0,0
86,0,0
87,0,0
88,0,0
89,0,0
90,0,0
91,0,0
92,0,0
93,0,0
94,0,0
95,0,0
96,0,0
97,0,0
98,0,0
99,0,0
100,0,0
101,0,0
102,0,0
103,0,0
104,0,0
105,0,0
106,0,0
107,0,0
108,0,0
109,0,0
110,0,0
111,0,0
112,0,0
113,0,0
114,0,0
115,0,0
116,0,0
