1,1,0
2,0,0
3,0,0
4,1,0
5,2,0
6,2,0
7,4,1
8,2,0
9,5,0
10,2,0
11,6,0
12,4,1
13,2,0
14,5,0
15,3,0
16,7,0
17,6,3
18,5,1
19,7,2
20,9,1
21,7,0
22,8,0
23,6,1
24,4,0
25,7,1
26,9,0
27,11,3
28,13,1
29,19,4
30,23,1
31,18,3
32,31,2
33,32,4
34,34,3
35,27,4
36,50,2
37,68,2
38,87,5
39,87,7
40,104,5
41,146,9
42,137,5
43,184,6
44,195,15
45,215,7
46,262,18
47,342,25
48,334,26
49,399,17
50,537,25
51,622,35
52,712,46
53,907,39
54,1095,53
55,1303,65
56,1609,88
57,1900,99
58,2261,113
59,2739,133
60,3226,153
61,3829,186
62,4719,228
63,5551,305
64,6784,352
65,8054,429
66,9719,491
67,11494,589
68,13563,673
69,16204,817
70,19627,1018
71,23421,1211
72,28115,1481
73,33566,1702
74,39791,2080
75,47079,2578
76,51876,2711
77,50590,2894
78,41873,2776
79,30730,2325
80,20319,1802
81,12293,1247
82,6851,839
83,3511,535
84,1828,326
85,840,200
86,392,130
87,183,59
88,88,33
89,37,12
90,15,8
91,10,6
92,3,3
93,1,2
94,0,1
95,0,0
96,0,1
97,0,0
98,0,0
99,0,0
100,0,0
101,0,0
102,0,0
103,0,0
104,0,0
105,0,0
106,0,0
107,0,0
108,0,0
109,0,0
110,0,0
111,0,0
112,0,0
113,0,0
114,0,0
115,0,0
116,0,0
