1,1,0
2,0,0
3,0,0
4,0,0
5,0,0
6,0,0
7,0,0
8,0,0
9,1,0
10,0,0
11,2,0
12,1,0
13,4,0
14,3,0
15,7,0
16,6,0
17,11,0
18,14,1
19,17,1
20,20,0
21,23,1
22,31,1
23,37,1
24,38,2
25,47,2
26,51,2
27,66,4
28,68,11
29,92,8
30,96,8
31,101,5
32,135,13
33,160,5
34,168,8
35,184,13
36,222,8
37,290,15
38,365,21
39,356,31
40,498,25
41,615,44
42,696,42
43,849,49
44,978,55
45,1123,56
46,1368,84
47,1686,88
48,1902,92
49,2205,107
50,2627,139
51,3136,172
52,3696,181
53,4373,264
54,5169,310
55,6350,330
56,7410,381
57,8549,489
58,10510,524
59,12642,680
60,14968,787
61,17708,902
62,21568,1025
63,25482,1325
64,30610,1579
65,36611,1922
66,43982,2263
67,50484,2661
68,52178,2854
69,46758,2817
70,36866,2443
71,25384,2042
72,15887,1539
73,9204,1064
74,5014,676
75,2580,440
76,1367,249
77,611,126
78,253,80
79,118,35
80,54,24
81,20,7
82,11,7
83,5,4
84,2,3
85,1,0
86,0,0
87,0,0
88,0,0
89,0,0
90,0,0
91,0,0
92,0,0
93,0,0
94,0,0
95,0,0
96,0,0
97,0,0
98,0,0
99,0,0
100,0,0
101,0,0
102,0,0
103,0,0
104,0,0
105,0,0
106,0,0
107,0,0
108,0,0
109,0,0
110,0,0
111,0,0
112,0,0
113,0,0
114,0,0
115,0,0
116,0,0
