1,1,0
2,0,0
3,0,0
4,1,0
5,0,0
6,1,0
7,3,0
8,1,0
9,1,0
10,2,0
11,4,0
12,2,0
13,5,0
14,13,0
15,10,0
16,8,0
17,16,1
18,17,0
19,17,2
20,26,0
21,30,3
22,37,0
23,34,2
24,48,1
25,54,2
26,68,3
27,107,3
28,109,8
29,112,5
30,134,4
31,166,15
32,183,11
33,220,9
34,235,20
35,325,15
36,350,14
37,450,22
38,593,28
39,652,26
40,745,36
41,871,40
42,1054,54
43,1279,69
44,1502,97
45,1760,84
46,2070,116
47,2404,150
48,3002,168
49,3409,190
50,4232,214
51,5183,283
52,6149,321
53,7272,394
54,8666,475
55,10606,540
56,12741,658
57,14861,804
58,17845,917
59,21548,1050
60,25899,1343
61,31294,1537
62,37194,1945
63,43885,2235
64,51475,2722
65,53296,2940
66,47957,2798
67,37725,2465
68,25834,2061
69,16490,1545
70,9567,990
71,5161,751
72,2683,438
73,1293,238
74,631,148
75,274,93
76,108,39
77,57,29
78,32,14
79,7,10
80,8,1
81,1,0
82,0,1
83,0,0
84,1,0
85,0,0
86,0,0
87,0,0
88,0,0
89,0,0
90,0,0
91,0,0
92,0,0
93,0,0
94,0,0
95,0,0
96,0,0
97,0,0
98,0,0
99,0,0
100,0,0
101,0,0
102,0,0
103,0,0
104,0,0
105,0,0
106,0,0
107,0,0
108,0,0
109,0,0
110,0,0
111,0,0
112,0,0
113,0,0
114,0,0
115,0,0
116,0,0
