1,1,0
2,0,0
3,0,0
4,2,0
5,0,0
6,1,0
7,1,0
8,4,0
9,2,0
10,2,0
11,2,0
12,2,0
13,6,0
14,0,0
15,5,1
16,0,0
17,3,1
18,2,0
19,1,0
20,8,1
21,1,0
22,2,2
23,6,3
24,9,0
25,5,2
26,11,2
27,9,0
28,5,1
29,2,1
30,3,0
31,7,0
32,12,1
33,12,0
34,26,1
35,18,0
36,31,0
37,17,3
38,30,3
39,41,3
40,64,2
41,60,5
42,77,6
43,82,5
44,99,3
45,123,5
46,155,10
47,159,8
48,214,12
49,281,16
50,314,13
51,394,11
52,527,30
53,552,29
54,695,32
55,801,46
56,883,49
57,1166,71
58,1400,61
59,1709,74
60,2088,97
61,2506,120
62,2920,147
63,3425,175
64,4117,223
65,4953,260
66,5909,296
67,7017,395
68,8458,435
69,10055,541
70,12244,603
71,14518,826
72,17291,912
73,20708,1060
74,24685,1305
75,29729,1513
76,35077,1858
77,42441,2216
78,49104,2569
79,51560,2878
80,47506,2780
81,37519,2440
82,26000,2043
83,16483,1600
84,9654,1115
85,5340,722
86,2734,458
87,1418,270
88,633,157
89,286,85
90,144,50
91,50,36
92,24,12
93,9,4
94,4,5
95,1,6
96,1,2
97,0,0
98,0,2
99,0,0
100,0,0
