1,1,0
2,0,0
3,1,0
4,0,0
5,3,0
6,4,1
7,2,0
8,9,0
9,12,0
10,9,1
11,17,0
12,16,0
13,25,1
14,25,0
15,21,1
16,36,1
17,44,2
18,57,2
19,58,0
20,95,6
21,100,4
22,117,5
23,163,4
24,190,6
25,230,8
26,276,11
27,341,13
28,434,18
29,494,23
30,606,23
31,764,20
32,897,55
33,1084,56
34,1297,76
35,1477,81
36,1762,102
37,2204,109
38,2629,116
39,3177,155
40,3647,172
41,4293,212
42,5128,296
43,6292,345
44,7388,395
45,8995,456
46,10746,538
47,12633,634
48,15544,824
49,18238,933
50,21953,1138
51,26135,1310
52,31472,1596
53,37564,1864
54,44585,2343
55,51265,2699
56,52630,2897
57,46903,2859
58,36291,2549
59,24779,1958
60,15718,1488
61,9092,1025
62,4973,660
63,2499,437
64,1273,250
65,561,131
66,249,88
67,105,45
68,49,18
69,25,13
70,7,3
71,9,1
72,2,2
73,0,1
74,0,0
75,0,0
76,0,1
77,0,0
78,0,0
79,0,0
80,0,0
81,0,0
82,0,0
83,0,0
84,0,0
85,0,0
86,0,0
87,0,0
88,0,0
89,0,0
90,0,0
91,0,0
92,0,0
93,0,0
94,0,0
95,0,0
96,0,0
97,0,0
98,0,0
99,0,0
100,0,0
