1,1,0
2,0,0
3,1,0
4,1,0
5,5,0
6,8,0
7,8,0
8,11,0
9,7,0
10,8,0
11,15,0
12,12,2
13,15,2
14,20,1
15,28,2
16,28,3
17,33,1
18,28,2
19,35,4
20,45,2
21,54,3
22,40,1
23,58,4
24,60,6
25,66,8
26,108,7
27,108,2
28,106,6
29,153,6
30,192,3
31,204,11
32,221,15
33,276,22
34,363,14
35,408,20
36,450,35
37,544,33
38,688,34
39,723,36
40,905,46
41,1173,48
42,1484,69
43,1723,101
44,2110,103
45,2499,126
46,2983,128
47,3549,158
48,4238,247
49,4899,222
50,5826,321
51,6931,376
52,8556,440
53,10270,550
54,12334,617
55,14514,753
56,17556,903
57,20954,1101
58,25176,1334
59,29591,1503
60,36140,1808
61,43179,2221
62,50875,2561
63,54492,2851
64,50031,2928
65,40038,2611
66,28823,2116
67,18313,1643
68,10765,1142
69,6037,791
70,3095,486
71,1621,253
72,720,171
73,346,85
74,160,69
75,66,22
76,30,16
77,12,7
78,3,2
79,0,1
80,0,0
81,1,1
82,0,0
83,0,0
84,0,0
85,0,0
86,0,0
87,0,0
88,0,0
89,0,0
90,0,0
91,0,0
92,0,0
93,0,0
94,0,0
95,0,0
96,0,0
97,0,0
98,0,0
99,0,0
100,0,0
