1,1,0
2,0,0
3,0,0
4,1,0
5,1,0
6,6,0
7,1,0
8,4,1
9,9,0
10,11,1
11,7,0
12,2,0
13,5,1
14,5,1
15,2,1
16,4,0
17,9,0
18,12,1
19,13,1
20,30,1
21,37,0
22,44,1
23,56,3
24,55,3
25,67,5
26,92,4
27,109,6
28,145,9
29,160,10
30,166,8
31,271,16
32,303,8
33,335,20
34,381,18
35,472,28
36,552,37
37,719,37
38,838,33
39,1013,60
40,1233,69
41,1514,77
42,1784,81
43,2169,104
44,2666,125
45,3045,175
46,3754,189
47,4360,222
48,5390,286
49,6330,332
50,7459,396
51,9137,453
52,10653,557
53,12863,666
54,15678,827
55,18785,959
56,22625,1092
57,27163,1399
58,32606,1645
59,39420,1932
60,46440,2325
61,53092,2752
62,53885,2963
63,47158,2862
64,35677,2427
65,24421,1950
66,14933,1438
67,8534,978
68,4673,670
69,2362,396
70,1151,234
71,540,125
72,238,67
73,100,39
74,51,30
75,21,13
76,7,5
77,3,0
78,0,3
79,0,0
80,0,0
81,0,0
82,0,0
83,0,0
84,0,0
85,0,0
86,0,0
87,0,0
88,0,0
89,0,0
90,0,0
91,0,0
92,0,0
93,0,0
94,0,0
95,0,0
96,0,0
97,0,0
98,0,0
99,0,0
100,0,0
