1,1,0
2,0,0
3,0,0
4,2,0
5,1,0
6,4,0
7,3,0
8,2,0
9,5,0
10,4,1
11,9,0
12,6,0
13,12,1
14,18,0
15,25,0
16,35,0
17,32,1
18,26,2
19,45,2
20,48,5
21,45,3
22,89,7
23,121,3
24,131,3
25,137,8
26,172,12
27,218,11
28,262,10
29,290,13
30,356,14
31,458,29
32,564,26
33,672,34
34,777,34
35,929,55
36,1165,54
37,1426,77
38,1644,84
39,1993,107
40,2227,124
41,2751,151
42,3350,162
43,4111,209
44,4894,257
45,5931,291
46,7117,366
47,8577,418
48,10124,485
49,12095,645
50,14554,727
51,17391,937
52,20608,1037
53,24669,1275
54,29468,1522
55,34939,1841
56,42255,2177
57,49719,2565
58,53693,2921
59,50257,2931
60,41015,2681
61,29724,2129
62,19030,1565
63,11310,1173
64,6338,756
65,3282,511
66,1648,287
67,799,173
68,359,95
69,180,59
70,74,29
71,32,16
72,11,10
73,9,5
74,1,3
75,1,1
76,0,0
77,0,0
78,0,0
79,0,0
80,0,0
81,0,0
82,0,0
83,0,0
84,0,0
85,0,0
86,0,0
87,0,0
88,0,0
89,0,0
90,0,0
91,0,0
92,0,0
93,0,0
94,0,0
95,0,0
96,0,0
97,0,0
98,0,0
99,0,0
100,0,0
