1,1,0
2,0,0
3,0,0
4,1,0
5,1,0
6,2,0
7,4,0
8,2,0
9,2,0
10,4,0
11,6,0
12,6,0
13,9,0
14,16,0
15,22,0
16,29,2
17,46,0
18,47,2
19,40,1
20,58,4
21,94,5
22,120,3
23,130,7
24,148,6
25,178,7
26,213,8
27,247,14
28,301,15
29,341,13
30,370,19
31,488,29
32,561,30
33,651,40
34,801,34
35,965,58
36,1182,54
37,1341,72
38,1640,86
39,1948,86
40,2336,117
41,2750,150
42,3386,168
43,4103,205
44,4699,262
45,5766,313
46,6664,357
47,8116,412
48,9776,496
49,11362,591
50,13693,667
51,16705,866
52,19506,1037
53,23084,1185
54,27363,1468
55,33195,1679
56,39215,2090
57,47026,2504
58,51827,2804
59,50425,2907
60,42173,2799
61,31132,2231
62,20580,1788
63,12242,1239
64,6925,826
65,3642,587
66,1877,327
67,862,180
68,468,100
69,193,62
70,76,27
71,41,16
72,15,9
73,5,5
74,2,2
75,0,3
76,1,1
77,0,0
78,0,0
79,0,0
80,0,0
81,0,0
82,0,0
83,0,0
84,0,0
85,0,0
86,0,0
87,0,0
88,0,0
89,0,0
90,0,0
91,0,0
92,0,0
93,0,0
94,0,0
95,0,0
96,0,0
97,0,0
98,0,0
99,0,0
100,0,0
101,0,0
102,0,0
103,0,0
104,0,0
105,0,0
106,0,0
107,0,0
108,0,0
109,0,0
110,0,0
111,0,0
112,0,0
113,0,0
114,0,0
115,0,0
116,0,0
117,0,0
118,0,0
119,0,0
120,0,0
121,0,0
