1,1,0
2,0,0
3,0,0
4,3,0
5,8,0
6,5,0
7,3,0
8,15,0
9,15,0
10,17,1
11,28,1
12,42,1
13,36,1
14,70,2
15,89,2
16,105,2
17,117,5
18,136,6
19,148,10
20,177,11
21,229,9
22,250,10
23,285,19
24,339,20
25,415,23
26,482,23
27,609,34
28,697,42
29,867,41
30,1044,55
31,1285,62
32,1537,65
33,1860,88
34,2330,105
35,2646,151
36,3283,143
37,3898,194
38,4777,231
39,5631,282
40,6730,333
41,7799,437
42,9528,473
43,11306,625
44,13656,702
45,16425,856
46,19606,1039
47,23321,1186
48,28053,1436
49,33541,1708
50,39471,2140
51,47504,2480
52,52799,2778
53,52086,2835
54,44278,2801
55,32886,2316
56,21884,1774
57,13234,1372
58,7545,869
59,3985,559
60,1956,374
61,1011,220
62,510,119
63,222,73
64,90,41
65,30,22
66,15,6
67,9,4
68,5,1
69,0,2
70,0,2
71,0,0
72,0,0
73,0,0
74,0,0
75,0,0
76,0,0
77,0,0
78,0,0
79,0,0
80,0,0
81,0,0
82,0,0
83,0,0
84,0,0
85,0,0
86,0,0
87,0,0
88,0,0
89,0,0
90,0,0
91,0,0
92,0,0
93,0,0
94,0,0
95,0,0
96,0,0
97,0,0
98,0,0
99,0,0
100,0,0
101,0,0
102,0,0
103,0,0
104,0,0
105,0,0
106,0,0
107,0,0
108,0,0
109,0,0
110,0,0
111,0,0
112,0,0
113,0,0
114,0,0
115,0,0
116,0,0
117,0,0
118,0,0
119,0,0
120,0,0
121,0,0
