1,1,0
2,0,0
3,0,0
4,2,0
5,1,0
6,4,0
7,7,0
8,8,0
9,13,0
10,9,0
11,22,1
12,26,0
13,41,2
14,66,1
15,83,0
16,97,3
17,95,5
18,105,7
19,141,7
20,168,7
21,209,9
22,273,16
23,346,11
24,455,24
25,554,21
26,735,35
27,777,40
28,872,42
29,1075,56
30,1331,76
31,1575,63
32,1906,110
33,2368,123
34,2802,144
35,3283,157
36,3716,194
37,4654,266
38,5610,288
39,6644,345
40,7944,397
41,9675,489
42,11687,587
43,14063,738
44,16780,856
45,20265,1075
46,24559,1246
47,29562,1469
48,34943,1785
49,41876,2136
50,49503,2641
51,53854,2831
52,49630,2882
53,40842,2591
54,28949,2216
55,18536,1698
56,11036,1265
57,6213,764
58,3226,512
59,1604,312
60,766,176
61,379,91
62,152,44
63,70,37
64,23,10
65,14,5
66,10,2
67,2,3
68,4,2
69,0,1
70,0,0
71,0,0
72,0,0
73,0,0
74,0,0
75,0,0
76,0,0
77,0,0
78,0,0
79,0,0
80,0,0
81,0,0
82,0,0
83,0,0
84,0,0
85,0,0
86,0,0
87,0,0
88,0,0
89,0,0
90,0,0
91,0,0
92,0,0
93,0,0
94,0,0
95,0,0
96,0,0
97,0,0
98,0,0
99,0,0
100,0,0
101,0,0
102,0,0
103,0,0
104,0,0
105,0,0
106,0,0
107,0,0
108,0,0
109,0,0
110,0,0
111,0,0
112,0,0
113,0,0
114,0,0
115,0,0
116,0,0
117,0,0
118,0,0
119,0,0
120,0,0
121,0,0
