1,1,0
2,0,0
3,0,0
4,0,0
5,1,1
6,3,0
7,1,0
8,2,0
9,2,0
10,3,0
11,1,0
12,5,0
13,2,1
14,8,0
15,9,0
16,14,0
17,18,1
18,27,1
19,28,0
20,38,1
21,34,2
22,61,1
23,63,2
24,56,4
25,58,5
26,71,7
27,112,8
28,121,10
29,132,12
30,164,8
31,225,12
32,257,5
33,285,12
34,305,19
35,351,28
36,426,35
37,532,29
38,610,36
39,727,39
40,858,40
41,1047,45
42,1136,63
43,1367,93
44,1602,95
45,1852,129
46,2240,107
47,2753,175
48,3320,176
49,3980,200
50,4661,242
51,5538,304
52,6829,340
53,8109,438
54,9648,517
55,11979,583
56,14144,720
57,16590,864
58,20099,1028
59,23907,1259
60,28644,1476
61,34231,1769
62,41295,2138
63,48537,2518
64,52209,2809
65,49511,2813
66,40463,2615
67,29109,2168
68,18691,1711
69,11171,1174
70,6097,777
71,3268,459
72,1625,304
73,816,180
74,375,98
75,144,56
76,69,29
77,26,11
78,9,9
79,8,5
80,1,3
81,1,1
82,0,1
83,0,0
84,0,0
85,0,0
86,0,0
87,0,0
88,0,0
89,0,0
90,0,0
91,0,0
92,0,0
93,0,0
94,0,0
95,0,0
96,0,0
97,0,0
98,0,0
99,0,0
100,0,0
101,0,0
102,0,0
103,0,0
104,0,0
105,0,0
106,0,0
107,0,0
108,0,0
109,0,0
110,0,0
111,0,0
112,0,0
113,0,0
114,0,0
115,0,0
116,0,0
117,0,0
118,0,0
119,0,0
120,0,0
121,0,0
