1,1,0
2,0,0
3,0,0
4,1,0
5,4,0
6,7,0
7,6,0
8,6,0
9,5,0
10,5,0
11,8,1
12,13,0
13,11,0
14,12,0
15,14,1
16,16,1
17,20,1
18,18,1
19,16,2
20,16,2
21,21,0
22,25,1
23,24,2
24,25,1
25,31,8
26,47,2
27,48,1
28,46,4
29,51,3
30,49,6
31,74,4
32,77,3
33,113,9
34,124,8
35,126,4
36,203,10
37,262,9
38,274,17
39,310,9
40,414,20
41,493,20
42,645,26
43,668,45
44,769,39
45,881,50
46,1162,62
47,1386,53
48,1564,75
49,1884,111
50,2308,108
51,2739,141
52,3093,167
53,3790,196
54,4564,232
55,5443,268
56,6398,351
57,7931,429
58,9584,477
59,11104,559
60,13415,701
61,16155,855
62,19282,986
63,23196,1194
64,27699,1428
65,32913,1700
66,39945,2054
67,47438,2412
68,52355,2820
69,51270,2898
70,43710,2727
71,32274,2316
72,21359,1801
73,12914,1360
74,7418,841
75,3936,590
76,1947,362
77,933,195
78,458,107
79,201,78
80,90,30
81,31,16
82,15,8
83,4,8
84,1,3
85,2,1
86,0,0
87,0,0
88,0,0
89,0,0
90,0,0
91,0,1
92,0,0
93,0,0
94,0,0
95,0,0
96,0,0
97,0,0
98,0,0
99,0,0
100,0,0
101,0,0
102,0,0
103,0,0
104,0,0
105,0,0
106,0,0
107,0,0
108,0,0
109,0,0
110,0,0
111,0,0
112,0,0
113,0,0
114,0,0
115,0,0
116,0,0
117,0,0
118,0,0
119,0,0
120,0,0
121,0,0
