1,1,0
2,0,0
3,1,0
4,2,0
5,6,0
6,7,0
7,3,0
8,4,0
9,5,0
10,8,0
11,11,0
12,7,1
13,12,0
14,11,0
15,13,3
16,20,0
17,21,1
18,18,2
19,34,3
20,33,0
21,48,2
22,46,1
23,62,2
24,66,6
25,94,4
26,104,3
27,135,6
28,164,13
29,183,10
30,211,11
31,248,18
32,280,13
33,317,17
34,410,18
35,466,26
36,585,38
37,679,43
38,878,34
39,1015,54
40,1191,52
41,1401,62
42,1716,83
43,2076,106
44,2562,137
45,3038,158
46,3587,166
47,4218,241
48,5127,234
49,6033,292
50,7182,395
51,8501,437
52,10061,550
53,12178,639
54,14290,770
55,17112,860
56,20687,1056
57,24365,1273
58,29241,1496
59,34885,1774
60,41246,2188
61,48868,2491
62,51954,2923
63,48171,2825
64,38880,2549
65,27777,2112
66,17799,1582
67,10439,1146
68,5772,736
69,3117,512
70,1524,275
71,733,157
72,325,80
73,148,50
74,68,27
75,25,15
76,9,4
77,3,6
78,3,2
79,0,1
80,0,1
81,0,1
82,0,1
83,0,0
84,0,0
85,0,0
86,0,0
87,0,0
88,0,0
89,0,0
90,0,0
91,0,0
92,0,0
93,0,0
94,0,0
95,0,0
96,0,0
97,0,0
98,0,0
99,0,0
100,0,0
101,0,0
102,0,0
103,0,0
104,0,0
105,0,0
106,0,0
107,0,0
108,0,0
109,0,0
110,0,0
111,0,0
112,0,0
113,0,0
114,0,0
115,0,0
116,0,0
117,0,0
118,0,0
119,0,0
120,0,0
121,0,0
