1,1,0
2,0,0
3,0,0
4,0,0
5,0,0
6,1,0
7,1,0
8,0,0
9,2,0
10,2,0
11,3,0
12,0,1
13,1,0
14,1,0
15,2,0
16,0,0
17,0,0
18,2,1
19,1,0
20,5,0
21,3,0
22,7,1
23,7,0
24,6,0
25,15,0
26,19,0
27,18,1
28,36,0
29,33,1
30,42,5
31,47,1
32,37,3
33,79,2
34,76,2
35,111,4
36,131,6
37,140,12
38,206,8
39,259,8
40,315,13
41,370,15
42,465,14
43,500,22
44,642,24
45,754,43
46,842,45
47,1061,57
48,1210,71
49,1499,69
50,1796,97
51,2180,120
52,2631,114
53,3203,159
54,3866,193
55,4576,225
56,5717,279
57,6674,365
58,8056,389
59,9675,502
60,11330,580
61,13219,680
62,15995,803
63,19338,984
64,22844,1202
65,27250,1418
66,33008,1737
67,39214,2083
68,46438,2398
69,52717,2784
70,51896,2928
71,44628,2769
72,32586,2346
73,21866,1833
74,13267,1272
75,7553,895
76,4065,564
77,2004,330
78,981,198
79,467,124
80,223,69
81,88,36
82,39,18
83,20,8
84,2,6
85,3,2
86,0,3
87,2,2
88,1,0
89,0,0
90,0,1
91,0,0
92,0,0
93,0,0
94,0,0
95,0,0
96,0,0
97,0,0
98,0,0
99,0,0
100,0,0
101,0,0
102,0,0
103,0,0
104,0,0
105,0,0
106,0,0
107,0,0
108,0,0
109,0,0
110,0,0
111,0,0
112,0,0
113,0,0
114,0,0
115,0,0
116,0,0
117,0,0
118,0,0
119,0,0
120,0,0
121,0,0
