1,1,0
2,0,0
3,0,0
4,5,0
5,7,0
6,9,0
7,9,0
8,17,2
9,27,0
10,22,2
11,32,0
12,28,1
13,46,1
14,54,2
15,81,4
16,84,5
17,93,8
18,149,9
19,165,8
20,186,15
21,212,10
22,256,12
23,274,12
24,315,21
25,389,24
26,472,29
27,543,27
28,709,37
29,818,44
30,958,55
31,1193,70
32,1344,84
33,1689,83
34,1948,125
35,2453,113
36,2888,155
37,3472,193
38,4164,204
39,4991,261
40,5942,313
41,7160,378
42,8500,444
43,9907,524
44,11911,634
45,13938,805
46,17078,925
47,20130,1106
48,24190,1265
49,28949,1479
50,34387,1768
51,40647,2028
52,48239,2637
53,52022,2889
54,49083,2815
55,40100,2639
56,29194,2122
57,18647,1561
58,11025,1224
59,6199,761
60,3222,536
61,1569,289
62,805,187
63,346,103
64,168,43
65,91,24
66,34,13
67,13,11
68,2,6
69,5,0
70,0,0
71,0,0
72,0,0
73,0,0
74,0,0
75,0,0
76,0,0
77,0,0
78,0,0
79,0,0
80,0,0
81,0,0
82,0,0
83,0,0
84,0,0
85,0,0
86,0,0
87,0,0
88,0,0
89,0,0
90,0,0
91,0,0
92,0,0
93,0,0
94,0,0
95,0,0
96,0,0
97,0,0
98,0,0
99,0,0
100,0,0
101,0,0
102,0,0
103,0,0
104,0,0
105,0,0
106,0,0
107,0,0
108,0,0
109,0,0
110,0,0
111,0,0
112,0,0
113,0,0
114,0,0
115,0,0
116,0,0
117,0,0
118,0,0
119,0,0
120,0,0
121,0,0
