1,1,0
2,0,0
3,0,0
4,0,0
5,2,0
6,6,0
7,5,0
8,8,0
9,5,0
10,10,0
11,6,0
12,10,0
13,9,1
14,7,1
15,17,2
16,18,2
17,22,0
18,19,1
19,10,1
20,18,2
21,34,1
22,30,3
23,40,3
24,57,1
25,85,4
26,103,5
27,106,3
28,123,8
29,164,8
30,171,8
31,224,14
32,270,14
33,293,21
34,374,23
35,368,27
36,496,23
37,623,28
38,728,40
39,790,52
40,1036,51
41,1245,74
42,1487,74
43,1693,86
44,2007,110
45,2473,132
46,2823,164
47,3571,169
48,4147,229
49,4859,243
50,5847,302
51,7125,379
52,8514,486
53,9938,503
54,12063,649
55,14770,767
56,17478,903
57,20800,1062
58,25460,1223
59,30225,1541
60,35716,1809
61,42813,2215
62,49704,2609
63,52390,2759
64,47864,2840
65,37762,2667
66,26484,2160
67,16782,1598
68,9911,1078
69,5342,751
70,2811,436
71,1446,291
72,657,167
73,272,95
74,145,47
75,62,30
76,28,16
77,13,5
78,2,1
79,1,2
80,1,1
81,0,0
82,0,1
83,0,0
84,0,0
85,0,0
86,0,0
87,0,0
88,0,0
89,0,0
90,0,0
91,0,0
92,0,0
93,0,0
94,0,0
95,0,0
96,0,0
97,0,0
98,0,0
99,0,0
100,0,0
101,0,0
102,0,0
103,0,0
104,0,0
105,0,0
106,0,0
107,0,0
108,0,0
109,0,0
110,0,0
111,0,0
112,0,0
113,0,0
114,0,0
115,0,0
116,0,0
117,0,0
118,0,0
119,0,0
120,0,0
121,0,0
