1,1,0
2,0,0
3,0,0
4,0,0
5,0,0
6,0,0
7,1,0
8,0,0
9,0,0
10,3,0
11,5,0
12,6,0
13,3,0
14,7,0
15,9,0
16,15,0
17,20,0
18,26,1
19,22,1
20,28,3
21,38,2
22,59,2
23,66,3
24,95,1
25,107,3
26,150,4
27,172,8
28,246,10
29,307,15
30,342,7
31,434,15
32,552,12
33,608,36
34,720,31
35,933,38
36,1049,62
37,1206,60
38,1472,93
39,1674,89
40,2048,98
41,2489,120
42,3154,155
43,3724,189
44,4450,232
45,5327,243
46,6138,308
47,7325,398
48,8812,485
49,10311,551
50,12482,674
51,14927,780
52,17776,889
53,20893,1165
54,25278,1371
55,30356,1546
56,36396,1845
57,43165,2211
58,50493,2549
59,53063,2876
60,48376,2989
61,38485,2607
62,27024,2070
63,17196,1533
64,9901,1125
65,5418,667
66,2923,435
67,1422,246
68,714,170
69,301,94
70,111,35
71,63,28
72,25,19
73,15,4
74,4,4
75,1,2
76,1,1
77,0,0
78,0,0
79,0,0
80,0,0
81,0,0
82,0,0
83,0,0
84,0,0
85,0,0
86,0,0
87,0,0
88,0,0
89,0,0
90,0,0
91,0,0
92,0,0
93,0,0
94,0,0
95,0,0
96,0,0
97,0,0
98,0,0
99,0,0
100,0,0
101,0,0
102,0,0
103,0,0
104,0,0
105,0,0
106,0,0
107,0,0
108,0,0
109,0,0
110,0,0
111,0,0
112,0,0
113,0,0
114,0,0
115,0,0
116,0,0
117,0,0
118,0,0
119,0,0
120,0,0
121,0,0
122,0,0
123,0,0
124,0,0
125,0,0
126,0,0
127,0,0
128,0,0
129,0,0
130,0,0
131,0,0
132,0,0
133,0,0
134,0,0
135,0,0
136,0,0
137,0,0
138,0,0
139,0,0
140,0,0
