1,1,0
2,0,0
3,0,0
4,0,0
5,1,0
6,1,0
7,1,0
8,4,0
9,0,0
10,1,0
11,1,0
12,0,0
13,0,0
14,1,0
15,0,0
16,0,0
17,1,0
18,0,0
19,0,0
20,1,0
21,6,0
22,5,0
23,6,0
24,6,0
25,12,0
26,9,0
27,11,0
28,16,0
29,20,0
30,23,1
31,31,1
32,28,1
33,53,2
34,73,1
35,78,5
36,74,4
37,87,4
38,114,13
39,102,6
40,131,6
41,143,6
42,161,12
43,218,17
44,235,20
45,283,18
46,362,21
47,467,24
48,579,35
49,736,36
50,823,38
51,996,42
52,1164,59
53,1383,74
54,1632,86
55,2081,107
56,2390,116
57,2896,130
58,3606,178
59,4232,225
60,5095,257
61,5979,314
62,7257,375
63,8661,416
64,10187,530
65,12109,682
66,14388,762
67,17021,929
68,20401,1103
69,24483,1290
70,29436,1443
71,34944,1884
72,41813,2180
73,49013,2603
74,52291,2805
75,47825,2847
76,38910,2556
77,27347,2156
78,17554,1534
79,10345,1186
80,5652,705
81,2903,469
82,1456,284
83,704,156
84,302,102
85,146,47
86,71,28
87,19,17
88,10,4
89,5,1
90,0,1
91,0,0
92,0,0
93,0,0
94,0,0
95,0,0
96,0,0
97,0,0
98,0,0
99,0,0
100,0,0
101,0,0
102,0,0
103,0,0
104,0,0
105,0,0
106,0,0
107,0,0
108,0,0
109,0,0
110,0,0
111,0,0
112,0,0
113,0,0
114,0,0
115,0,0
116,0,0
117,0,0
118,0,0
119,0,0
120,0,0
121,0,0
122,0,0
123,0,0
124,0,0
125,0,0
126,0,0
127,0,0
128,0,0
129,0,0
130,0,0
131,0,0
132,0,0
133,0,0
134,0,0
135,0,0
136,0,0
137,0,0
138,0,0
139,0,0
140,0,0
