1,1,0
2,0,0
3,0,0
4,0,0
5,0,0
6,0,0
7,1,0
8,0,0
9,1,0
10,1,0
11,4,0
12,3,0
13,1,0
14,3,0
15,5,0
16,2,0
17,3,0
18,1,1
19,4,0
20,3,1
21,1,0
22,10,0
23,6,0
24,17,1
25,11,0
26,10,1
27,14,0
28,18,0
29,14,1
30,14,1
31,16,3
32,16,0
33,25,4
34,29,4
35,46,2
36,57,3
37,50,3
38,83,3
39,109,5
40,155,9
41,142,6
42,191,11
43,251,9
44,327,14
45,360,15
46,407,17
47,463,26
48,573,27
49,666,29
50,842,55
51,924,55
52,1127,60
53,1408,69
54,1690,87
55,2064,100
56,2501,119
57,3048,148
58,3605,174
59,4331,211
60,5157,292
61,6257,296
62,7671,372
63,9327,442
64,11074,533
65,13057,627
66,15729,771
67,18609,962
68,22786,1151
69,27297,1435
70,32307,1677
71,39416,1997
72,46308,2445
73,52405,2760
74,52261,2936
75,44717,2755
76,33988,2435
77,22434,1849
78,13986,1303
79,7789,908
80,4171,584
81,2143,406
82,1046,245
83,475,140
84,209,84
85,90,39
86,38,21
87,21,14
88,5,6
89,1,4
90,3,1
91,0,2
92,0,0
93,0,0
94,0,1
95,0,0
96,0,0
97,0,0
98,0,0
99,0,0
100,0,0
101,0,0
102,0,0
103,0,0
104,0,0
105,0,0
106,0,0
107,0,0
108,0,0
109,0,0
110,0,0
111,0,0
112,0,0
113,0,0
114,0,0
115,0,0
116,0,0
117,0,0
118,0,0
119,0,0
120,0,0
121,0,0
122,0,0
123,0,0
124,0,0
125,0,0
126,0,0
127,0,0
128,0,0
129,0,0
130,0,0
131,0,0
132,0,0
133,0,0
134,0,0
135,0,0
136,0,0
137,0,0
138,0,0
139,0,0
140,0,0
