1,1,0
2,0,0
3,0,0
4,1,0
5,3,0
6,3,1
7,3,0
8,6,0
9,0,0
10,2,0
11,1,0
12,6,1
13,3,0
14,4,0
15,5,1
16,11,0
17,8,0
18,9,1
19,13,0
20,14,0
21,22,2
22,15,0
23,22,0
24,21,2
25,49,1
26,38,3
27,50,1
28,69,6
29,65,4
30,78,3
31,93,6
32,130,6
33,148,8
34,207,12
35,222,16
36,303,11
37,366,23
38,440,13
39,501,31
40,617,29
41,784,46
42,978,41
43,1049,50
44,1268,60
45,1607,80
46,1855,95
47,2360,104
48,2743,138
49,3325,167
50,4093,214
51,4948,240
52,5720,281
53,6736,354
54,8244,458
55,9627,529
56,11550,591
57,13657,760
58,16354,891
59,19612,982
60,23838,1199
61,28589,1400
62,34121,1794
63,40727,2021
64,48587,2526
65,52721,2786
66,50125,2854
67,41751,2676
68,30071,2293
69,19483,1696
70,11674,1208
71,6502,854
72,3404,480
73,1717,324
74,799,177
75,381,108
76,158,62
77,71,28
78,35,18
79,7,8
80,4,1
81,2,1
82,1,1
83,0,0
84,0,0
85,0,0
86,0,0
87,0,0
88,0,0
89,0,0
90,0,0
91,0,0
92,0,0
93,0,0
94,0,0
95,0,0
96,0,0
97,0,0
98,0,0
99,0,0
100,0,0
101,0,0
102,0,0
103,0,0
104,0,0
105,0,0
106,0,0
107,0,0
108,0,0
109,0,0
110,0,0
111,0,0
112,0,0
113,0,0
114,0,0
115,0,0
116,0,0
117,0,0
118,0,0
119,0,0
120,0,0
121,0,0
122,0,0
123,0,0
124,0,0
125,0,0
126,0,0
127,0,0
128,0,0
129,0,0
130,0,0
131,0,0
132,0,0
133,0,0
134,0,0
135,0,0
136,0,0
137,0,0
138,0,0
139,0,0
140,0,0
