1,1,0
2,0,0
3,0,0
4,0,0
5,0,0
6,0,0
7,0,0
8,1,0
9,0,0
10,1,0
11,3,0
12,6,0
13,8,1
14,6,0
15,11,0
16,12,0
17,15,0
18,17,1
19,21,1
20,16,1
21,27,1
22,42,2
23,34,1
24,38,2
25,71,4
26,77,2
27,81,8
28,94,3
29,127,6
30,136,4
31,185,12
32,167,11
33,236,12
34,319,16
35,360,18
36,462,20
37,474,26
38,639,22
39,782,40
40,882,56
41,1139,54
42,1419,55
43,1689,88
44,1933,97
45,2366,109
46,2813,141
47,3487,178
48,4165,200
49,4852,234
50,5936,279
51,7100,360
52,8479,450
53,10233,528
54,12233,606
55,14657,769
56,17518,936
57,21304,1095
58,25497,1293
59,29941,1516
60,36351,1897
61,43217,2194
62,50537,2628
63,53113,2921
64,48322,2863
65,38129,2622
66,26806,2036
67,16837,1536
68,9842,1074
69,5498,726
70,2815,457
71,1355,270
72,693,174
73,322,87
74,158,57
75,69,36
76,28,15
77,9,6
78,4,5
79,1,4
80,0,1
81,0,0
82,0,0
83,0,0
84,0,0
85,0,0
86,0,0
87,0,0
88,0,0
89,0,0
90,0,0
91,0,0
92,0,0
93,0,0
94,0,0
95,0,0
96,0,0
97,0,0
98,0,0
99,0,0
100,0,0
101,0,0
102,0,0
103,0,0
104,0,0
105,0,0
106,0,0
107,0,0
108,0,0
109,0,0
110,0,0
111,0,0
112,0,0
113,0,0
114,0,0
115,0,0
116,0,0
117,0,0
118,0,0
119,0,0
120,0,0
121,0,0
122,0,0
123,0,0
124,0,0
125,0,0
126,0,0
127,0,0
128,0,0
129,0,0
130,0,0
131,0,0
132,0,0
133,0,0
134,0,0
135,0,0
136,0,0
137,0,0
138,0,0
139,0,0
140,0,0
