1,1,0
2,0,0
3,0,0
4,1,0
5,1,0
6,2,0
7,1,0
8,2,0
9,1,0
10,2,0
11,0,0
12,1,0
13,1,0
14,1,0
15,6,0
16,2,1
17,0,0
18,8,0
19,10,2
20,9,1
21,13,0
22,4,1
23,9,1
24,18,0
25,12,0
26,13,1
27,16,0
28,31,1
29,38,0
30,36,2
31,29,1
32,45,0
33,46,2
34,63,0
35,70,4
36,78,5
37,72,5
38,85,6
39,104,8
40,96,10
41,109,13
42,110,9
43,146,13
44,174,11
45,228,20
46,206,18
47,246,20
48,266,22
49,311,31
50,387,20
51,408,21
52,490,32
53,590,38
54,736,41
55,949,44
56,1138,62
57,1333,61
58,1648,74
59,1865,111
60,2328,114
61,2780,143
62,3317,180
63,3836,202
64,4715,247
65,5777,292
66,6640,331
67,7910,435
68,9511,507
69,11341,562
70,13649,679
71,16338,873
72,19838,1023
73,23473,1225
74,28162,1437
75,33709,1811
76,40233,2094
77,47824,2520
78,52293,2786
79,50084,2913
80,40805,2618
81,30136,2175
82,19571,1658
83,11873,1242
84,6451,789
85,3442,525
86,1724,293
87,827,196
88,383,111
89,158,71
90,61,36
91,46,17
92,15,8
93,4,5
94,2,0
95,0,1
96,0,0
97,0,0
98,0,0
99,0,0
100,0,0
101,0,0
102,0,0
103,0,0
104,0,0
105,0,0
106,0,0
107,0,0
108,0,0
109,0,0
110,0,0
111,0,0
112,0,0
113,0,0
114,0,0
115,0,0
116,0,0
117,0,0
118,0,0
119,0,0
120,0,0
121,0,0
122,0,0
123,0,0
124,0,0
125,0,0
126,0,0
127,0,0
128,0,0
129,0,0
130,0,0
131,0,0
132,0,0
133,0,0
134,0,0
135,0,0
136,0,0
137,0,0
138,0,0
139,0,0
140,0,0
