1,1,0
2,0,0
3,1,0
4,1,0
5,4,0
6,5,0
7,7,0
8,7,0
9,5,0
10,10,1
11,19,3
12,19,0
13,21,0
14,27,3
15,31,2
16,50,2
17,68,4
18,93,1
19,97,5
20,110,4
21,140,5
22,181,8
23,225,8
24,262,9
25,309,21
26,394,23
27,442,22
28,528,40
29,636,29
30,752,50
31,896,47
32,1055,53
33,1304,59
34,1611,95
35,1773,82
36,2086,104
37,2517,148
38,3016,185
39,3771,201
40,4430,223
41,5305,304
42,6312,315
43,7535,399
44,9062,473
45,10707,575
46,13121,654
47,15601,755
48,18778,987
49,22126,1186
50,26308,1428
51,31227,1603
52,37934,1930
53,44949,2401
54,51167,2689
55,52297,2873
56,45746,2786
57,34970,2384
58,23585,1893
59,14576,1328
60,8303,967
61,4297,664
62,2233,378
63,1131,216
64,534,131
65,225,60
66,101,41
67,44,15
68,17,8
69,11,4
70,6,4
71,0,3
72,0,1
73,0,0
74,0,0
75,0,0
76,0,0
77,0,0
78,0,0
79,0,0
80,0,0
81,0,0
82,0,0
83,0,0
84,0,0
85,0,0
86,0,0
87,0,0
88,0,0
89,0,0
90,0,0
91,0,0
92,0,0
93,0,0
94,0,0
95,0,0
96,0,0
97,0,0
98,0,0
99,0,0
100,0,0
101,0,0
102,0,0
103,0,0
104,0,0
105,0,0
106,0,0
107,0,0
108,0,0
109,0,0
110,0,0
111,0,0
112,0,0
113,0,0
114,0,0
115,0,0
116,0,0
117,0,0
118,0,0
119,0,0
120,0,0
121,0,0
122,0,0
123,0,0
124,0,0
125,0,0
126,0,0
127,0,0
128,0,0
129,0,0
130,0,0
131,0,0
132,0,0
133,0,0
134,0,0
135,0,0
136,0,0
137,0,0
138,0,0
139,0,0
140,0,0
