1,1,0
2,0,0
3,0,0
4,1,0
5,0,0
6,0,0
7,4,0
8,10,0
9,9,0
10,6,0
11,7,0
12,9,0
13,14,1
14,15,1
15,19,1
16,29,0
17,29,1
18,49,2
19,58,3
20,61,5
21,73,3
22,79,6
23,89,10
24,110,7
25,116,6
26,166,12
27,177,14
28,259,13
29,286,14
30,336,15
31,428,14
32,510,27
33,607,35
34,705,31
35,865,47
36,977,47
37,1242,66
38,1497,83
39,1716,117
40,1920,98
41,2492,135
42,2930,157
43,3588,189
44,4215,223
45,5265,258
46,6183,313
47,7517,328
48,9182,461
49,11065,543
50,13173,645
51,15978,765
52,18841,1007
53,22620,1159
54,27158,1427
55,32734,1658
56,38886,1895
57,46230,2418
58,53243,2705
59,52730,2893
60,46771,2961
61,35379,2458
62,24380,1939
63,15113,1423
64,8541,979
65,4625,683
66,2266,377
67,1150,260
68,502,114
69,264,93
70,121,38
71,49,14
72,22,7
73,6,6
74,2,4
75,0,3
76,1,0
77,0,0
78,0,0
79,0,0
80,0,0
81,0,0
82,0,0
83,0,0
84,0,0
85,0,0
86,0,0
87,0,0
88,0,0
89,0,0
90,0,0
91,0,0
92,0,0
93,0,0
94,0,0
95,0,0
96,0,0
97,0,0
98,0,0
99,0,0
100,0,0
101,0,0
102,0,0
103,0,0
104,0,0
105,0,0
106,0,0
107,0,0
108,0,0
109,0,0
110,0,0
111,0,0
112,0,0
113,0,0
114,0,0
115,0,0
116,0,0
117,0,0
118,0,0
119,0,0
120,0,0
121,0,0
122,0,0
123,0,0
124,0,0
125,0,0
126,0,0
127,0,0
128,0,0
129,0,0
130,0,0
131,0,0
132,0,0
133,0,0
134,0,0
135,0,0
136,0,0
137,0,0
138,0,0
139,0,0
140,0,0
