1,1,0
2,0,0
3,0,0
4,2,0
5,1,0
6,0,0
7,1,0
8,0,0
9,2,0
10,6,1
11,2,0
12,2,0
13,3,0
14,5,0
15,8,0
16,9,0
17,12,1
18,7,0
19,10,2
20,17,1
21,23,4
22,20,2
23,30,1
24,29,1
25,57,2
26,54,2
27,80,3
28,108,3
29,152,5
30,137,7
31,145,4
32,212,6
33,239,15
34,288,6
35,348,16
36,412,24
37,442,18
38,553,30
39,660,40
40,847,36
41,1001,42
42,1183,60
43,1449,75
44,1760,80
45,2072,111
46,2429,133
47,3051,157
48,3583,198
49,4226,224
50,5079,265
51,6051,294
52,7108,402
53,8489,467
54,10297,568
55,12265,626
56,14935,803
57,17877,959
58,21318,1117
59,25132,1329
60,29980,1593
61,36273,1836
62,43228,2194
63,50458,2591
64,53185,2820
65,48648,2826
66,38770,2621
67,26881,2111
68,17453,1521
69,10241,1082
70,5537,740
71,2825,464
72,1394,273
73,710,142
74,295,92
75,127,33
76,65,20
77,22,22
78,5,7
79,7,7
80,2,0
81,1,0
82,0,0
83,0,2
84,0,1
85,0,0
86,0,0
87,0,0
88,0,0
89,0,0
90,0,0
91,0,0
92,0,0
93,0,0
94,0,0
95,0,0
96,0,0
97,0,0
98,0,0
99,0,0
100,0,0
101,0,0
102,0,0
103,0,0
104,0,0
105,0,0
106,0,0
107,0,0
108,0,0
109,0,0
110,0,0
111,0,0
112,0,0
113,0,0
114,0,0
115,0,0
116,0,0
117,0,0
118,0,0
119,0,0
120,0,0
121,0,0
122,0,0
123,0,0
124,0,0
125,0,0
126,0,0
127,0,0
128,0,0
129,0,0
130,0,0
131,0,0
132,0,0
133,0,0
134,0,0
135,0,0
136,0,0
137,0,0
138,0,0
139,0,0
140,0,0
