1,1,0
2,0,0
3,0,0
4,0,0
5,0,0
6,1,0
7,0,0
8,0,1
9,2,0
10,3,0
11,6,0
12,3,0
13,6,1
14,5,0
15,8,1
16,4,0
17,13,0
18,14,0
19,17,1
20,17,1
21,22,0
22,26,1
23,18,3
24,28,1
25,31,3
26,32,6
27,29,3
28,53,2
29,58,0
30,67,4
31,78,5
32,90,5
33,94,3
34,106,7
35,110,11
36,170,9
37,186,5
38,211,12
39,257,20
40,272,14
41,351,22
42,416,29
43,488,25
44,550,39
45,735,45
46,896,36
47,1076,50
48,1276,81
49,1596,72
50,1893,90
51,2215,104
52,2752,128
53,3122,140
54,4024,188
55,4732,223
56,5791,291
57,6941,331
58,8223,406
59,9869,442
60,11709,556
61,14067,715
62,17126,837
63,20229,1005
64,24403,1277
65,29127,1524
66,34722,1815
67,41765,2160
68,48306,2492
69,52593,2855
70,49631,2900
71,40401,2702
72,28729,2183
73,18476,1710
74,11061,1217
75,6101,833
76,3136,483
77,1652,309
78,774,162
79,327,118
80,163,52
81,77,28
82,36,19
83,17,11
84,8,5
85,1,2
86,2,0
87,0,0
88,1,0
89,0,0
90,0,0
91,0,0
92,0,0
93,0,0
94,0,0
95,0,0
96,0,0
97,0,0
98,0,0
99,0,0
100,0,0
101,0,0
102,0,0
103,0,0
104,0,0
105,0,0
106,0,0
107,0,0
108,0,0
109,0,0
110,0,0
111,0,0
112,0,0
113,0,0
114,0,0
115,0,0
116,0,0
117,0,0
118,0,0
119,0,0
120,0,0
121,0,0
122,0,0
123,0,0
124,0,0
125,0,0
126,0,0
127,0,0
128,0,0
129,0,0
130,0,0
131,0,0
132,0,0
133,0,0
134,0,0
135,0,0
136,0,0
137,0,0
138,0,0
139,0,0
140,0,0
