1,1,0
2,0,0
3,0,0
4,0,0
5,0,0
6,1,0
7,1,0
8,0,0
9,0,0
10,2,0
11,1,0
12,3,0
13,6,0
14,1,0
15,3,0
16,5,0
17,2,0
18,3,0
19,1,0
20,3,0
21,4,0
22,0,0
23,0,1
24,5,0
25,0,1
26,6,1
27,1,1
28,6,0
29,4,0
30,2,0
31,8,0
32,1,0
33,5,1
34,4,0
35,3,2
36,2,0
37,2,0
38,5,0
39,2,0
40,1,2
41,5,0
42,4,0
43,7,1
44,1,0
45,6,0
46,4,1
47,8,0
48,6,0
49,6,0
50,12,0
51,16,1
52,19,0
53,26,0
54,17,2
55,23,2
56,28,0
57,35,3
58,39,1
59,44,2
60,45,6
61,58,3
62,51,2
63,65,2
64,70,5
65,105,3
66,127,8
67,153,6
68,169,8
69,163,19
70,216,6
71,259,14
72,366,10
73,383,27
74,483,31
75,615,34
76,716,30
77,869,51
78,1057,50
79,1398,55
80,1648,68
81,1902,69
82,2263,105
83,2697,124
84,3285,168
85,3932,200
86,4823,270
87,5792,307
88,6858,365
89,8138,412
90,9631,461
91,11710,586
92,13970,730
93,16850,875
94,19777,997
95,23759,1224
96,28410,1524
97,33961,1761
98,40323,2096
99,47724,2460
100,53051,2863
101,51651,3034
102,43473,2698
103,31670,2311
104,20975,1718
105,12592,1267
106,6950,803
107,3833,526
108,1907,338
109,875,196
110,418,100
111,202,52
112,88,31
113,41,13
114,12,9
115,8,3
116,3,6
117,0,0
118,1,0
119,0,0
120,0,0
121,0,0
122,0,0
123,0,0
124,0,0
125,0,0
126,0,0
