1,1,0
2,0,0
3,0,0
4,0,0
5,2,0
6,5,0
7,4,0
8,4,0
9,2,0
10,10,0
11,7,0
12,15,0
13,19,1
14,20,2
15,19,0
16,31,1
17,33,4
18,29,3
19,49,0
20,53,3
21,103,2
22,97,4
23,126,6
24,142,4
25,168,7
26,224,8
27,238,13
28,292,17
29,313,17
30,370,20
31,503,26
32,540,26
33,642,35
34,836,59
35,977,53
36,1169,60
37,1417,67
38,1684,69
39,2004,94
40,2321,123
41,2803,162
42,3265,176
43,3995,196
44,4612,231
45,5591,305
46,6685,359
47,8063,405
48,9522,528
49,11485,616
50,13615,729
51,16494,826
52,19700,1055
53,23116,1176
54,28140,1450
55,33305,1733
56,39810,2097
57,47380,2471
58,52733,2863
59,50731,2920
60,42811,2722
61,31132,2337
62,20479,1716
63,12321,1230
64,7131,863
65,3673,545
66,1880,350
67,882,183
68,404,103
69,171,64
70,86,25
71,28,14
72,10,5
73,8,4
74,2,5
75,1,2
76,0,0
77,0,0
78,0,0
79,0,0
80,0,0
81,0,0
82,0,0
83,0,0
84,0,0
85,0,0
86,0,0
87,0,0
88,0,0
89,0,0
90,0,0
91,0,0
92,0,0
93,0,0
94,0,0
95,0,0
96,0,0
97,0,0
98,0,0
99,0,0
100,0,0
101,0,0
102,0,0
103,0,0
104,0,0
105,0,0
106,0,0
107,0,0
108,0,0
109,0,0
110,0,0
111,0,0
112,0,0
113,0,0
114,0,0
115,0,0
116,0,0
117,0,0
118,0,0
119,0,0
120,0,0
121,0,0
122,0,0
123,0,0
124,0,0
125,0,0
126,0,0
