1,1,0
2,0,0
3,0,0
4,3,0
5,2,0
6,3,0
7,1,0
8,2,0
9,2,0
10,6,0
11,7,1
12,7,0
13,5,0
14,15,0
15,14,1
16,13,0
17,19,1
18,8,0
19,14,1
20,17,2
21,23,3
22,19,0
23,30,1
24,25,4
25,39,4
26,52,5
27,74,5
28,81,3
29,111,2
30,133,10
31,187,4
32,188,13
33,226,11
34,277,15
35,325,16
36,425,14
37,511,32
38,610,31
39,748,31
40,851,38
41,1043,53
42,1275,50
43,1526,65
44,1889,107
45,2180,112
46,2614,139
47,3235,147
48,3815,183
49,4611,242
50,5685,305
51,6457,348
52,7766,399
53,9279,493
54,11154,583
55,13327,694
56,15603,874
57,18800,990
58,22698,1178
59,27145,1437
60,32705,1587
61,38655,1954
62,46190,2472
63,52502,2690
64,51950,2882
65,45235,2757
66,33667,2419
67,22569,1911
68,13947,1343
69,8062,932
70,4231,555
71,2097,357
72,1039,214
73,522,125
74,251,66
75,89,37
76,56,19
77,18,11
78,10,3
79,5,8
80,2,2
81,2,1
82,1,0
83,0,0
84,0,0
85,0,1
86,0,0
87,0,0
88,0,0
89,0,0
90,0,0
91,0,0
92,0,0
93,0,0
94,0,0
95,0,0
96,0,0
97,0,0
98,0,0
99,0,0
100,0,0
101,0,0
102,0,0
103,0,0
104,0,0
105,0,0
106,0,0
107,0,0
108,0,0
109,0,0
110,0,0
111,0,0
112,0,0
113,0,0
114,0,0
115,0,0
116,0,0
117,0,0
118,0,0
119,0,0
120,0,0
121,0,0
122,0,0
123,0,0
124,0,0
125,0,0
126,0,0
