1,1,0
2,0,0
3,1,0
4,2,0
5,4,0
6,5,0
7,2,0
8,7,0
9,4,0
10,4,1
11,3,1
12,3,0
13,12,0
14,6,1
15,8,0
16,13,1
17,18,0
18,22,0
19,22,2
20,28,2
21,34,1
22,35,2
23,42,2
24,65,2
25,54,2
26,61,1
27,83,4
28,82,4
29,121,9
30,139,13
31,198,15
32,228,9
33,299,10
34,378,12
35,479,19
36,549,23
37,635,23
38,737,50
39,914,46
40,1045,62
41,1200,73
42,1535,105
43,1850,84
44,2256,102
45,2638,142
46,3094,139
47,3767,183
48,4391,219
49,5242,260
50,6320,376
51,7450,381
52,9055,467
53,10876,552
54,12972,691
55,15566,793
56,18726,953
57,22066,1094
58,26191,1358
59,31942,1631
60,38064,1956
61,45378,2458
62,51005,2688
63,52167,2935
64,45035,2842
65,34460,2492
66,23957,1935
67,14628,1351
68,8089,983
69,4576,640
70,2382,360
71,1084,264
72,507,143
73,246,87
74,117,35
75,49,23
76,20,16
77,10,4
78,3,5
79,0,3
80,0,4
81,0,1
82,0,0
83,0,0
84,0,0
85,0,0
86,0,0
87,0,0
88,0,0
89,0,0
90,0,0
91,0,0
92,0,0
93,0,0
94,0,0
95,0,0
96,0,0
97,0,0
98,0,0
99,0,0
100,0,0
101,0,0
102,0,0
103,0,0
104,0,0
105,0,0
106,0,0
107,0,0
108,0,0
109,0,0
110,0,0
111,0,0
112,0,0
113,0,0
114,0,0
115,0,0
116,0,0
117,0,0
118,0,0
119,0,0
120,0,0
121,0,0
122,0,0
123,0,0
124,0,0
125,0,0
126,0,0
