1,1,0
2,0,0
3,0,0
4,0,0
5,1,0
6,0,0
7,2,0
8,3,0
9,6,0
10,5,0
11,2,0
12,7,0
13,9,0
14,9,1
15,11,1
16,18,0
17,16,0
18,34,0
19,38,1
20,65,3
21,91,4
22,105,5
23,129,0
24,147,8
25,182,9
26,237,8
27,299,10
28,324,18
29,426,24
30,482,16
31,625,31
32,778,50
33,894,43
34,1092,70
35,1336,78
36,1615,72
37,1948,95
38,2340,113
39,2723,162
40,3324,167
41,3890,193
42,4692,259
43,5582,299
44,6644,356
45,8050,425
46,9477,516
47,11505,581
48,13918,741
49,16556,917
50,19206,1001
51,23288,1239
52,27648,1492
53,33232,1744
54,39402,1976
55,46705,2476
56,51505,2689
57,49973,2902
58,42009,2683
59,30807,2236
60,20352,1715
61,12354,1294
62,6819,790
63,3611,526
64,1817,312
65,884,205
66,398,112
67,190,52
68,100,27
69,41,19
70,15,11
71,9,4
72,2,5
73,0,2
74,0,1
75,1,0
76,0,0
77,0,0
78,0,0
79,0,0
80,0,0
81,0,0
82,0,0
83,0,0
84,0,0
85,0,0
86,0,0
87,0,0
88,0,0
89,0,0
90,0,0
91,0,0
92,0,0
93,0,0
94,0,0
95,0,0
96,0,0
97,0,0
98,0,0
99,0,0
100,0,0
101,0,0
102,0,0
103,0,0
104,0,0
105,0,0
106,0,0
107,0,0
108,0,0
109,0,0
110,0,0
111,0,0
112,0,0
113,0,0
114,0,0
115,0,0
116,0,0
117,0,0
118,0,0
119,0,0
120,0,0
121,0,0
122,0,0
123,0,0
124,0,0
125,0,0
126,0,0
