1,1,0
2,0,0
3,0,0
4,1,0
5,3,0
6,5,0
7,2,0
8,5,0
9,8,0
10,11,1
11,6,0
12,15,0
13,17,0
14,22,0
15,28,2
16,30,1
17,25,1
18,33,1
19,44,1
20,48,1
21,78,4
22,80,6
23,74,4
24,113,3
25,177,7
26,185,8
27,203,8
28,254,12
29,325,16
30,372,19
31,463,17
32,508,24
33,642,28
34,778,34
35,848,36
36,1030,72
37,1187,68
38,1531,73
39,1766,84
40,1992,113
41,2494,127
42,2905,139
43,3589,169
44,4208,229
45,5087,288
46,6058,312
47,7494,361
48,8753,484
49,10509,546
50,12779,630
51,15282,785
52,18341,920
53,22049,1071
54,26144,1292
55,31245,1670
56,37399,1942
57,45456,2308
58,52001,2622
59,53002,2881
60,47281,2790
61,36227,2517
62,25024,1962
63,15562,1483
64,9105,1005
65,4855,642
66,2542,431
67,1265,222
68,568,129
69,243,85
70,101,45
71,39,21
72,15,11
73,4,7
74,1,1
75,2,1
76,0,0
77,0,0
78,0,0
79,0,0
80,0,0
81,0,0
82,0,0
83,0,0
84,0,0
85,0,0
86,0,0
87,0,0
88,0,0
89,0,0
90,0,0
91,0,0
92,0,0
93,0,0
94,0,0
95,0,0
96,0,0
97,0,0
98,0,0
99,0,0
100,0,0
101,0,0
102,0,0
103,0,0
104,0,0
105,0,0
106,0,0
107,0,0
108,0,0
109,0,0
110,0,0
111,0,0
112,0,0
113,0,0
114,0,0
115,0,0
116,0,0
117,0,0
118,0,0
119,0,0
120,0,0
121,0,0
122,0,0
123,0,0
124,0,0
125,0,0
126,0,0
