1,1,0
2,0,0
3,0,0
4,0,0
5,3,0
6,1,0
7,1,0
8,0,0
9,5,0
10,6,0
11,9,0
12,10,0
13,4,0
14,7,0
15,8,0
16,7,3
17,15,1
18,5,0
19,8,1
20,7,0
21,5,4
22,7,4
23,10,1
24,8,0
25,17,0
26,16,0
27,10,1
28,10,2
29,13,0
30,23,2
31,17,3
32,18,1
33,31,2
34,32,0
35,53,4
36,63,3
37,69,3
38,76,2
39,123,3
40,104,6
41,134,6
42,165,15
43,196,10
44,236,8
45,273,16
46,376,19
47,414,25
48,472,25
49,585,41
50,658,33
51,744,46
52,931,44
53,1067,53
54,1263,68
55,1451,87
56,1698,110
57,2020,128
58,2404,134
59,2793,173
60,3457,184
61,4074,225
62,5038,255
63,6014,358
64,7178,339
65,8585,414
66,10339,509
67,12447,633
68,14806,806
69,17435,947
70,20921,1062
71,25239,1310
72,30192,1521
73,36488,1790
74,43453,2184
75,50179,2727
76,53204,2826
77,48636,2895
78,37906,2538
79,26620,2044
80,16965,1605
81,10043,1129
82,5520,724
83,2876,437
84,1435,268
85,651,151
86,302,98
87,140,37
88,57,19
89,18,12
90,12,7
91,3,5
92,0,1
93,0,0
94,1,1
95,0,0
96,0,0
97,0,0
98,0,0
99,0,0
100,0,0
101,0,0
102,0,0
103,0,0
104,0,0
105,0,0
106,0,0
107,0,0
108,0,0
109,0,0
110,0,0
111,0,0
112,0,0
113,0,0
114,0,0
115,0,0
116,0,0
117,0,0
118,0,0
119,0,0
120,0,0
121,0,0
122,0,0
123,0,0
124,0,0
125,0,0
126,0,0
