1,1,0
2,0,0
3,0,0
4,0,0
5,1,0
6,0,0
7,2,0
8,1,0
9,1,0
10,1,0
11,3,0
12,0,0
13,0,0
14,2,0
15,2,0
16,6,0
17,4,1
18,8,0
19,16,0
20,27,0
21,16,0
22,26,0
23,30,1
24,33,3
25,44,6
26,45,1
27,52,3
28,45,5
29,59,6
30,85,4
31,75,2
32,125,7
33,135,6
34,178,8
35,225,13
36,279,7
37,301,15
38,359,10
39,438,13
40,541,25
41,653,34
42,698,46
43,921,52
44,1092,45
45,1249,70
46,1473,80
47,1756,117
48,2213,103
49,2595,131
50,3108,160
51,3795,198
52,4399,232
53,5232,237
54,6411,332
55,7399,360
56,8691,482
57,10548,556
58,12909,669
59,15403,817
60,18328,927
61,21881,1140
62,26765,1248
63,31711,1572
64,37995,1957
65,45159,2391
66,51254,2776
67,51551,2907
68,45478,2825
69,34580,2488
70,23480,1924
71,14393,1418
72,8273,965
73,4529,586
74,2274,372
75,1126,204
76,492,119
77,253,84
78,95,30
79,44,21
80,23,14
81,7,4
82,4,4
83,1,2
84,2,0
85,1,0
86,0,0
87,0,0
88,0,0
89,0,0
90,0,0
91,0,0
92,0,0
93,0,0
94,0,0
95,0,0
96,0,0
97,0,0
98,0,0
99,0,0
100,0,0
101,0,0
102,0,0
103,0,0
104,0,0
105,0,0
106,0,0
107,0,0
108,0,0
109,0,0
110,0,0
111,0,0
112,0,0
113,0,0
114,0,0
115,0,0
116,0,0
117,0,0
118,0,0
119,0,0
120,0,0
121,0,0
122,0,0
123,0,0
124,0,0
125,0,0
126,0,0
