1,1,0
2,0,0
3,0,0
4,2,0
5,4,0
6,3,0
7,5,0
8,2,1
9,1,0
10,3,0
11,2,0
12,6,0
13,1,0
14,12,1
15,7,0
16,18,1
17,21,1
18,24,1
19,19,2
20,20,0
21,19,0
22,22,2
23,33,2
24,46,4
25,55,2
26,36,2
27,50,5
28,78,6
29,65,6
30,90,1
31,107,2
32,143,5
33,178,9
34,214,10
35,232,8
36,269,23
37,358,17
38,462,12
39,526,28
40,606,27
41,702,32
42,814,43
43,1067,55
44,1261,55
45,1538,71
46,1813,71
47,2095,100
48,2506,138
49,3067,155
50,3611,173
51,4477,220
52,5312,261
53,6246,351
54,7848,396
55,9106,437
56,10809,584
57,12974,637
58,15748,821
59,18995,954
60,22564,1178
61,27267,1367
62,32246,1695
63,38990,1935
64,46185,2391
65,51913,2667
66,51812,2932
67,45098,2808
68,33520,2424
69,22956,1880
70,13708,1380
71,7844,912
72,4226,608
73,2129,366
74,1024,228
75,483,140
76,223,74
77,128,36
78,33,25
79,29,11
80,11,7
81,6,4
82,1,0
83,0,0
84,0,1
85,0,0
86,0,0
87,0,0
88,0,0
89,0,0
90,0,0
91,0,0
92,0,0
93,0,0
94,0,0
95,0,0
96,0,0
97,0,0
98,0,0
99,0,0
100,0,0
101,0,0
102,0,0
103,0,0
104,0,0
105,0,0
106,0,0
107,0,0
108,0,0
109,0,0
110,0,0
111,0,0
112,0,0
113,0,0
114,0,0
115,0,0
116,0,0
117,0,0
118,0,0
119,0,0
120,0,0
121,0,0
122,0,0
123,0,0
124,0,0
125,0,0
126,0,0
