1,1,0
2,0,0
3,0,0
4,0,0
5,1,0
6,0,0
7,1,0
8,0,0
9,3,1
10,2,0
11,4,0
12,5,0
13,9,0
14,15,0
15,12,0
16,9,0
17,17,0
18,16,1
19,16,3
20,16,1
21,16,1
22,15,2
23,26,1
24,27,3
25,45,1
26,45,3
27,42,3
28,67,4
29,90,1
30,84,3
31,117,4
32,142,4
33,171,6
34,189,10
35,204,8
36,218,13
37,272,16
38,300,16
39,371,22
40,481,22
41,637,39
42,749,36
43,882,44
44,983,40
45,1240,48
46,1540,76
47,1783,94
48,2114,98
49,2525,132
50,3076,152
51,3626,224
52,4233,233
53,5111,267
54,6021,303
55,7519,374
56,9059,469
57,10786,550
58,12662,632
59,15367,789
60,18504,960
61,22229,1158
62,26182,1350
63,32098,1600
64,37605,1925
65,44772,2312
66,51403,2709
67,52218,2888
68,47443,2794
69,36635,2524
70,25291,2047
71,15827,1497
72,9064,1046
73,4877,648
74,2536,417
75,1274,228
76,561,152
77,239,91
78,126,41
79,46,26
80,25,15
81,4,11
82,6,4
83,2,1
84,0,2
85,0,1
86,1,0
87,0,0
88,0,0
89,0,0
90,0,0
91,0,0
92,0,0
93,0,0
94,0,0
95,0,0
96,0,0
97,0,0
98,0,0
99,0,0
100,0,0
101,0,0
102,0,0
103,0,0
104,0,0
105,0,0
106,0,0
107,0,0
108,0,0
109,0,0
110,0,0
111,0,0
112,0,0
113,0,0
114,0,0
115,0,0
116,0,0
117,0,0
118,0,0
119,0,0
120,0,0
121,0,0
122,0,0
123,0,0
124,0,0
125,0,0
126,0,0
