1,1,0
2,0,0
3,0,0
4,0,0
5,0,1
6,1,0
7,1,0
8,1,0
9,1,0
10,5,0
11,4,0
12,3,0
13,4,0
14,1,0
15,5,0
16,5,0
17,6,3
18,11,0
19,6,2
20,14,1
21,11,1
22,13,0
23,9,0
24,16,2
25,14,1
26,21,2
27,21,0
28,21,3
29,28,3
30,35,2
31,34,1
32,38,2
33,47,1
34,62,4
35,55,1
36,74,2
37,84,5
38,98,5
39,113,9
40,127,8
41,144,11
42,195,5
43,196,6
44,251,8
45,294,21
46,408,22
47,509,23
48,597,40
49,661,27
50,798,35
51,976,46
52,1231,59
53,1378,60
54,1647,85
55,2010,96
56,2358,125
57,2799,148
58,3254,179
59,3809,212
60,4725,235
61,5565,316
62,6611,360
63,7914,396
64,9542,484
65,11654,565
66,13725,701
67,16529,853
68,19365,1023
69,23205,1207
70,27670,1444
71,32974,1767
72,39305,2119
73,47039,2407
74,51878,2708
75,50189,2877
76,41769,2709
77,30811,2308
78,20233,1784
79,11949,1286
80,6889,799
81,3611,546
82,1753,301
83,883,181
84,386,128
85,186,71
86,77,24
87,29,14
88,18,6
89,7,7
90,0,3
91,0,0
92,0,0
93,0,1
94,0,0
95,0,0
96,0,0
97,0,0
98,0,0
99,0,0
100,0,0
101,0,0
102,0,0
103,0,0
104,0,0
105,0,0
106,0,0
107,0,0
108,0,0
109,0,0
110,0,0
111,0,0
112,0,0
113,0,0
114,0,0
115,0,0
116,0,0
117,0,0
118,0,0
119,0,0
120,0,0
121,0,0
122,0,0
123,0,0
124,0,0
125,0,0
126,0,0
