1,1,0
2,0,0
3,0,0
4,1,0
5,4,0
6,3,0
7,8,0
8,14,0
9,20,1
10,19,0
11,37,1
12,32,0
13,64,2
14,91,3
15,88,5
16,96,3
17,148,7
18,180,10
19,268,7
20,262,15
21,391,10
22,419,24
23,545,20
24,635,37
25,729,38
26,879,32
27,1083,59
28,1343,70
29,1576,89
30,1821,90
31,2142,104
32,2564,136
33,3013,157
34,3604,184
35,4271,241
36,5064,288
37,5961,312
38,7429,381
39,8731,492
40,10453,520
41,12465,610
42,14900,757
43,17677,932
44,21047,1134
45,25347,1334
46,29960,1572
47,36028,1809
48,42643,2317
49,50055,2592
50,51988,2884
51,46944,2839
52,36296,2490
53,25298,2062
54,15757,1513
55,9263,1048
56,5101,725
57,2443,421
58,1269,250
59,554,132
60,281,105
61,117,47
62,56,19
63,26,11
64,9,7
65,3,2
66,3,1
67,1,0
68,1,1
69,0,1
70,0,0
71,0,0
72,0,0
73,0,0
74,0,0
75,0,0
76,0,0
77,0,0
78,0,0
79,0,0
80,0,0
81,0,0
82,0,0
83,0,0
84,0,0
85,0,0
86,0,0
87,0,0
88,0,0
89,0,0
90,0,0
91,0,0
92,0,0
93,0,0
94,0,0
95,0,0
96,0,0
97,0,0
98,0,0
99,0,0
100,0,0
101,0,0
102,0,0
103,0,0
104,0,0
105,0,0
106,0,0
107,0,0
108,0,0
109,0,0
110,0,0
111,0,0
112,0,0
113,0,0
114,0,0
115,0,0
116,0,0
117,0,0
118,0,0
119,0,0
120,0,0
121,0,0
122,0,0
123,0,0
124,0,0
125,0,0
126,0,0
