1,1,0
2,0,0
3,0,0
4,1,0
5,0,0
6,1,0
7,3,0
8,4,0
9,15,0
10,15,0
11,13,0
12,21,0
13,23,2
14,38,3
15,44,3
16,43,1
17,41,4
18,74,6
19,83,4
20,82,4
21,100,10
22,130,8
23,152,4
24,191,11
25,217,16
26,252,12
27,291,12
28,350,15
29,419,14
30,552,16
31,665,29
32,729,37
33,924,46
34,1098,48
35,1277,80
36,1500,76
37,1709,104
38,2205,125
39,2531,137
40,2927,138
41,3368,201
42,4063,200
43,4880,281
44,5952,319
45,7019,347
46,8446,431
47,9931,522
48,11710,595
49,14014,758
50,16927,860
51,20178,1055
52,23532,1246
53,28577,1546
54,33772,1745
55,40551,2143
56,47676,2433
57,51638,2849
58,48536,2817
59,39459,2612
60,28646,2109
61,18625,1592
62,11057,1177
63,6090,758
64,3121,497
65,1613,298
66,736,153
67,340,100
68,166,58
69,60,34
70,31,17
71,9,7
72,7,4
73,1,0
74,2,1
75,0,1
76,0,0
77,1,0
78,0,0
79,0,0
80,0,0
81,0,0
82,0,0
83,0,0
84,0,0
85,0,0
86,0,0
87,0,0
88,0,0
89,0,0
90,0,0
91,0,0
92,0,0
93,0,0
94,0,0
95,0,0
96,0,0
97,0,0
98,0,0
99,0,0
100,0,0
101,0,0
102,0,0
103,0,0
104,0,0
105,0,0
106,0,0
107,0,0
108,0,0
109,0,0
110,0,0
111,0,0
112,0,0
113,0,0
114,0,0
115,0,0
116,0,0
117,0,0
118,0,0
