1,1,0
2,0,0
3,0,0
4,0,0
5,1,0
6,2,0
7,5,0
8,0,0
9,1,0
10,1,0
11,1,0
12,4,0
13,3,0
14,0,0
15,5,1
16,4,0
17,1,1
18,3,0
19,6,0
20,6,0
21,13,0
22,8,0
23,17,0
24,22,0
25,17,2
26,11,0
27,18,3
28,31,0
29,39,1
30,43,1
31,59,3
32,63,3
33,70,4
34,78,5
35,86,6
36,105,5
37,109,8
38,136,11
39,165,10
40,219,16
41,274,15
42,282,15
43,348,16
44,441,32
45,501,24
46,521,35
47,690,39
48,770,50
49,954,48
50,1249,78
51,1465,70
52,1839,88
53,2269,111
54,2735,123
55,3283,163
56,3857,191
57,4612,234
58,5589,310
59,6738,371
60,8130,436
61,9854,462
62,11639,536
63,13778,718
64,16411,824
65,19872,1057
66,23526,1249
67,28397,1436
68,34076,1749
69,40562,2032
70,47721,2538
71,52684,2847
72,50984,2966
73,42755,2653
74,31366,2275
75,20790,1792
76,12649,1194
77,6791,901
78,3659,585
79,1911,329
80,859,185
81,454,112
82,182,53
83,89,29
84,25,16
85,14,9
86,5,5
87,3,3
88,1,0
89,1,1
90,0,0
91,0,0
92,0,0
93,0,0
94,0,0
95,0,0
96,0,0
97,0,0
98,0,0
99,0,0
100,0,0
101,0,0
102,0,0
103,0,0
104,0,0
105,0,0
106,0,0
107,0,0
108,0,0
109,0,0
110,0,0
111,0,0
112,0,0
113,0,0
114,0,0
115,0,0
116,0,0
117,0,0
118,0,0
