1,1,0
2,0,0
3,1,0
4,2,0
5,3,0
6,1,0
7,4,0
8,11,0
9,24,0
10,17,0
11,17,0
12,19,1
13,17,3
14,21,3
15,23,1
16,25,1
17,30,4
18,51,4
19,59,4
20,74,5
21,110,3
22,123,5
23,175,1
24,180,8
25,217,5
26,286,9
27,322,12
28,352,24
29,424,27
30,508,22
31,620,35
32,709,49
33,784,46
34,899,49
35,1111,62
36,1424,88
37,1595,87
38,1914,96
39,2316,134
40,2724,155
41,3327,162
42,3965,222
43,4692,251
44,5664,301
45,6934,368
46,8103,408
47,9661,528
48,11443,594
49,13924,723
50,16828,837
51,20342,1053
52,24249,1238
53,28782,1468
54,34524,1785
55,40656,2156
56,48573,2579
57,52360,2824
58,49315,2845
59,40069,2574
60,28870,2135
61,18717,1673
62,11224,1141
63,6103,767
64,3252,482
65,1552,284
66,761,188
67,308,95
68,185,66
69,91,24
70,21,18
71,14,10
72,9,5
73,4,0
74,2,1
75,1,0
76,0,0
77,0,1
78,0,0
79,0,0
80,0,0
81,0,0
82,0,0
83,0,0
84,0,0
85,0,0
86,0,0
87,0,0
88,0,0
89,0,0
90,0,0
91,0,0
92,0,0
93,0,0
94,0,0
95,0,0
96,0,0
97,0,0
98,0,0
99,0,0
100,0,0
101,0,0
102,0,0
103,0,0
104,0,0
105,0,0
106,0,0
107,0,0
108,0,0
109,0,0
110,0,0
111,0,0
112,0,0
113,0,0
114,0,0
115,0,0
116,0,0
117,0,0
118,0,0
