1,1,0
2,0,0
3,0,0
4,3,0
5,4,0
6,6,0
7,5,0
8,8,0
9,10,0
10,12,0
11,19,2
12,7,0
13,20,0
14,24,1
15,22,2
16,36,0
17,66,3
18,85,5
19,104,7
20,118,2
21,138,8
22,192,11
23,256,7
24,272,11
25,309,15
26,401,23
27,465,26
28,506,17
29,636,28
30,748,41
31,818,50
32,999,65
33,1208,81
34,1457,81
35,1754,86
36,2099,102
37,2472,137
38,2915,159
39,3532,192
40,4340,210
41,5230,246
42,6236,287
43,7557,389
44,8924,434
45,10788,538
46,12668,635
47,15050,818
48,17932,993
49,21834,1114
50,26260,1344
51,31688,1597
52,37422,1897
53,44872,2323
54,50788,2638
55,52818,2928
56,46476,2792
57,36372,2472
58,25301,1927
59,15592,1384
60,8858,993
61,4876,673
62,2512,418
63,1255,275
64,576,137
65,249,87
66,113,50
67,53,29
68,21,12
69,6,4
70,3,6
71,3,0
72,1,2
73,0,0
74,0,1
75,0,0
76,0,0
77,0,0
78,0,0
79,0,0
80,0,0
81,0,0
82,0,0
83,0,0
84,0,0
85,0,0
86,0,0
87,0,0
88,0,0
89,0,0
90,0,0
91,0,0
92,0,0
93,0,0
94,0,0
95,0,0
96,0,0
97,0,0
98,0,0
99,0,0
100,0,0
101,0,0
102,0,0
103,0,0
104,0,0
105,0,0
106,0,0
107,0,0
108,0,0
109,0,0
110,0,0
111,0,0
112,0,0
113,0,0
114,0,0
115,0,0
116,0,0
117,0,0
118,0,0
