1,1,0
2,0,0
3,0,0
4,0,0
5,0,0
6,0,0
7,1,0
8,1,0
9,0,0
10,2,0
11,2,0
12,5,0
13,2,0
14,2,0
15,1,0
16,4,0
17,4,1
18,8,0
19,5,1
20,2,1
21,6,0
22,8,0
23,7,2
24,7,0
25,3,2
26,5,0
27,11,1
28,5,0
29,6,2
30,5,1
31,3,1
32,8,1
33,4,2
34,8,1
35,10,2
36,7,0
37,5,2
38,5,0
39,10,0
40,10,0
41,10,1
42,18,2
43,14,0
44,11,1
45,32,1
46,31,3
47,35,3
48,44,3
49,50,3
50,59,2
51,72,5
52,74,3
53,115,4
54,126,9
55,148,8
56,171,10
57,169,15
58,207,16
59,234,16
60,278,15
61,332,19
62,394,12
63,437,30
64,524,28
65,640,35
66,699,40
67,880,44
68,1023,41
69,1227,65
70,1529,83
71,1838,90
72,2221,109
73,2660,113
74,3226,173
75,3880,200
76,4615,225
77,5484,262
78,6684,340
79,8029,407
80,9675,477
81,11507,587
82,13454,688
83,16354,873
84,19649,1067
85,23648,1197
86,28098,1382
87,33676,1727
88,40382,2006
89,47745,2451
90,52296,2845
91,50197,2943
92,41974,2813
93,30811,2221
94,20420,1757
95,12420,1231
96,6889,911
97,3671,564
98,1826,310
99,898,183
100,435,108
101,171,63
102,78,29
103,42,16
104,16,9
105,10,1
106,2,3
107,0,2
108,1,0
109,0,1
110,0,0
111,0,0
112,0,0
113,0,0
114,0,0
115,0,0
116,0,0
117,0,0
118,0,0
