1,1,0
2,0,0
3,0,0
4,0,0
5,0,0
6,0,0
7,1,0
8,1,0
9,1,0
10,2,0
11,2,0
12,4,0
13,3,0
14,2,0
15,4,0
16,5,0
17,5,1
18,2,0
19,10,1
20,7,1
21,8,0
22,3,1
23,12,0
24,12,1
25,12,0
26,14,3
27,20,2
28,23,1
29,22,1
30,33,0
31,51,2
32,61,4
33,81,4
34,75,3
35,94,4
36,90,2
37,115,10
38,132,6
39,198,14
40,225,10
41,278,9
42,298,16
43,379,19
44,432,22
45,455,24
46,556,48
47,682,38
48,794,56
49,944,61
50,1166,50
51,1405,57
52,1547,75
53,1951,102
54,2432,127
55,2816,136
56,3343,159
57,4010,179
58,4835,264
59,5750,293
60,6895,376
61,8210,455
62,9848,470
63,11584,573
64,13870,731
65,16084,894
66,19202,1068
67,22809,1287
68,27569,1471
69,33073,1721
70,39197,2071
71,46371,2394
72,50765,2787
73,49186,2932
74,41022,2653
75,30150,2284
76,19945,1742
77,12125,1269
78,6698,839
79,3517,546
80,1816,327
81,864,210
82,412,120
83,192,58
84,86,28
85,33,23
86,15,12
87,7,3
88,2,3
89,3,1
90,0,0
91,0,0
92,1,0
93,0,0
94,0,0
95,0,0
96,0,0
97,0,0
98,0,0
99,0,0
100,0,0
101,0,0
102,0,0
103,0,0
104,0,0
105,0,0
106,0,0
107,0,0
108,0,0
109,0,0
110,0,0
111,0,0
112,0,0
113,0,0
114,0,0
115,0,0
116,0,0
117,0,0
118,0,0
