1,1,0
2,0,0
3,0,0
4,1,0
5,0,0
6,1,0
7,0,0
8,0,0
9,1,0
10,1,0
11,0,0
12,1,0
13,1,0
14,0,1
15,4,1
16,5,1
17,6,0
18,6,0
19,4,0
20,9,1
21,2,0
22,7,1
23,16,0
24,19,4
25,25,1
26,27,0
27,40,1
28,42,3
29,63,4
30,91,2
31,141,6
32,142,5
33,164,7
34,183,5
35,230,9
36,258,9
37,358,11
38,370,15
39,429,21
40,540,27
41,691,28
42,790,54
43,851,48
44,1118,55
45,1264,66
46,1630,80
47,1905,90
48,2444,124
49,2759,144
50,3318,163
51,3884,196
52,4722,230
53,5728,303
54,6726,340
55,8047,418
56,9671,504
57,11531,614
58,13729,741
59,16709,849
60,20064,1020
61,24076,1248
62,28518,1470
63,34476,1728
64,41184,2072
65,48319,2477
66,53454,2743
67,51518,2933
68,43728,2770
69,32423,2286
70,21045,1814
71,12796,1233
72,7149,877
73,3882,505
74,1903,357
75,951,193
76,436,116
77,196,55
78,95,34
79,29,17
80,16,9
81,8,4
82,0,2
83,1,0
84,0,1
85,0,0
86,0,0
87,0,0
88,0,0
89,0,0
90,0,0
91,0,0
92,0,0
93,0,0
94,0,0
95,0,0
96,0,0
97,0,0
98,0,0
99,0,0
100,0,0
101,0,0
102,0,0
103,0,0
104,0,0
105,0,0
106,0,0
107,0,0
108,0,0
109,0,0
110,0,0
111,0,0
112,0,0
113,0,0
114,0,0
115,0,0
116,0,0
117,0,0
118,0,0
