1,1,0
2,0,0
3,0,0
4,0,0
5,0,0
6,1,0
7,0,0
8,1,0
9,1,0
10,1,0
11,0,0
12,1,0
13,2,0
14,1,0
15,2,0
16,0,0
17,2,0
18,5,0
19,5,0
20,6,0
21,5,0
22,7,0
23,5,2
24,12,0
25,4,0
26,8,2
27,15,1
28,14,1
29,18,1
30,29,0
31,27,1
32,38,4
33,39,1
34,46,2
35,51,4
36,53,6
37,58,5
38,84,4
39,79,0
40,94,5
41,144,8
42,171,7
43,237,10
44,282,17
45,345,13
46,442,13
47,527,21
48,596,30
49,682,40
50,843,37
51,977,48
52,1205,72
53,1333,79
54,1658,88
55,1909,103
56,2131,143
57,2747,164
58,3251,182
59,3895,204
60,4532,237
61,5732,286
62,6815,327
63,8109,388
64,9902,472
65,11619,657
66,13816,663
67,16467,852
68,19810,1026
69,23457,1263
70,28323,1377
71,33870,1800
72,40222,2077
73,47913,2446
74,52691,2789
75,50926,2911
76,42589,2696
77,31193,2287
78,20274,1795
79,12353,1275
80,6761,913
81,3678,540
82,1834,311
83,878,187
84,406,113
85,190,74
86,80,34
87,34,11
88,13,7
89,8,7
90,1,8
91,1,0
92,0,2
93,0,2
94,0,0
95,0,0
