1,1,0
2,0,0
3,0,0
4,0,0
5,2,0
6,1,0
7,2,0
8,1,0
9,0,0
10,2,0
11,2,0
12,4,0
13,5,0
14,5,0
15,7,0
16,4,1
17,11,1
18,13,0
19,15,2
20,29,1
21,18,0
22,32,2
23,43,1
24,43,5
25,61,4
26,52,3
27,89,4
28,105,3
29,140,8
30,138,7
31,177,12
32,205,10
33,247,16
34,315,9
35,356,10
36,454,19
37,494,17
38,601,33
39,762,32
40,886,36
41,936,58
42,1163,58
43,1417,85
44,1641,112
45,1992,108
46,2320,114
47,2746,160
48,3308,177
49,3965,188
50,4600,278
51,5672,311
52,6758,364
53,8195,411
54,9800,472
55,11340,620
56,13708,719
57,16447,867
58,19657,1043
59,23346,1222
60,28172,1456
61,34025,1722
62,40520,2112
63,47079,2434
64,51714,2802
65,49651,2881
66,40267,2622
67,29506,2284
68,19425,1690
69,11492,1196
70,6419,841
71,3419,498
72,1653,337
73,837,203
74,375,108
75,156,62
76,75,34
77,27,13
78,7,5
79,7,5
80,2,3
81,1,1
82,0,0
83,0,0
84,0,0
85,0,0
86,0,0
87,0,0
88,0,0
89,0,0
90,0,0
91,0,0
92,0,0
93,0,0
94,0,0
95,0,0
