1,1,0
2,0,0
3,0,0
4,0,0
5,3,0
6,0,0
7,3,0
8,2,0
9,1,0
10,2,1
11,0,0
12,5,0
13,2,0
14,5,0
15,2,0
16,4,0
17,0,0
18,3,0
19,0,1
20,0,1
21,1,0
22,0,0
23,1,0
24,2,0
25,1,0
26,1,0
27,1,0
28,4,0
29,1,0
30,8,0
31,3,0
32,3,0
33,6,1
34,11,0
35,21,0
36,23,0
37,31,1
38,31,0
39,46,2
40,51,3
41,64,2
42,100,2
43,105,5
44,127,7
45,146,3
46,171,9
47,203,7
48,260,16
49,323,21
50,367,11
51,467,22
52,502,30
53,584,34
54,736,39
55,876,54
56,1049,52
57,1255,78
58,1529,69
59,1812,86
60,2250,111
61,2560,136
62,3021,164
63,3603,203
64,4253,213
65,5102,247
66,6159,352
67,7299,358
68,8855,496
69,10565,527
70,12499,665
71,14914,775
72,17753,893
73,21141,1117
74,25404,1323
75,30284,1488
76,36174,1895
77,43726,2186
78,50331,2615
79,52820,2812
80,48041,2804
81,38160,2572
82,26760,2074
83,17200,1611
84,9885,1094
85,5512,724
86,2807,461
87,1442,300
88,683,164
89,289,92
90,141,48
91,66,30
92,20,18
93,8,6
94,5,3
95,0,4
