1,1,0
2,0,0
3,1,0
4,1,0
5,1,0
6,7,0
7,4,0
8,2,0
9,6,0
10,3,0
11,23,1
12,24,0
13,21,1
14,41,0
15,28,0
16,38,0
17,61,4
18,53,7
19,63,2
20,100,5
21,90,4
22,110,2
23,156,7
24,161,12
25,208,8
26,239,18
27,291,20
28,339,14
29,359,21
30,469,28
31,564,32
32,643,28
33,769,49
34,935,56
35,1079,74
36,1319,71
37,1607,73
38,1856,98
39,2222,129
40,2578,138
41,3364,158
42,3866,212
43,4628,217
44,5640,267
45,6772,390
46,8182,409
47,9822,481
48,11683,575
49,14037,695
50,16682,860
51,19802,973
52,23804,1228
53,28570,1426
54,34075,1791
55,40342,2083
56,47686,2569
57,51234,2829
58,48421,2871
59,40126,2636
60,28970,2230
61,18910,1760
62,11498,1231
63,6336,832
64,3315,534
65,1625,313
66,770,191
67,370,109
68,154,54
69,77,29
70,24,16
71,13,10
72,10,10
73,2,3
74,1,4
75,2,0
76,0,1
77,0,0
78,0,0
79,0,0
80,0,0
81,0,0
82,0,0
83,0,0
84,0,0
85,0,0
86,0,0
87,0,0
88,0,0
89,0,0
90,0,0
91,0,0
92,0,0
93,0,0
94,0,0
95,0,0
