1,1,0
2,0,0
3,0,0
4,0,0
5,0,0
6,2,0
7,4,1
8,1,0
9,2,0
10,3,0
11,0,0
12,5,1
13,6,0
14,2,1
15,8,0
16,3,0
17,2,0
18,4,2
19,2,1
20,1,0
21,0,0
22,3,0
23,3,2
24,3,2
25,3,2
26,8,0
27,7,0
28,7,1
29,15,1
30,19,1
31,23,1
32,36,0
33,33,1
34,37,3
35,50,6
36,48,2
37,55,3
38,96,4
39,117,5
40,131,5
41,124,7
42,176,13
43,193,8
44,235,15
45,248,10
46,313,15
47,373,21
48,445,15
49,542,25
50,574,33
51,691,46
52,822,49
53,1021,41
54,1125,79
55,1299,72
56,1731,88
57,2127,107
58,2428,131
59,2858,141
60,3457,151
61,3984,220
62,4950,259
63,5767,337
64,6907,398
65,8361,416
66,9899,503
67,12000,633
68,14335,739
69,16767,936
70,20469,1068
71,24396,1226
72,28940,1518
73,35084,1740
74,42006,2116
75,49508,2535
76,53194,2853
77,50468,2849
78,40589,2676
79,29666,2136
80,18873,1672
81,11105,1131
82,6371,770
83,3258,492
84,1685,285
85,759,169
86,348,86
87,153,46
88,89,34
89,31,20
90,3,3
91,6,4
92,3,0
93,0,1
94,0,0
95,0,0
