1,1,0
2,0,0
3,0,0
4,3,0
5,4,0
6,2,0
7,9,0
8,18,0
9,16,0
10,28,0
11,24,1
12,28,1
13,38,1
14,64,3
15,53,3
16,80,4
17,90,7
18,121,5
19,131,3
20,154,9
21,184,12
22,234,6
23,252,13
24,292,22
25,310,22
26,394,23
27,491,35
28,624,33
29,733,31
30,828,51
31,1005,51
32,1150,43
33,1385,70
34,1671,92
35,1948,106
36,2392,144
37,2774,136
38,3353,152
39,4045,235
40,4698,270
41,5675,278
42,6807,330
43,8282,429
44,9899,481
45,11882,588
46,13988,737
47,16784,855
48,19917,1030
49,24188,1219
50,29167,1513
51,34758,1852
52,42100,2084
53,49664,2530
54,54054,2884
55,51351,2935
56,42570,2656
57,31315,2316
58,20314,1669
59,12197,1220
60,6779,803
61,3506,511
62,1899,328
63,828,177
64,390,103
65,178,52
66,77,27
67,27,18
68,7,14
69,5,5
70,3,0
71,1,1
72,0,1
73,0,1
74,0,1
75,0,0
76,0,0
77,0,0
78,0,0
79,0,0
80,0,0
81,0,0
82,0,0
83,0,0
84,0,0
85,0,0
86,0,0
87,0,0
88,0,0
89,0,0
90,0,0
91,0,0
92,0,0
93,0,0
94,0,0
95,0,0
