1,1,0
2,0,0
3,1,0
4,2,0
5,6,0
6,4,0
7,7,0
8,7,0
9,5,0
10,4,1
11,1,0
12,1,0
13,4,0
14,0,0
15,3,1
16,6,1
17,2,0
18,6,2
19,7,0
20,4,0
21,6,0
22,3,0
23,4,2
24,5,0
25,4,0
26,4,0
27,7,0
28,7,0
29,14,1
30,7,2
31,8,0
32,14,1
33,4,0
34,7,0
35,7,3
36,11,0
37,4,2
38,7,0
39,7,0
40,9,2
41,9,1
42,8,0
43,14,1
44,19,1
45,26,2
46,24,0
47,40,2
48,40,2
49,45,4
50,65,2
51,87,1
52,106,4
53,104,8
54,113,6
55,144,12
56,185,8
57,227,14
58,261,12
59,295,21
60,317,25
61,402,19
62,493,24
63,548,40
64,705,43
65,752,42
66,936,63
67,1069,50
68,1416,65
69,1576,74
70,1909,91
71,2185,119
72,2702,131
73,3220,172
74,3855,196
75,4613,240
76,5545,288
77,6685,349
78,7813,385
79,9501,483
80,11136,574
81,13288,662
82,15899,831
83,18990,945
84,22595,1214
85,27210,1431
86,32591,1723
87,38656,1950
88,46925,2356
89,54214,2764
90,56147,3008
91,51066,2988
92,39903,2679
93,27579,2224
94,17434,1631
95,10104,1168
