1,1,0
2,0,0
3,1,0
4,0,0
5,7,0
6,5,1
7,4,0
8,5,0
9,4,1
10,3,0
11,5,0
12,9,0
13,19,0
14,30,0
15,33,1
16,50,0
17,50,1
18,51,2
19,54,4
20,69,3
21,84,4
22,69,5
23,107,8
24,95,14
25,103,9
26,146,7
27,157,11
28,209,11
29,301,15
30,379,16
31,437,20
32,503,25
33,593,26
34,689,35
35,899,46
36,939,54
37,1114,61
38,1371,74
39,1667,88
40,1942,120
41,2334,126
42,2804,134
43,3215,154
44,3824,203
45,4587,251
46,5487,289
47,6402,343
48,7608,402
49,9191,479
50,10643,572
51,12760,660
52,15243,736
53,18024,953
54,21649,1115
55,25749,1400
56,31070,1598
57,36843,1912
58,44306,2230
59,50973,2635
60,52073,2960
61,46148,2824
62,35749,2476
63,24432,1937
64,15261,1423
65,8721,1020
66,4740,661
67,2475,400
68,1211,252
69,563,162
70,258,85
71,110,37
72,42,17
73,20,12
74,6,3
75,4,2
76,4,6
77,0,0
78,0,1
79,0,0
80,0,0
81,0,0
82,0,0
83,0,0
84,0,0
85,0,0
86,0,0
87,0,0
88,0,0
89,0,0
90,0,0
91,0,0
92,0,0
93,0,0
94,0,0
95,0,0
