1,1,0
2,0,0
3,0,0
4,0,0
5,1,0
6,1,0
7,2,0
8,0,0
9,0,0
10,5,0
11,2,1
12,1,0
13,4,0
14,4,0
15,6,1
16,3,0
17,7,0
18,8,0
19,9,0
20,13,0
21,17,3
22,20,1
23,30,0
24,46,1
25,49,2
26,50,5
27,72,3
28,110,7
29,125,5
30,148,6
31,179,12
32,221,6
33,266,6
34,310,20
35,374,29
36,488,24
37,513,34
38,653,22
39,814,44
40,924,28
41,1074,59
42,1251,62
43,1577,87
44,1875,95
45,2159,120
46,2577,145
47,2930,186
48,3591,169
49,4309,235
50,5159,254
51,6011,346
52,7160,382
53,8441,443
54,10173,520
55,11960,611
56,14197,749
57,16815,939
58,20722,1013
59,24475,1209
60,29411,1418
61,35185,1818
62,42121,2257
63,48922,2673
64,51834,2797
65,47935,2885
66,37729,2569
67,26886,2121
68,17356,1649
69,10153,1106
70,5614,716
71,2890,412
72,1488,272
73,700,161
74,298,79
75,129,52
76,69,30
77,21,20
78,15,9
79,2,4
80,2,2
81,2,2
82,0,0
83,0,0
84,0,0
85,0,0
86,0,0
87,0,0
88,0,0
89,0,0
90,0,0
91,0,0
92,0,0
93,0,0
94,0,0
95,0,0
