1,1,0
2,0,0
3,0,0
4,0,0
5,0,0
6,1,0
7,1,0
8,2,0
9,1,0
10,0,0
11,1,0
12,0,0
13,2,0
14,1,0
15,1,0
16,3,0
17,1,0
18,5,0
19,5,0
20,10,0
21,3,0
22,3,0
23,6,0
24,14,0
25,11,1
26,16,1
27,15,0
28,21,0
29,19,0
30,25,6
31,32,3
32,40,1
33,31,2
34,53,2
35,44,5
36,61,9
37,61,4
38,86,7
39,123,8
40,119,6
41,154,7
42,163,8
43,196,14
44,244,12
45,262,9
46,340,20
47,393,26
48,483,17
49,565,30
50,684,39
51,831,41
52,1030,63
53,1156,71
54,1358,84
55,1605,99
56,1945,101
57,2333,130
58,2816,152
59,3336,179
60,3985,224
61,4619,249
62,5489,289
63,6690,363
64,7957,428
65,9347,494
66,11193,569
67,13637,706
68,15909,827
69,19180,1020
70,22731,1135
71,27589,1354
72,32667,1676
73,39435,2081
74,46864,2444
75,51646,2750
76,51344,2866
77,43010,2609
78,32093,2270
79,21582,1878
80,12992,1284
81,7320,868
82,3940,534
83,2035,342
84,939,213
85,457,102
86,177,60
87,79,37
88,50,19
89,25,14
90,5,4
91,4,6
92,0,1
93,0,0
94,1,0
95,0,0
