1,1,0
2,0,0
3,0,0
4,0,0
5,0,1
6,0,0
7,2,0
8,2,0
9,4,1
10,4,0
11,6,0
12,3,0
13,6,0
14,9,0
15,11,1
16,18,1
17,19,1
18,16,0
19,22,1
20,28,3
21,39,1
22,49,2
23,51,1
24,41,1
25,63,6
26,63,3
27,79,9
28,113,7
29,132,9
30,175,5
31,214,10
32,262,13
33,335,12
34,445,15
35,444,19
36,520,24
37,649,34
38,770,42
39,917,58
40,1049,54
41,1370,70
42,1568,82
43,1886,95
44,2161,117
45,2642,149
46,3143,143
47,3848,198
48,4483,214
49,5386,300
50,6369,331
51,7435,410
52,8954,463
53,10905,530
54,13163,711
55,15706,785
56,18889,1001
57,22846,1136
58,26738,1398
59,31728,1718
60,38229,1943
61,45755,2352
