1,1,0
2,0,0
3,0,0
4,0,0
5,1,0
6,3,0
7,2,0
8,1,0
9,2,0
10,2,0
11,3,0
12,1,0
13,2,0
14,2,0
15,3,0
16,3,0
17,2,0
18,4,0
19,8,0
20,7,0
21,4,0
22,5,0
23,20,0
24,11,2
25,12,1
26,29,1
27,23,0
28,27,1
29,40,1
30,41,2
31,57,0
32,65,2
33,93,3
34,84,3
35,99,7
36,135,4
37,178,7
38,256,8
39,267,7
40,373,16
41,432,17
42,528,21
43,614,34
44,736,29
45,871,46
46,1023,52
47,1257,53
48,1529,77
49,1854,92
50,2212,117
51,2587,128
52,3055,157
53,3584,204
54,4464,226
55,5267,266
56,6451,333
57,7789,374
58,9156,468
59,10774,555
60,13253,678
61,15418,854
