1,1,0
2,0,0
3,2,0
4,4,0
5,8,0
6,9,0
7,9,1
8,11,0
9,9,1
10,12,2
11,15,0
12,22,1
13,26,3
14,36,1
15,47,0
16,49,2
17,64,1
18,100,6
19,125,3
20,126,8
21,159,5
22,204,8
23,211,7
24,294,9
25,352,17
26,428,26
27,532,28
28,631,24
29,757,25
30,911,46
31,1093,56
32,1278,51
33,1521,74
34,1975,89
35,2352,118
36,2716,132
37,3226,170
38,4106,209
39,4858,209
40,5992,280
41,6931,360
42,8453,402
43,10103,545
44,12163,590
45,14378,721
46,17388,916
47,20622,1088
48,24776,1248
49,29813,1486
50,35638,1775
51,42201,2197
52,49609,2516
53,53430,2875
54,49902,3009
55,40731,2585
56,29273,2324
57,18730,1762
58,11325,1169
59,6124,768
60,3346,507
61,1704,290
