1,1,0
2,0,0
3,0,0
4,1,0
5,2,0
6,6,0
7,4,0
8,5,0
9,5,0
10,7,0
11,5,1
12,17,2
13,15,1
14,30,1
15,33,0
16,26,2
17,38,3
18,57,2
19,86,1
20,79,5
21,102,1
22,102,5
23,146,5
24,152,15
25,190,13
26,208,12
27,241,11
28,291,25
29,360,27
30,466,27
31,580,30
32,669,26
33,797,38
34,933,52
35,1101,45
36,1223,74
37,1447,81
38,1725,110
39,1988,111
40,2350,126
41,3010,162
42,3548,173
43,4173,231
44,5034,232
45,5892,314
46,7150,370
47,8517,405
48,9978,509
49,11994,635
50,14483,706
51,17261,923
52,20817,1055
53,24736,1262
54,29500,1495
55,35243,1783
56,42351,2207
57,50682,2694
58,60498,3139
59,70239,3675
60,73608,4001
61,67200,4059
