1,1,0
2,0,0
3,0,0
4,0,0
5,1,0
6,0,0
7,0,0
8,3,0
9,4,0
10,1,1
11,4,0
12,4,0
13,7,0
14,4,0
15,12,0
16,16,0
17,29,0
18,34,1
19,34,1
20,43,2
21,47,2
22,64,2
23,69,3
24,83,7
25,89,6
26,109,6
27,126,13
28,177,8
29,204,12
30,238,6
31,279,12
32,332,12
33,407,12
34,424,29
35,536,30
36,717,50
37,835,47
38,1020,55
39,1276,44
40,1618,71
41,1871,68
42,2414,110
43,2742,129
44,3204,160
45,3683,209
46,4628,227
47,5514,288
48,6643,369
49,7963,409
50,9476,474
51,11388,577
52,13512,701
53,16269,833
54,19010,1023
55,22981,1223
56,27004,1404
57,32231,1714
58,38700,2023
59,46324,2468
60,55659,2992
61,66539,3325
