1,1,0
2,1,0
3,0,0
4,2,0
5,6,0
6,6,0
7,2,0
8,12,0
9,15,0
10,15,1
11,19,0
12,17,0
13,27,1
14,45,3
15,47,2
16,57,2
17,54,3
18,69,3
19,68,4
20,102,3
21,109,11
22,111,6
23,148,9
24,177,11
25,239,10
26,248,8
27,329,14
28,365,12
29,462,21
30,573,41
31,731,36
32,840,37
33,1019,50
34,1256,63
35,1432,72
36,1699,90
37,2037,107
38,2379,128
39,2789,167
40,3351,177
41,3957,202
42,4603,262
43,5553,309
44,6701,373
45,8033,362
46,9639,527
47,11411,610
48,13738,742
49,16176,878
50,19255,1009
51,23006,1252
52,27920,1404
53,33435,1727
54,39692,1976
55,47361,2426
56,54390,2844
57,56416,3160
58,50986,3091
59,39824,2811
60,27872,2295
61,17274,1691
