1,1,0
2,0,0
3,0,0
4,1,0
5,0,0
6,3,0
7,2,0
8,2,0
9,1,0
10,2,0
11,2,0
12,2,0
13,3,0
14,4,0
15,5,0
16,2,0
17,5,0
18,10,1
19,21,1
20,22,1
21,24,1
22,34,2
23,33,1
24,64,2
25,59,2
26,67,4
27,97,5
28,109,5
29,116,7
30,143,8
31,129,8
32,148,13
33,179,12
34,178,16
35,199,24
36,269,22
37,306,25
38,379,23
39,442,26
40,577,23
41,675,36
42,850,32
43,968,38
44,1181,69
45,1436,76
46,1706,76
47,2052,105
48,2436,131
49,2828,116
50,3473,175
51,4130,196
52,4883,255
53,5909,312
54,7207,366
55,8453,415
56,9989,502
57,11911,620
58,14103,737
59,16792,903
60,19928,1036
61,24302,1227
