1,1,0
2,0,0
3,0,0
4,0,0
5,0,0
6,3,0
7,2,0
8,0,0
9,2,0
10,1,0
11,6,0
12,4,0
13,5,0
14,3,1
15,14,0
16,11,1
17,6,0
18,12,0
19,15,2
20,13,0
21,17,0
22,30,1
23,43,1
24,36,1
25,52,2
26,67,5
27,93,1
28,98,4
29,155,6
30,161,4
31,209,7
32,283,8
33,338,10
34,420,17
35,526,18
36,628,30
37,841,38
38,1027,44
39,1287,49
40,1437,50
41,1811,69
42,2027,110
43,2460,144
44,3018,148
45,3518,192
46,4332,209
47,4936,240
48,6061,305
49,7395,377
50,8771,464
51,10533,551
52,12568,627
53,15183,797
54,18370,938
55,21402,1134
56,25655,1351
57,30694,1581
58,36916,1813
59,44467,2359
60,52676,2727
61,63014,3218
