1,1,0
2,0,0
3,0,0
4,3,0
5,7,0
6,10,0
7,16,1
8,13,0
9,10,0
10,13,0
11,15,1
12,18,1
13,9,1
14,28,2
15,24,2
16,38,4
17,44,3
18,61,3
19,78,3
20,93,5
21,117,7
22,121,2
23,143,8
24,200,4
25,258,11
26,332,12
27,366,18
28,441,17
29,519,19
30,697,35
31,849,38
32,962,44
33,1052,56
34,1315,74
35,1519,87
36,1840,101
37,2231,106
38,2744,129
39,3287,164
40,3769,204
41,4515,245
42,5372,282
43,6452,339
44,7587,432
45,9142,485
46,11034,598
47,13190,729
48,15910,785
49,18622,998
50,22764,1153
51,27054,1406
52,32311,1611
53,38453,2020
54,46208,2357
55,53834,2789
56,56168,3016
57,51364,3040
58,40594,2682
59,28532,2156
60,18073,1601
61,10448,1198
