1,1,0
2,0,0
3,1,0
4,1,0
5,5,0
6,9,0
7,4,0
8,2,1
9,2,0
10,8,1
11,1,2
12,6,0
13,6,0
14,3,2
15,6,0
16,6,0
17,4,1
18,7,1
19,7,2
20,10,3
21,8,0
22,9,0
23,5,1
24,26,2
25,20,0
26,29,2
27,38,1
28,34,1
29,37,1
30,60,1
31,60,3
32,62,2
33,71,5
34,99,2
35,94,8
36,104,10
37,155,7
38,210,8
39,193,10
40,235,9
41,291,19
42,308,21
43,399,22
44,438,23
45,568,25
46,693,40
47,826,45
48,946,45
49,1076,45
50,1303,75
51,1556,89
52,1800,89
53,2122,134
54,2490,130
55,3028,167
56,3588,192
57,4213,220
58,4955,275
59,5858,308
60,6870,329
61,8330,460
