1,1,0
2,0,0
3,0,0
4,1,0
5,3,0
6,2,0
7,6,0
8,5,0
9,2,0
10,6,0
11,15,0
12,10,1
13,5,1
14,17,2
15,22,1
16,14,3
17,38,1
18,42,0
19,36,1
20,40,3
21,52,2
22,66,3
23,82,6
24,113,6
25,139,9
26,153,9
27,188,13
28,218,11
29,240,17
30,287,16
31,322,20
32,425,24
33,549,29
34,649,31
35,735,46
36,862,55
37,1022,55
38,1255,75
39,1571,78
40,1788,85
41,2249,95
42,2564,104
43,3112,158
44,3619,186
45,4566,238
46,5404,294
47,6195,329
48,7576,362
49,9052,477
50,11095,548
51,13598,618
52,16209,820
53,19189,956
54,23269,1144
55,27679,1386
56,33583,1700
57,39432,2041
58,47249,2479
59,56855,2911
60,67926,3461
61,81463,4070
