1,1,0
2,0,0
3,0,0
4,2,0
5,1,0
6,2,0
7,1,0
8,1,2
9,0,0
10,3,0
11,4,0
12,1,0
13,8,0
14,9,0
15,16,2
16,21,0
17,22,1
18,39,0
19,28,1
20,43,0
21,62,4
22,74,2
23,94,4
24,102,4
25,134,7
26,137,8
27,171,3
28,192,10
29,266,10
30,297,20
31,352,12
32,421,19
33,471,27
34,617,31
35,697,39
36,818,38
37,987,57
38,1192,59
39,1484,89
40,1757,98
41,2168,102
42,2526,139
43,2969,150
44,3600,170
45,4295,206
46,5162,246
47,6100,303
48,7308,380
49,8822,431
50,10727,586
51,12757,666
52,14956,724
53,17702,948
54,21413,1167
55,25437,1330
56,30366,1593
57,36450,1979
58,43636,2276
59,51686,2668
60,61902,3289
61,73779,3849
