1,1,0
2,0,0
3,1,0
4,2,0
5,0,0
6,2,0
7,5,0
8,3,0
9,6,0
10,3,0
11,6,0
12,6,0
13,3,0
14,6,0
15,3,0
16,5,2
17,4,1
18,2,1
19,5,0
20,8,0
21,7,3
22,12,1
23,26,0
24,25,0
25,23,1
26,37,0
27,42,4
28,52,3
29,70,1
30,76,2
31,106,3
32,126,8
33,136,8
34,172,7
35,214,12
36,231,14
37,309,15
38,322,11
39,428,23
40,501,31
41,636,33
42,714,39
43,833,40
44,961,48
45,1213,66
46,1466,90
47,1682,101
48,2058,116
49,2502,121
50,3045,127
51,3337,180
52,4052,204
53,4910,289
54,5706,298
55,6689,370
56,8024,390
57,9814,513
58,11609,636
59,13808,800
60,16675,831
61,19778,1038
