1,1,0
2,0,0
3,1,0
4,2,0
5,2,0
6,3,0
7,5,0
8,8,0
9,7,1
10,6,0
11,7,0
12,9,0
13,11,0
14,16,0
15,15,0
16,12,1
17,10,0
18,9,0
19,12,1
20,14,1
21,11,1
22,12,2
23,10,4
24,24,0
25,13,4
26,22,4
27,17,5
28,23,1
29,30,2
30,18,1
31,35,2
32,52,1
33,84,2
34,89,2
35,100,6
36,122,8
37,135,7
38,177,9
39,226,9
40,251,11
41,318,12
42,364,20
43,455,25
44,505,20
45,566,37
46,717,45
47,796,44
48,926,47
49,1162,56
50,1422,87
51,1574,78
52,1916,102
53,2269,126
54,2679,138
55,3192,197
56,3844,195
57,4609,233
58,5506,303
59,6548,367
60,7929,407
61,9569,493
