1,1,0
2,0,0
3,0,0
4,2,0
5,1,0
6,0,1
7,2,1
8,0,0
9,0,0
10,2,0
11,2,0
12,2,0
13,1,0
14,2,0
15,3,0
16,1,0
17,9,0
18,13,0
19,9,1
20,11,0
21,18,0
22,16,0
23,15,0
24,13,2
25,24,0
26,16,3
27,25,2
28,29,3
29,28,2
30,42,1
31,48,3
32,55,2
33,60,3
34,72,2
35,110,3
36,129,3
37,172,11
38,186,6
39,220,7
40,247,15
41,269,17
42,282,22
43,367,19
44,397,25
45,507,41
46,606,44
47,748,46
48,856,38
49,992,65
50,1256,61
51,1425,85
52,1745,89
53,2058,113
54,2400,136
55,2959,141
56,3476,171
57,4061,222
58,4853,267
59,5830,295
60,7088,365
61,8397,439
