1,1,0
2,0,0
3,0,0
4,0,0
5,0,0
6,0,0
7,1,0
8,2,0
9,1,0
10,1,0
11,3,0
12,3,0
13,2,0
14,0,0
15,2,0
16,6,0
17,8,0
18,5,0
19,3,0
20,9,1
21,11,1
22,15,1
23,20,1
24,27,0
25,25,0
26,32,2
27,38,2
28,83,1
29,76,4
30,113,3
31,119,6
32,128,7
33,166,9
34,213,8
35,258,17
36,324,7
37,382,15
38,445,15
39,497,25
40,613,41
41,734,26
42,962,47
43,1071,39
44,1265,64
45,1506,89
46,1853,100
47,2102,117
48,2507,146
49,2929,135
50,3532,214
51,4177,200
52,5252,253
53,6247,325
54,7408,358
55,8840,478
56,10764,513
57,12696,673
58,15273,779
59,18171,953
60,22202,1135
61,26469,1302
