1,1,0
2,0,0
3,0,0
4,1,0
5,0,0
6,0,0
7,1,0
8,2,0
9,0,0
10,0,0
11,1,0
12,1,0
13,3,0
14,4,0
15,6,0
16,15,0
17,12,0
18,26,0
19,23,2
20,23,0
21,46,1
22,47,1
23,67,4
24,57,5
25,88,7
26,101,4
27,96,4
28,137,6
29,156,11
30,158,10
31,221,18
32,267,15
33,294,12
34,325,19
35,428,17
36,565,31
37,619,28
38,715,38
39,911,46
40,1067,64
41,1284,54
42,1626,84
43,2010,93
44,2329,127
45,2650,136
46,3124,192
47,3831,187
48,4536,199
49,5361,293
50,6578,324
51,7758,391
52,9147,494
53,11187,596
54,13394,708
55,16004,799
56,19134,1027
