1,1,0
2,0,0
3,0,0
4,5,0
5,6,0
6,9,0
7,9,0
8,9,0
9,22,1
10,17,1
11,16,0
12,18,2
13,26,1
14,33,3
15,35,0
16,48,4
17,67,3
18,77,3
19,107,6
20,115,6
21,143,7
22,148,8
23,198,12
24,231,18
25,300,22
26,338,23
27,390,20
28,478,18
29,686,31
30,720,38
31,874,34
32,1013,53
33,1191,60
34,1450,66
35,1874,83
36,2112,97
37,2447,122
38,3072,159
39,3483,171
40,4113,224
41,5070,294
42,5956,308
43,7153,343
44,8569,458
45,10202,514
46,12389,685
47,14791,767
48,17863,981
49,21322,1032
50,25371,1302
51,30589,1551
52,36995,1836
53,43877,2202
54,52064,2679
55,62213,3297
56,75438,3961
