1,1,0
2,0,0
3,0,0
4,1,0
5,0,0
6,3,0
7,2,1
8,0,0
9,3,0
10,5,0
11,6,0
12,8,0
13,8,0
14,17,2
15,18,0
16,21,1
17,12,1
18,33,1
19,34,1
20,42,2
21,50,1
22,57,3
23,68,5
24,69,7
25,89,4
26,111,5
27,124,15
28,160,5
29,177,12
30,175,10
31,235,6
32,299,18
33,345,21
34,438,22
35,492,17
36,567,37
37,673,34
38,838,46
39,1035,56
40,1305,57
41,1495,85
42,1732,71
43,2023,110
44,2496,124
45,2907,146
46,3463,182
47,4093,226
48,4855,281
49,5971,272
50,6986,365
51,8288,457
52,10242,534
53,12086,638
54,14297,708
55,16995,887
56,20453,1058
