1,1,0
2,0,0
3,0,0
4,0,0
5,1,0
6,3,0
7,5,0
8,0,0
9,3,2
10,6,0
11,4,1
12,7,0
13,9,0
14,11,0
15,4,0
16,10,0
17,9,0
18,22,1
19,19,2
20,10,1
21,15,2
22,30,1
23,35,1
24,44,0
25,56,2
26,59,6
27,72,6
28,98,3
29,111,3
30,116,4
31,162,8
32,181,16
33,190,10
34,222,13
35,254,17
36,293,20
37,354,18
38,427,23
39,475,26
40,555,41
41,652,45
42,801,52
43,917,57
44,1086,49
45,1321,72
46,1580,83
47,1914,102
48,2317,117
49,2675,126
50,3247,172
51,3924,213
52,4556,221
53,5549,266
54,6650,335
55,8050,397
56,9597,513
