1,1,0
2,0,0
3,1,0
4,4,0
5,1,0
6,4,0
7,9,1
8,9,0
9,6,1
10,2,0
11,5,1
12,7,3
13,12,0
14,17,1
15,15,0
16,23,0
17,38,0
18,64,1
19,65,3
20,103,4
21,129,8
22,139,4
23,184,7
24,220,9
25,247,13
26,320,12
27,361,19
28,414,25
29,579,24
30,621,31
31,788,35
32,891,42
33,1115,55
34,1362,71
35,1524,72
36,1731,102
37,2078,113
38,2405,126
39,2929,155
40,3427,171
41,4140,234
42,5206,271
43,5944,308
44,7174,348
45,8635,458
46,10363,528
47,12561,626
48,14928,755
49,18041,904
50,21854,1111
51,25788,1341
52,31133,1597
53,36855,1916
54,44153,2286
55,53104,2793
56,63364,3309
