1,1,0
2,0,0
3,0,0
4,3,0
5,9,0
6,7,0
7,7,0
8,16,0
9,24,0
10,21,2
11,20,0
12,32,1
13,36,1
14,40,0
15,53,1
16,42,2
17,78,4
18,56,3
19,76,4
20,95,11
21,129,8
22,109,5
23,151,5
24,192,13
25,204,10
26,280,10
27,323,17
28,347,18
29,442,28
30,492,30
31,626,33
32,667,42
33,800,52
34,954,58
35,1112,68
36,1319,71
37,1535,89
38,1817,101
39,2159,139
40,2559,157
41,2945,167
42,3555,194
43,4421,228
44,5028,253
45,6135,316
46,7263,388
47,8890,429
48,10607,557
49,12664,670
50,15109,762
51,18051,886
52,21224,1124
53,25733,1347
54,30955,1557
55,36438,1854
56,44102,2279
