1,1,0
2,0,0
3,0,0
4,0,0
5,1,0
6,1,0
7,2,0
8,3,0
9,1,0
10,6,0
11,13,0
12,16,0
13,22,0
14,21,0
15,30,0
16,39,3
17,36,6
18,39,1
19,39,5
20,63,3
21,68,2
22,85,5
23,73,10
24,104,4
25,132,6
26,146,15
27,165,10
28,187,15
29,185,11
30,281,17
31,321,9
32,388,27
33,555,24
34,533,26
35,652,29
36,788,45
37,962,51
38,1115,54
39,1337,69
40,1564,94
41,1863,92
42,2264,119
43,2697,150
44,3221,193
45,3947,183
46,4581,219
47,5465,313
48,6477,339
49,7824,447
50,9289,470
51,11007,570
52,13165,697
53,15889,809
54,18874,1030
55,22733,1138
56,27266,1361
