1,1,0
2,0,0
3,0,0
4,2,0
5,1,0
6,2,0
7,0,0
8,1,0
9,5,1
10,2,0
11,8,0
12,5,0
13,6,0
14,9,0
15,17,0
16,23,0
17,25,3
18,22,1
19,29,1
20,39,0
21,49,1
22,56,4
23,76,3
24,98,1
25,111,5
26,158,3
27,171,10
28,231,6
29,287,5
30,339,16
31,373,17
32,467,22
33,554,39
34,677,32
35,741,46
36,928,58
37,1133,61
38,1226,66
39,1562,71
40,1888,116
41,2258,111
42,2730,128
43,3259,165
44,3874,181
45,4652,227
46,5612,299
47,6588,348
48,7765,414
49,9460,457
50,11128,620
51,13400,728
52,16239,799
53,19430,970
54,22933,1214
55,27685,1466
56,32859,1665
57,39257,2040
58,46714,2421
59,52008,2777
60,51397,2935
61,43874,2759
62,32946,2370
63,21412,1803
64,13315,1297
65,7534,882
66,3963,547
67,2045,341
68,971,221
69,420,119
70,198,44
71,86,29
72,37,22
73,18,11
74,5,8
75,3,1
76,2,3
77,0,0
78,0,0
79,0,0
80,1,0
81,0,0
82,0,0
