1,1,0
2,0,0
3,1,0
4,1,0
5,0,0
6,6,0
7,7,0
8,9,0
9,9,0
10,10,0
11,24,0
12,27,2
13,45,1
14,42,1
15,53,2
16,78,4
17,89,3
18,94,4
19,110,5
20,126,7
21,162,4
22,168,14
23,203,11
24,219,14
25,294,20
26,319,14
27,385,15
28,408,17
29,536,31
30,660,37
31,789,39
32,964,53
33,1124,64
34,1411,60
35,1674,86
36,2034,97
37,2424,96
38,2902,141
39,3503,150
40,4127,196
41,4940,237
42,5962,295
43,7310,356
44,8342,446
45,10215,518
46,12231,603
47,14800,749
48,17143,898
49,21078,1086
50,25030,1263
51,30187,1558
52,35723,1837
53,42625,2112
54,49845,2668
55,52366,2877
56,47443,2872
57,37941,2582
58,26446,2104
59,16693,1603
60,9822,1086
61,5325,704
62,2792,438
63,1309,280
64,677,158
65,314,90
66,136,52
67,50,34
68,23,19
69,19,4
70,8,4
71,3,1
72,1,1
73,0,0
74,1,0
75,0,0
76,0,0
77,0,0
78,0,0
79,0,0
80,0,0
81,0,0
82,0,0
