1,1,0
2,0,0
3,0,0
4,0,0
5,2,0
6,2,0
7,1,0
8,0,0
9,4,0
10,2,0
11,0,0
12,1,0
13,0,0
14,2,0
15,0,0
16,0,0
17,1,0
18,1,0
19,1,0
20,0,0
21,2,0
22,3,0
23,8,0
24,4,0
25,10,0
26,11,0
27,16,2
28,16,0
29,21,2
30,31,0
31,19,1
32,36,2
33,53,0
34,70,0
35,88,1
36,102,3
37,114,2
38,110,3
39,157,5
40,167,8
41,197,8
42,238,10
43,285,15
44,301,19
45,396,22
46,491,18
47,518,29
48,624,32
49,824,47
50,979,44
51,1157,62
52,1385,86
53,1661,72
54,1958,101
55,2456,117
56,2855,131
57,3374,169
58,4142,197
59,4931,238
60,5786,301
61,7024,329
62,8462,405
63,10152,490
64,11912,599
65,14331,728
66,17599,903
67,20819,1054
68,24858,1289
69,29835,1490
70,35261,1863
71,42506,2066
72,49879,2619
73,54461,2918
74,51905,2964
75,42927,2668
76,30952,2300
77,20402,1717
78,11974,1169
79,6862,836
80,3619,542
81,1781,311
82,833,193
