1,1,0
2,0,0
3,0,0
4,0,0
5,0,0
6,0,0
7,0,0
8,0,0
9,0,0
10,1,0
11,1,0
12,0,0
13,0,1
14,1,0
15,1,0
16,2,0
17,2,0
18,10,1
19,5,0
20,7,1
21,14,1
22,18,0
23,15,0
24,21,0
25,19,1
26,30,1
27,36,2
28,26,3
29,41,3
30,39,6
31,26,1
32,38,10
33,27,4
34,43,6
35,51,2
36,58,4
37,50,7
38,68,5
39,90,3
40,106,5
41,152,3
42,146,8
43,176,12
44,211,13
45,266,13
46,300,13
47,369,18
48,465,19
49,550,33
50,673,23
51,836,36
52,932,50
53,1140,57
54,1286,72
55,1566,75
56,1892,105
57,2321,104
58,2787,147
59,3154,158
60,3820,195
61,4459,232
62,5694,305
63,6849,343
64,7787,395
65,9335,486
66,11098,612
67,13223,730
68,15839,852
69,18847,1007
70,22950,1123
71,27310,1403
72,32557,1679
73,38809,1975
74,46402,2390
75,53122,2789
76,53125,3018
77,46449,2861
78,35370,2565
79,23925,1974
80,14758,1467
81,8313,963
82,4489,632
