1,1,0
2,0,0
3,0,0
4,2,0
5,2,0
6,6,0
7,9,0
8,8,0
9,16,0
10,30,1
11,26,1
12,45,0
13,54,3
14,71,3
15,76,2
16,108,2
17,130,4
18,187,8
19,205,12
20,213,10
21,230,12
22,310,20
23,364,20
24,418,21
25,468,28
26,550,33
27,727,41
28,770,48
29,933,52
30,1088,60
31,1294,76
32,1557,84
33,1860,135
34,2284,117
35,2674,146
36,3153,161
37,3919,205
38,4543,224
39,5466,311
40,6370,334
41,7623,407
42,9309,459
43,11245,562
44,13361,677
45,16201,820
46,19458,996
47,22963,1098
48,27843,1472
49,33137,1621
50,39662,2075
51,46937,2406
52,52545,2774
53,51944,2890
54,44123,2793
55,32762,2349
56,21852,1806
57,13419,1278
58,7568,915
59,4072,539
60,2066,345
61,930,221
62,442,109
63,201,61
64,88,38
65,37,20
66,14,7
67,6,4
68,2,2
69,1,3
70,0,0
71,0,0
72,0,0
73,0,0
74,0,0
75,0,0
76,0,0
77,0,0
78,0,0
79,0,0
80,0,0
81,0,0
82,0,0
