1,1,0
2,0,0
3,0,0
4,1,0
5,0,0
6,1,0
7,3,0
8,2,0
9,2,0
10,1,0
11,2,0
12,1,1
13,3,0
14,3,0
15,1,1
16,1,0
17,2,0
18,5,1
19,3,0
20,0,0
21,3,0
22,3,0
23,2,0
24,1,1
25,5,0
26,4,0
27,12,1
28,18,1
29,14,0
30,25,0
31,20,0
32,32,3
33,24,3
34,39,1
35,36,1
36,49,3
37,55,3
38,68,6
39,73,9
40,86,3
41,109,10
42,128,10
43,143,7
44,162,20
45,180,21
46,239,13
47,252,9
48,319,23
49,349,23
50,510,19
51,598,44
52,717,40
53,830,43
54,982,52
55,1154,47
56,1326,76
57,1666,80
58,1989,110
59,2304,144
60,2652,142
61,3172,191
62,3927,218
63,4578,254
64,5536,302
65,6590,336
66,7850,391
67,9262,480
68,11142,585
69,13370,768
70,15956,818
71,18737,985
72,22561,1157
73,26331,1422
74,31724,1754
75,37962,2051
76,45215,2299
77,53545,2819
78,57764,3019
79,54610,3162
80,44576,2849
81,32245,2359
82,20720,1846
