1,1,0
2,0,0
3,2,0
4,0,0
5,0,0
6,3,0
7,0,0
8,5,0
9,5,0
10,5,0
11,4,0
12,6,0
13,4,0
14,4,0
15,14,2
16,16,0
17,11,0
18,25,1
19,23,2
20,31,1
21,42,1
22,38,0
23,53,5
24,74,4
25,90,8
26,117,7
27,97,1
28,147,13
29,157,11
30,221,4
31,270,5
32,358,11
33,429,18
34,475,23
35,557,36
36,681,33
37,892,54
38,1021,55
39,1256,78
40,1460,70
41,1836,97
42,2072,93
43,2513,127
44,2945,139
45,3614,188
46,4245,232
47,5103,251
48,6185,296
49,7336,372
50,8710,488
51,10533,529
52,12451,604
53,15013,787
54,17908,913
55,21386,1137
56,25803,1303
57,31167,1536
58,37038,1943
59,44496,2288
60,50924,2669
61,52909,2882
62,47642,2823
63,37465,2546
64,25854,2068
65,16417,1538
66,9352,1087
67,5216,751
68,2636,456
69,1290,270
70,626,157
71,292,88
72,143,53
73,58,25
74,29,12
75,11,8
76,6,4
77,2,4
78,0,0
79,0,1
80,0,0
81,0,0
82,0,0
