1,1,0
2,0,0
3,0,0
4,1,0
5,0,0
6,0,0
7,2,0
8,0,0
9,0,0
10,3,0
11,3,0
12,5,0
13,4,0
14,5,0
15,5,0
16,7,1
17,4,1
18,5,0
19,1,0
20,6,1
21,6,1
22,7,0
23,5,2
24,11,0
25,8,0
26,16,0
27,24,1
28,37,0
29,44,3
30,39,0
31,50,4
32,56,2
33,99,4
34,96,3
35,102,7
36,150,2
37,145,5
38,175,6
39,219,18
40,301,11
41,341,21
42,435,17
43,506,26
44,609,19
45,758,40
46,952,36
47,1134,54
48,1346,63
49,1647,68
50,1838,87
51,2303,111
52,2620,127
53,3129,162
54,3717,229
55,4472,259
56,5372,270
57,6512,341
58,7872,427
59,9406,482
60,11349,587
61,13390,687
62,16297,823
63,19316,943
64,23219,1209
65,28248,1408
66,33697,1708
67,40836,2060
68,48258,2507
69,53776,2781
70,52955,2913
71,44885,2798
72,33363,2346
73,22154,1922
74,13471,1324
75,7556,911
76,4027,584
77,2107,332
78,1045,216
79,488,128
80,225,75
81,84,36
82,33,19
