1,1,0
2,0,0
3,0,0
4,3,0
5,2,0
6,5,0
7,8,0
8,10,0
9,11,0
10,24,0
11,26,1
12,34,0
13,31,6
14,56,3
15,49,2
16,56,2
17,77,5
18,104,4
19,107,2
20,129,5
21,173,9
22,180,9
23,198,9
24,257,13
25,314,24
26,362,20
27,401,27
28,476,24
29,603,40
30,715,45
31,799,34
32,1057,40
33,1194,60
34,1445,82
35,1785,71
36,2111,115
37,2516,110
38,2995,151
39,3699,168
40,4441,230
41,5131,259
42,6343,314
43,7523,409
44,8980,465
45,10895,545
46,12896,677
47,15806,822
48,18485,919
49,22218,1145
50,26542,1333
51,31289,1641
52,37638,1859
53,44836,2379
54,51784,2680
55,52400,2932
56,46930,2828
57,36239,2561
58,24762,2048
59,15503,1490
60,8897,1008
61,4842,665
62,2522,400
63,1221,267
64,605,126
65,290,84
66,104,46
67,50,18
68,26,12
69,6,5
70,7,1
71,2,1
72,0,0
73,1,2
74,0,0
75,0,0
76,0,0
77,0,0
78,0,0
79,0,0
80,0,0
81,0,0
82,0,0
