1,1,0
2,0,0
3,0,0
4,2,0
5,0,0
6,1,0
7,2,0
8,5,0
9,3,0
10,2,0
11,2,0
12,11,0
13,15,0
14,17,1
15,24,0
16,29,5
17,27,0
18,31,1
19,44,1
20,34,1
21,47,4
22,55,6
23,87,2
24,103,3
25,122,9
26,134,8
27,165,10
28,164,8
29,247,15
30,315,15
31,337,19
32,431,22
33,513,32
34,638,28
35,777,26
36,934,46
37,1065,54
38,1221,68
39,1583,74
40,1821,94
41,2211,129
42,2652,136
43,3062,171
44,3681,187
45,4444,217
46,5385,257
47,6559,354
48,7843,385
49,9278,502
50,10941,567
51,13082,690
52,15618,740
53,18554,948
54,21855,1191
55,26256,1487
56,31191,1656
57,36999,1873
58,44374,2327
59,50268,2696
60,50511,2881
61,44517,2746
62,33915,2334
63,23017,1919
64,14359,1411
65,8205,941
66,4454,580
67,2199,404
68,1109,216
69,493,116
70,207,71
71,106,35
72,51,29
73,20,7
74,2,9
75,3,1
76,3,1
77,0,1
78,0,0
79,0,0
80,0,1
81,0,0
82,0,0
