1,1,0
2,0,0
3,0,0
4,0,0
5,2,0
6,0,0
7,1,0
8,1,1
9,3,0
10,0,0
11,2,0
12,4,0
13,1,0
14,9,0
15,2,0
16,5,0
17,5,0
18,7,1
19,6,0
20,4,1
21,3,0
22,12,0
23,10,1
24,9,1
25,5,0
26,15,3
27,24,1
28,22,0
29,30,2
30,43,1
31,40,2
32,55,2
33,60,1
34,88,2
35,74,4
36,111,9
37,123,10
38,143,8
39,176,10
40,184,12
41,253,9
42,275,13
43,367,21
44,442,15
45,452,24
46,601,38
47,765,31
48,905,40
49,1041,55
50,1362,77
51,1553,66
52,1914,83
53,2247,113
54,2572,108
55,3177,156
56,3765,192
57,4536,255
58,5423,310
59,6464,370
60,7995,453
61,9553,491
62,11330,570
63,13279,682
64,16234,822
65,19309,1021
66,22861,1188
67,27632,1470
68,32824,1662
69,39428,2095
70,46481,2443
71,52010,2800
72,51399,2837
73,44033,2738
74,32797,2278
75,21796,1809
76,13082,1293
77,7576,860
78,3974,545
79,1954,354
80,992,195
81,429,124
82,213,58
83,91,33
84,35,18
85,21,8
86,4,9
87,4,2
88,0,2
89,0,0
90,0,0
91,0,0
92,0,0
93,0,0
94,0,0
95,0,0
96,0,0
97,0,0
98,0,0
99,0,0
100,0,0
101,0,0
102,0,0
103,0,0
104,0,0
105,0,0
106,0,0
107,0,0
108,0,0
109,0,0
110,0,0
111,0,0
112,0,0
113,0,0
114,0,0
115,0,0
116,0,0
117,0,0
118,0,0
119,0,0
