1,1,0
2,0,0
3,0,0
4,0,0
5,2,0
6,2,0
7,1,0
8,2,0
9,5,0
10,4,1
11,11,0
12,11,0
13,15,0
14,16,0
15,29,0
16,28,0
17,32,0
18,63,1
19,75,4
20,74,6
21,95,7
22,87,5
23,104,5
24,138,8
25,158,11
26,206,10
27,237,14
28,273,13
29,310,15
30,393,17
31,504,18
32,584,32
33,726,35
34,837,35
35,1058,56
36,1168,67
37,1487,66
38,1858,89
39,2195,102
40,2637,121
41,3122,138
42,3802,193
43,4602,257
44,5398,272
45,6127,313
46,7307,411
47,8827,482
48,10779,571
49,12958,650
50,15231,744
51,18455,928
52,22110,1146
53,26555,1330
54,31850,1594
55,38048,1960
56,46169,2282
57,52594,2706
58,52605,2931
59,46299,2883
60,34993,2501
61,23731,1940
62,14695,1428
63,8455,956
64,4506,601
65,2336,398
66,1087,232
67,592,121
68,228,68
69,93,45
70,38,26
71,19,10
72,8,4
73,2,5
74,1,0
75,2,3
76,1,0
77,0,1
78,0,0
79,0,0
80,0,0
81,0,0
82,0,0
83,0,0
84,0,0
85,0,0
86,0,0
87,0,0
88,0,0
89,0,0
90,0,0
91,0,0
92,0,0
93,0,0
94,0,0
95,0,0
96,0,0
97,0,0
98,0,0
99,0,0
100,0,0
101,0,0
102,0,0
103,0,0
104,0,0
105,0,0
106,0,0
107,0,0
108,0,0
109,0,0
110,0,0
111,0,0
112,0,0
113,0,0
114,0,0
115,0,0
116,0,0
117,0,0
118,0,0
119,0,0
