1,1,0
2,0,0
3,0,0
4,0,0
5,0,0
6,0,0
7,2,0
8,1,0
9,0,0
10,1,0
11,2,0
12,1,0
13,4,0
14,4,0
15,5,1
16,4,1
17,4,1
18,5,0
19,11,0
20,20,0
21,20,0
22,23,0
23,26,0
24,39,1
25,43,5
26,60,6
27,56,6
28,90,6
29,88,5
30,102,6
31,120,12
32,141,6
33,130,11
34,176,17
35,213,20
36,258,16
37,316,19
38,359,17
39,423,28
40,584,23
41,688,33
42,857,41
43,951,53
44,1132,65
45,1287,62
46,1523,86
47,1916,98
48,2133,131
49,2694,153
50,3042,154
51,3678,220
52,4348,259
53,5037,249
54,5975,357
55,7082,386
56,8417,447
57,10075,518
58,12130,607
59,14269,799
60,17245,904
61,20477,1049
62,24601,1350
63,29374,1521
64,35609,1837
65,42584,2110
66,50000,2596
67,52868,2867
68,48623,2915
69,38910,2486
70,27648,2217
71,17653,1544
72,10372,1076
73,5760,719
74,3132,498
75,1419,266
76,700,170
77,322,87
78,158,45
79,61,19
80,31,14
81,12,6
82,6,5
83,0,2
84,1,2
85,0,0
86,0,1
87,0,0
88,0,0
89,0,0
90,0,0
91,0,0
92,0,0
93,0,0
94,0,0
95,0,0
96,0,0
97,0,0
98,0,0
99,0,0
100,0,0
101,0,0
102,0,0
103,0,0
104,0,0
105,0,0
106,0,0
107,0,0
108,0,0
109,0,0
110,0,0
111,0,0
112,0,0
113,0,0
114,0,0
115,0,0
116,0,0
117,0,0
118,0,0
119,0,0
