1,1,0
2,0,0
3,0,0
4,0,0
5,0,0
6,2,1
7,3,0
8,3,0
9,0,0
10,0,0
11,4,1
12,2,0
13,3,0
14,2,0
15,4,0
16,1,0
17,3,2
18,2,1
19,2,0
20,4,1
21,1,0
22,3,0
23,3,0
24,4,0
25,0,0
26,4,1
27,2,1
28,4,0
29,2,0
30,13,0
31,10,0
32,16,0
33,17,0
34,29,0
35,28,0
36,23,0
37,25,1
38,20,2
39,41,3
40,53,2
41,56,2
42,56,5
43,74,5
44,109,7
45,111,7
46,136,8
47,153,8
48,192,8
49,183,13
50,222,19
51,298,14
52,341,21
53,350,19
54,439,27
55,488,28
56,643,35
57,715,40
58,811,46
59,1054,62
60,1356,69
61,1633,96
62,1848,97
63,2189,115
64,2489,153
65,3072,183
66,3584,195
67,4438,261
68,5145,291
69,6129,345
70,7366,387
71,8800,482
72,10482,554
73,12110,630
74,14968,774
75,17603,906
76,21195,1119
77,25588,1352
78,30055,1541
79,35906,1920
80,42639,2284
81,49225,2645
82,51168,2836
83,45990,2828
84,35846,2469
85,24901,2070
86,15553,1452
87,9149,966
88,4970,679
89,2616,425
90,1295,246
91,636,141
92,285,86
93,110,52
94,57,23
95,23,10
96,11,3
97,2,1
98,3,1
99,1,0
100,0,0
101,0,0
102,0,0
103,0,0
104,0,0
105,0,0
106,0,0
107,0,0
108,0,0
109,0,0
110,0,0
111,0,0
112,0,0
113,0,0
114,0,0
115,0,0
116,0,0
117,0,0
118,0,0
119,0,0
