1,1,0
2,0,0
3,0,0
4,0,0
5,0,0
6,1,0
7,0,0
8,0,0
9,1,0
10,0,0
11,4,0
12,3,0
13,5,0
14,11,0
15,12,0
16,12,1
17,8,0
18,17,1
19,15,0
20,17,1
21,12,0
22,10,1
23,15,6
24,16,2
25,31,3
26,37,3
27,42,1
28,53,2
29,59,6
30,61,2
31,67,3
32,133,2
33,149,7
34,179,9
35,183,9
36,248,9
37,294,10
38,370,19
39,447,23
40,562,31
41,652,25
42,786,27
43,951,47
44,1127,71
45,1228,87
46,1629,83
47,1942,99
48,2337,139
49,2755,140
50,3380,183
51,4205,176
52,4922,245
53,6003,279
54,7059,346
55,8509,435
56,10197,505
57,12110,664
58,14414,740
59,17372,883
60,20764,1011
61,24643,1242
62,30018,1590
63,35782,1829
64,42576,2175
65,49368,2642
66,52797,2859
67,49694,2829
68,39767,2607
69,28370,2151
70,18103,1559
71,10431,1143
72,5921,773
73,3110,462
74,1583,305
75,712,177
76,345,74
77,159,51
78,66,14
79,28,14
80,15,6
81,7,5
82,0,2
83,2,0
84,0,0
85,0,1
86,0,0
87,0,1
88,0,0
89,0,0
90,0,0
91,0,0
92,0,0
93,0,0
94,0,0
95,0,0
96,0,0
97,0,0
98,0,0
99,0,0
100,0,0
101,0,0
102,0,0
103,0,0
104,0,0
105,0,0
106,0,0
107,0,0
108,0,0
109,0,0
110,0,0
111,0,0
112,0,0
113,0,0
114,0,0
115,0,0
116,0,0
117,0,0
118,0,0
119,0,0
