1,1,0
2,0,0
3,0,0
4,0,0
5,2,0
6,0,0
7,2,0
8,8,0
9,8,0
10,10,0
11,15,1
12,22,0
13,17,0
14,35,1
15,21,0
16,35,3
17,42,2
18,33,2
19,71,5
20,79,4
21,90,5
22,77,4
23,109,6
24,117,1
25,124,11
26,162,14
27,181,12
28,225,14
29,256,21
30,307,23
31,345,18
32,389,23
33,452,26
34,563,36
35,712,33
36,863,53
37,1058,56
38,1234,74
39,1444,72
40,1856,84
41,2213,87
42,2615,131
43,3119,159
44,3568,170
45,4380,224
46,5207,286
47,6242,357
48,7316,387
49,8976,466
50,10758,577
51,12907,631
52,15322,783
53,18411,933
54,22034,1105
55,26436,1321
56,31512,1592
57,37659,1947
58,44750,2313
59,50919,2726
60,51760,2933
61,45046,2859
62,34347,2429
63,23295,1930
64,14351,1416
65,8356,933
66,4303,593
67,2293,391
68,1100,228
69,519,127
70,251,75
71,84,41
72,44,29
73,23,7
74,9,7
75,5,3
76,1,1
77,0,0
78,0,0
79,0,0
80,0,0
81,0,0
82,0,0
83,0,0
84,0,0
85,0,0
86,0,0
87,0,0
88,0,0
89,0,0
90,0,0
91,0,0
92,0,0
93,0,0
94,0,0
95,0,0
96,0,0
97,0,0
98,0,0
99,0,0
100,0,0
101,0,0
102,0,0
103,0,0
104,0,0
105,0,0
106,0,0
107,0,0
108,0,0
109,0,0
110,0,0
111,0,0
112,0,0
113,0,0
114,0,0
115,0,0
116,0,0
117,0,0
118,0,0
119,0,0
