1,1,0
2,0,0
3,0,0
4,0,0
5,1,0
6,1,0
7,0,0
8,2,0
9,3,0
10,4,0
11,4,0
12,5,0
13,10,0
14,16,0
15,18,0
16,21,3
17,22,1
18,27,0
19,40,0
20,61,3
21,86,2
22,104,0
23,122,6
24,158,3
25,211,7
26,226,10
27,250,10
28,285,16
29,356,16
30,374,31
31,446,36
32,571,28
33,674,42
34,872,49
35,926,46
36,1084,50
37,1274,72
38,1511,82
39,1850,98
40,2214,111
41,2717,143
42,3237,161
43,4043,188
44,4758,248
45,5618,310
46,6894,350
47,8263,415
48,9665,489
49,11792,525
50,14183,726
51,16699,849
52,20183,1017
53,24067,1248
54,29165,1500
55,34515,1753
56,41443,2244
57,48655,2500
58,52904,2845
59,50075,2969
60,41623,2786
61,30364,2286
62,19731,1760
63,11676,1135
64,6484,812
65,3371,526
66,1737,333
67,790,181
68,361,119
69,147,64
70,75,30
71,37,16
72,14,10
73,6,3
74,1,0
75,0,2
76,0,0
77,0,0
78,0,0
79,0,0
80,0,0
81,0,0
82,0,0
83,0,0
84,0,0
85,0,0
86,0,0
87,0,0
88,0,0
89,0,0
90,0,0
91,0,0
92,0,0
93,0,0
94,0,0
95,0,0
96,0,0
97,0,0
98,0,0
99,0,0
100,0,0
101,0,0
102,0,0
103,0,0
104,0,0
105,0,0
106,0,0
107,0,0
108,0,0
109,0,0
110,0,0
111,0,0
112,0,0
113,0,0
114,0,0
115,0,0
116,0,0
117,0,0
118,0,0
119,0,0
