1,1,0
2,0,0
3,0,0
4,1,0
5,5,0
6,8,0
7,10,0
8,10,0
9,6,0
10,6,0
11,5,1
12,4,0
13,8,0
14,5,3
15,7,0
16,10,2
17,17,0
18,17,1
19,30,1
20,40,2
21,42,0
22,62,5
23,67,4
24,93,2
25,111,4
26,151,4
27,153,9
28,169,9
29,198,13
30,258,12
31,282,9
32,340,20
33,426,29
34,454,23
35,556,31
36,656,37
37,769,43
38,1007,54
39,1164,67
40,1273,75
41,1521,96
42,1840,94
43,2220,114
44,2741,151
45,3192,164
46,4049,193
47,4800,245
48,5688,274
49,6886,330
50,8093,435
51,9639,498
52,11631,611
53,13859,676
54,16267,899
55,19657,1057
56,23425,1227
57,27855,1437
58,33391,1740
59,39655,2061
60,47028,2458
61,52361,2890
62,50583,2894
63,42304,2714
64,31274,2236
65,20712,1793
66,12420,1222
67,7054,903
68,3555,525
69,1902,336
70,928,202
71,427,101
72,197,53
73,72,39
74,39,15
75,13,15
76,8,3
77,4,4
78,1,1
79,0,0
80,0,0
81,0,0
82,0,1
83,0,0
84,0,0
85,0,0
86,0,0
87,0,0
88,0,0
89,0,0
90,0,0
91,0,0
92,0,0
93,0,0
94,0,0
95,0,0
96,0,0
97,0,0
98,0,0
99,0,0
100,0,0
101,0,0
102,0,0
103,0,0
104,0,0
105,0,0
106,0,0
107,0,0
108,0,0
109,0,0
110,0,0
111,0,0
112,0,0
113,0,0
114,0,0
115,0,0
116,0,0
117,0,0
118,0,0
119,0,0
