1,1,0
2,0,0
3,0,0
4,0,0
5,0,0
6,0,0
7,0,0
8,0,0
9,0,0
10,1,0
11,0,0
12,1,0
13,5,0
14,2,0
15,2,0
16,4,0
17,4,1
18,6,0
19,17,0
20,8,1
21,15,0
22,22,1
23,20,2
24,26,0
25,29,1
26,36,2
27,40,3
28,28,2
29,40,6
30,51,3
31,70,5
32,76,3
33,110,5
34,117,4
35,107,11
36,138,6
37,154,7
38,182,9
39,214,11
40,200,14
41,255,13
42,287,25
43,377,29
44,412,23
45,464,26
46,616,38
47,723,35
48,835,39
49,963,56
50,1164,56
51,1407,83
52,1705,88
53,2114,135
54,2497,144
55,2866,134
56,3518,170
57,4218,183
58,5042,277
59,6009,320
60,7073,383
61,8391,417
62,10116,508
63,11647,612
64,13967,703
65,16698,905
66,19689,1060
67,23459,1251
68,28327,1453
69,33485,1772
70,40302,2206
71,47240,2535
72,51071,2787
73,48237,2821
74,39470,2521
75,28419,2176
76,18410,1634
77,10773,1190
78,5981,783
79,3113,500
80,1587,277
81,762,153
82,322,104
83,145,51
84,56,34
85,22,14
86,7,9
87,4,3
88,1,1
89,2,6
90,0,0
91,0,0
92,0,0
93,0,0
94,0,0
95,0,0
96,0,0
97,0,0
98,0,0
99,0,0
100,0,0
101,0,0
102,0,0
103,0,0
104,0,0
105,0,0
106,0,0
107,0,0
108,0,0
109,0,0
110,0,0
111,0,0
112,0,0
113,0,0
114,0,0
115,0,0
116,0,0
117,0,0
118,0,0
119,0,0
