1,1,0
2,0,0
3,0,0
4,0,0
5,1,0
6,2,0
7,2,0
8,1,0
9,0,0
10,0,0
11,1,0
12,2,0
13,0,0
14,3,0
15,6,1
16,4,0
17,2,1
18,6,0
19,1,0
20,7,0
21,5,1
22,4,1
23,0,1
24,6,1
25,1,0
26,8,1
27,3,2
28,7,1
29,8,1
30,10,1
31,13,1
32,14,0
33,25,0
34,33,1
35,32,1
36,45,2
37,55,3
38,58,1
39,65,6
40,61,5
41,76,6
42,122,11
43,116,6
44,156,5
45,190,9
46,238,13
47,241,12
48,316,11
49,343,15
50,420,19
51,483,26
52,617,39
53,720,35
54,790,33
55,1047,60
56,1212,52
57,1492,77
58,1823,86
59,2208,108
60,2621,132
61,3077,137
62,3649,200
63,4514,252
64,5579,253
65,6700,323
66,8014,380
67,9505,443
68,11305,574
69,13617,685
70,16539,858
71,19391,965
72,23703,1178
73,28271,1432
74,33278,1798
75,39771,2043
76,48109,2382
77,57302,2897
78,68702,3542
