1,1,0
2,0,0
3,2,0
4,4,0
5,4,0
6,6,0
7,9,1
8,3,1
9,2,0
10,7,0
11,6,0
12,5,1
13,6,0
14,11,1
15,7,1
16,11,0
17,10,3
18,14,3
19,8,0
20,18,2
21,12,2
22,16,1
23,15,2
24,30,1
25,24,0
26,27,2
27,37,2
28,32,2
29,37,0
30,56,4
31,62,6
32,71,5
33,91,8
34,102,5
35,110,7
36,132,5
37,163,13
38,182,15
39,222,8
40,263,11
41,253,12
42,305,9
43,398,41
44,436,35
45,523,30
46,694,35
47,764,40
48,875,51
49,1102,59
50,1297,72
51,1493,78
52,1785,82
53,2026,132
54,2432,142
55,3002,176
56,3454,185
57,4157,207
58,5096,247
59,6034,320
60,7264,428
61,8631,420
62,10564,548
63,12628,641
64,15150,795
65,17663,976
66,21065,1101
67,25354,1329
68,30092,1616
69,35791,1939
70,42768,2316
71,49984,2584
72,54083,2921
73,50488,2929
74,40178,2695
75,28341,2104
76,18273,1588
77,10909,1147
78,5995,754
