1,1,0
2,0,0
3,1,0
4,0,0
5,1,0
6,2,0
7,2,0
8,1,0
9,3,0
10,1,0
11,4,0
12,1,0
13,0,0
14,6,0
15,4,0
16,2,0
17,5,0
18,7,0
19,5,0
20,13,0
21,10,0
22,11,0
23,11,1
24,4,0
25,13,3
26,13,1
27,15,3
28,15,2
29,28,2
30,29,2
31,42,0
32,40,1
33,57,1
34,70,4
35,92,6
36,122,1
37,158,4
38,193,6
39,241,12
40,343,9
41,375,12
42,490,25
43,536,28
44,621,32
45,734,46
46,932,40
47,1095,52
48,1382,70
49,1674,79
50,2031,107
51,2438,121
52,2706,143
53,3284,179
54,3992,194
55,4779,256
56,5783,295
57,6801,398
58,8231,422
59,9990,527
60,12171,579
61,14179,744
62,17062,912
63,20340,973
64,24594,1216
65,29344,1495
66,35626,1804
67,42336,2127
68,49209,2457
69,53526,2822
70,50632,3014
71,40851,2667
72,29447,2270
73,19131,1627
74,11364,1245
75,6258,771
76,3333,524
77,1698,324
78,738,172
