1,1,0
2,0,0
3,0,0
4,1,0
5,3,0
6,2,0
7,3,0
8,2,0
9,3,0
10,1,0
11,1,1
12,1,0
13,1,1
14,1,0
15,0,0
16,1,0
17,0,0
18,1,0
19,1,0
20,0,0
21,0,0
22,0,0
23,0,0
24,0,0
25,0,0
26,0,0
27,0,0
28,1,0
29,0,0
30,1,0
31,3,0
32,5,0
33,7,0
34,13,0
35,14,0
36,23,0
37,22,0
38,21,1
39,21,2
40,43,1
41,30,2
42,35,3
43,40,4
44,49,2
45,46,2
46,68,3
47,76,3
48,91,5
49,112,6
50,146,6
51,148,8
52,155,6
53,203,10
54,227,15
55,277,15
56,341,15
57,400,27
58,503,18
59,603,36
60,672,35
61,830,46
62,970,57
63,1201,66
64,1417,65
65,1659,70
66,1953,90
67,2321,127
68,2798,152
69,3093,167
70,3870,218
71,4617,242
72,5610,310
73,6654,342
74,8109,403
75,9386,499
76,11371,589
77,13439,698
78,16273,848
