1,1,0
2,0,0
3,0,0
4,2,0
5,7,0
6,12,0
7,16,0
8,15,0
9,13,0
10,26,2
11,32,0
12,35,1
13,31,3
14,45,1
15,62,0
16,82,4
17,76,5
18,97,3
19,107,4
20,131,7
21,181,8
22,204,9
23,251,22
24,304,15
25,342,15
26,428,25
27,497,31
28,595,36
29,718,39
30,751,48
31,891,55
32,1076,66
33,1302,71
34,1570,85
35,1953,86
36,2251,127
37,2685,140
38,3280,172
39,3862,214
40,4751,237
41,5679,290
42,6495,354
43,7986,388
44,9203,488
45,11028,606
46,13437,699
47,16069,841
48,19157,1013
49,22700,1245
50,27479,1475
51,32432,1732
52,39323,2047
53,46842,2476
54,51258,2763
55,49313,2938
56,41354,2582
57,30661,2163
58,20272,1679
59,12146,1248
60,6956,846
61,3628,539
62,1806,321
63,855,207
64,399,108
65,185,70
66,71,39
67,31,19
68,7,6
69,6,4
70,4,1
71,3,2
72,0,1
73,0,0
74,0,0
75,0,2
76,0,0
77,0,0
78,0,0
