1,1,0
2,0,0
3,1,0
4,2,0
5,3,0
6,9,0
7,5,0
8,4,0
9,1,0
10,4,0
11,2,0
12,7,0
13,5,1
14,8,0
15,9,1
16,4,1
17,8,0
18,14,0
19,12,1
20,21,1
21,32,1
22,18,0
23,23,2
24,28,0
25,38,3
26,63,5
27,64,3
28,64,4
29,87,6
30,105,5
31,103,4
32,113,6
33,179,8
34,211,8
35,197,11
36,281,13
37,343,11
38,397,24
39,512,24
40,521,36
41,690,32
42,789,43
43,988,43
44,1232,55
45,1453,73
46,1714,89
47,2104,105
48,2509,125
49,3011,177
50,3791,177
51,4526,216
52,5483,272
53,6475,318
54,7708,398
55,9259,481
56,10970,585
57,13065,691
58,15517,777
59,18475,1002
60,22358,1191
61,26815,1386
62,31830,1648
63,38147,1978
64,45624,2403
65,52000,2777
66,52587,2966
67,45496,2840
68,34521,2406
69,23420,1855
70,14569,1438
71,8338,972
72,4458,647
73,2328,412
74,1126,243
75,527,122
76,246,76
77,96,37
78,50,20
