1,1,0
2,0,0
3,0,0
4,0,0
5,3,0
6,2,0
7,0,0
8,2,1
9,1,0
10,1,0
11,1,0
12,1,0
13,3,1
14,1,0
15,5,0
16,6,0
17,5,0
18,3,0
19,6,1
20,2,1
21,9,1
22,12,1
23,16,3
24,12,1
25,16,0
26,15,0
27,16,1
28,14,1
29,19,3
30,18,2
31,27,0
32,26,1
33,34,3
34,41,0
35,47,3
36,68,4
37,89,5
38,110,2
39,111,3
40,118,8
41,187,9
42,220,15
43,266,10
44,321,14
45,371,25
46,470,25
47,535,23
48,665,31
49,693,34
50,807,48
51,916,77
52,1104,80
53,1345,67
54,1599,80
55,1981,85
56,2389,127
57,2816,139
58,3310,160
59,4020,232
60,4499,227
61,5441,294
62,6592,336
63,8045,430
64,9622,503
65,11453,635
66,13675,696
67,16445,858
68,19405,989
69,23702,1190
70,28140,1477
71,33507,1699
72,39797,2052
73,47530,2526
74,56555,2977
75,62392,3424
76,60570,3408
77,50732,3230
78,36991,2713
