1,1,0
2,0,0
3,0,0
4,0,0
5,1,0
6,3,0
7,0,0
8,2,0
9,1,0
10,4,0
11,1,0
12,3,1
13,0,0
14,1,0
15,4,0
16,3,0
17,6,0
18,5,0
19,2,0
20,2,2
21,8,0
22,5,1
23,6,2
24,2,0
25,9,1
26,12,0
27,9,0
28,18,1
29,17,1
30,26,0
31,49,1
32,42,2
33,61,2
34,57,2
35,96,5
36,111,7
37,120,7
38,177,6
39,173,8
40,200,11
41,294,15
42,289,12
43,332,13
44,417,28
45,523,27
46,604,24
47,721,29
48,833,58
49,974,49
50,1258,70
51,1456,66
52,1741,74
53,2091,99
54,2534,100
55,2965,161
56,3566,178
57,4299,225
58,5116,272
59,6165,300
60,7467,360
61,8871,452
62,10670,536
63,12885,638
64,15210,775
65,18299,948
66,21741,1141
67,26364,1347
68,31602,1548
69,37334,1988
70,45409,2296
71,52739,2731
72,56579,2920
73,52478,2992
74,41681,2779
75,29669,2159
76,18767,1662
77,11254,1206
78,6144,797
