1,1,0
2,0,0
3,0,0
4,0,0
5,0,0
6,2,0
7,1,0
8,2,0
9,0,0
10,0,0
11,3,1
12,2,0
13,4,0
14,6,1
15,3,0
16,7,0
17,4,1
18,8,0
19,14,2
20,15,0
21,5,1
22,14,1
23,21,1
24,22,0
25,24,4
26,26,0
27,44,0
28,41,0
29,71,0
30,59,5
31,66,4
32,73,4
33,112,8
34,129,7
35,124,7
36,146,14
37,188,10
38,172,13
39,235,16
40,223,15
41,294,17
42,365,27
43,440,18
44,459,25
45,585,34
46,685,40
47,852,43
48,1013,48
49,1169,57
50,1377,96
51,1706,76
52,2066,121
53,2605,131
54,2983,158
55,3621,180
56,4363,208
57,5254,274
58,6062,334
59,7554,379
60,8945,433
61,10517,558
62,12852,650
63,15528,792
64,18761,926
65,22634,1136
66,26555,1340
67,31491,1608
68,38240,1919
69,45790,2364
70,52908,2755
71,54674,2929
72,49238,2903
73,39003,2650
74,27293,2113
75,16902,1620
76,9903,1029
77,5303,702
78,2799,445
