1,1,0
2,0,0
3,0,0
4,0,0
5,0,0
6,2,0
7,2,0
8,2,0
9,0,0
10,3,0
11,3,0
12,2,0
13,4,0
14,5,0
15,7,0
16,8,1
17,6,0
18,8,1
19,6,1
20,6,1
21,9,1
22,9,2
23,3,1
24,10,1
25,12,1
26,23,0
27,26,1
28,46,3
29,46,2
30,47,3
31,61,3
32,79,3
33,94,3
34,128,7
35,167,3
36,169,8
37,218,6
38,259,15
39,280,13
40,350,17
41,445,25
42,534,22
43,665,34
44,782,41
45,925,41
46,1204,44
47,1438,61
48,1749,79
49,2093,111
50,2562,122
51,3003,144
52,3548,200
53,4343,240
54,5166,258
55,6181,318
56,7283,357
57,8874,471
58,10399,527
59,12569,687
60,14875,777
61,17529,942
62,21224,1077
63,25468,1241
64,30334,1635
65,36815,1899
66,43337,2259
67,50864,2662
68,52827,2836
69,47802,2853
70,37751,2534
71,25969,1957
72,16720,1574
73,9553,1055
74,5180,679
75,2582,434
76,1309,238
77,629,158
78,270,66
