1,1,0
2,0,0
3,0,0
4,0,0
5,0,0
6,0,0
7,1,0
8,0,0
9,1,0
10,1,0
11,5,0
12,2,1
13,3,0
14,3,0
15,2,0
16,3,0
17,0,2
18,5,0
19,5,2
20,10,0
21,16,0
22,31,0
23,34,1
24,42,0
25,37,1
26,55,1
27,58,5
28,78,10
29,77,8
30,90,5
31,102,7
32,126,9
33,152,7
34,152,7
35,187,10
36,199,14
37,251,21
38,336,22
39,372,27
40,435,23
41,535,31
42,632,35
43,743,45
44,909,41
45,1074,50
46,1242,66
47,1525,76
48,1714,96
49,2023,115
50,2553,139
51,3011,163
52,3550,173
53,4107,220
54,5078,266
55,6264,342
56,7560,365
57,8883,443
58,10741,510
59,12661,639
60,15115,788
61,18229,948
62,21687,1123
63,25999,1398
64,31040,1614
65,37206,1896
66,44342,2359
67,50842,2656
68,52071,2810
69,46475,2812
70,35587,2451
71,24805,1926
72,15259,1462
73,8962,990
74,4760,645
75,2455,410
76,1237,241
77,512,132
78,275,85
