1,1,0
2,0,0
3,0,0
4,0,0
5,1,0
6,1,0
7,1,0
8,4,0
9,5,0
10,4,0
11,2,0
12,11,1
13,10,1
14,10,1
15,9,1
16,13,0
17,25,0
18,26,0
19,22,1
20,45,2
21,26,1
22,39,6
23,46,3
24,59,5
25,85,6
26,107,3
27,112,6
28,141,9
29,160,8
30,175,7
31,253,12
32,322,11
33,371,23
34,488,21
35,578,35
36,661,32
37,848,30
38,1040,41
39,1189,58
40,1457,70
41,1703,85
42,2062,112
43,2358,129
44,2842,137
45,3301,181
46,3867,214
47,4651,272
48,5717,307
49,6821,339
50,8028,418
51,9716,498
52,11889,580
53,14198,699
54,16625,851
55,19995,1052
56,23937,1243
57,28352,1484
58,33884,1728
59,40560,2077
60,47937,2535
61,52274,2874
62,49720,2892
63,41318,2663
64,29968,2247
65,19531,1777
66,11785,1188
67,6509,747
68,3445,511
69,1801,320
70,811,171
71,366,99
72,180,59
73,85,28
74,42,10
75,11,9
76,7,3
77,1,2
78,3,0
