1,1,0
2,0,0
3,0,0
4,0,0
5,0,0
6,1,0
7,0,0
8,1,0
9,0,0
10,1,0
11,7,0
12,10,0
13,8,0
14,4,0
15,10,0
16,15,1
17,17,0
18,26,1
19,28,2
20,30,2
21,51,1
22,37,3
23,68,3
24,70,2
25,103,5
26,122,4
27,120,7
28,141,3
29,160,11
30,210,10
31,229,12
32,252,13
33,281,11
34,359,27
35,464,25
36,528,29
37,668,35
38,800,32
39,967,50
40,1138,71
41,1344,66
42,1547,77
43,1861,93
44,2299,132
45,2738,161
46,3327,161
47,4014,221
48,4621,248
49,5802,287
50,6671,338
51,8075,406
52,9573,497
53,11358,569
54,13329,719
55,15994,896
56,18921,1019
57,22878,1192
58,27583,1493
59,32664,1716
60,39207,2018
61,46723,2358
62,51991,2810
63,50877,2886
64,43387,2695
65,31905,2341
66,21338,1778
67,12788,1296
68,7337,907
69,3903,566
70,1982,343
71,918,225
72,444,107
73,174,65
74,90,43
75,28,32
76,19,8
77,8,4
78,3,2
