1,1,0
2,0,0
3,2,0
4,4,0
5,7,0
6,2,0
7,9,0
8,7,0
9,13,0
10,8,0
11,11,1
12,15,0
13,15,1
14,24,0
15,16,0
16,16,1
17,16,3
18,20,1
19,26,1
20,25,2
21,46,2
22,67,2
23,77,4
24,92,1
25,120,5
26,141,10
27,135,11
28,199,3
29,213,6
30,244,12
31,275,14
32,315,12
33,384,18
34,495,34
35,523,28
36,675,38
37,841,35
38,938,48
39,1191,57
40,1385,82
41,1589,84
42,1859,103
43,2464,117
44,2916,130
45,3432,182
46,4085,182
47,4894,257
48,5922,287
49,7065,366
50,8286,426
51,9826,453
52,11855,650
53,14413,711
54,17011,864
55,20318,1042
56,24519,1306
57,29367,1581
58,35113,1795
59,42036,2250
60,49433,2563
61,52942,2813
62,49365,2933
63,39560,2578
64,28162,2106
65,18134,1603
66,10605,1141
67,5896,763
68,2982,469
69,1564,285
70,715,150
71,344,100
72,150,64
73,80,23
74,27,20
75,12,4
76,4,2
77,0,2
78,0,1
79,0,0
80,0,0
81,0,0
82,0,0
83,0,0
84,0,0
85,0,0
86,0,0
87,0,0
88,0,0
89,0,0
90,0,0
91,0,0
92,0,0
93,0,0
94,0,0
95,0,0
96,0,0
97,0,0
98,0,0
99,0,0
100,0,0
101,0,0
102,0,0
103,0,0
104,0,0
105,0,0
106,0,0
107,0,0
108,0,0
109,0,0
110,0,0
111,0,0
112,0,0
113,0,0
114,0,0
115,0,0
116,0,0
117,0,0
118,0,0
119,0,0
120,0,0
121,0,0
122,0,0
123,0,0
124,0,0
125,0,0
126,0,0
127,0,0
128,0,0
129,0,0
130,0,0
