1,1,0
2,0,0
3,1,0
4,2,0
5,3,0
6,4,1
7,5,0
8,5,0
9,4,0
10,5,1
11,8,1
12,8,0
13,10,0
14,13,0
15,20,1
16,30,1
17,33,4
18,36,0
19,48,0
20,51,4
21,58,5
22,59,4
23,83,6
24,120,3
25,142,8
26,160,10
27,228,5
28,276,11
29,310,11
30,323,13
31,408,23
32,465,19
33,633,41
34,761,46
35,808,45
36,957,50
37,1182,64
38,1374,73
39,1662,90
40,2001,107
41,2373,120
42,2775,154
43,3350,166
44,4104,209
45,4991,257
46,5863,303
47,7129,340
48,8362,414
49,9774,506
50,11933,607
51,14038,734
52,16802,865
53,20195,1055
54,24179,1267
55,28557,1509
56,34131,1781
57,41006,2097
58,48617,2572
59,52121,2871
60,48791,2933
61,39950,2584
62,28909,2216
63,18505,1586
64,11444,1123
65,6172,744
66,3218,509
67,1675,285
68,810,154
69,347,107
70,146,59
71,80,35
72,24,9
73,11,6
74,5,2
75,3,2
76,2,1
77,0,1
78,0,1
79,0,0
80,0,0
81,0,0
82,0,0
83,0,0
84,0,0
85,0,0
86,0,0
87,0,0
88,0,0
89,0,0
90,0,0
91,0,0
92,0,0
93,0,0
94,0,0
95,0,0
96,0,0
97,0,0
98,0,0
99,0,0
100,0,0
101,0,0
102,0,0
103,0,0
104,0,0
105,0,0
106,0,0
107,0,0
108,0,0
109,0,0
110,0,0
111,0,0
112,0,0
113,0,0
114,0,0
115,0,0
116,0,0
117,0,0
118,0,0
119,0,0
120,0,0
121,0,0
122,0,0
123,0,0
124,0,0
125,0,0
126,0,0
127,0,0
128,0,0
129,0,0
130,0,0
