1,1,0
2,0,0
3,0,0
4,2,0
5,1,0
6,5,0
7,1,0
8,3,1
9,7,0
10,12,0
11,10,0
12,8,1
13,7,0
14,5,1
15,8,0
16,11,0
17,8,0
18,7,0
19,13,1
20,11,3
21,22,2
22,19,2
23,21,0
24,34,1
25,64,3
26,54,2
27,75,3
28,100,5
29,92,5
30,156,6
31,186,1
32,195,12
33,253,7
34,286,20
35,377,22
36,439,24
37,550,33
38,672,28
39,824,38
40,920,55
41,1058,44
42,1251,76
43,1592,88
44,1935,95
45,2255,116
46,2698,131
47,3340,169
48,3981,193
49,4616,243
50,5595,267
51,6776,360
52,8057,402
53,9392,489
54,11500,600
55,13433,673
56,16227,809
57,19449,984
58,23054,1280
59,27512,1408
60,32859,1735
61,39120,2031
62,46001,2444
63,51361,2652
64,50560,2940
65,42173,2688
66,31613,2271
67,20994,1799
68,12903,1321
69,7348,879
70,3874,576
71,1979,361
72,1024,215
73,437,121
74,220,64
75,89,26
76,42,23
77,16,8
78,2,9
79,6,5
80,2,1
81,0,1
82,0,0
83,0,0
84,0,0
85,0,0
86,0,0
87,0,0
88,0,0
89,0,0
90,0,0
91,0,0
92,0,0
93,0,0
94,0,0
95,0,0
96,0,0
97,0,0
98,0,0
99,0,0
100,0,0
101,0,0
102,0,0
103,0,0
104,0,0
105,0,0
106,0,0
107,0,0
108,0,0
109,0,0
110,0,0
111,0,0
112,0,0
113,0,0
114,0,0
115,0,0
116,0,0
117,0,0
118,0,0
119,0,0
120,0,0
121,0,0
122,0,0
123,0,0
124,0,0
125,0,0
126,0,0
127,0,0
128,0,0
129,0,0
130,0,0
