1,1,0
2,0,0
3,0,0
4,1,0
5,1,0
6,3,0
7,2,0
8,4,0
9,5,0
10,7,0
11,19,0
12,26,1
13,24,2
14,44,0
15,48,1
16,43,5
17,62,5
18,87,4
19,104,2
20,125,0
21,129,6
22,158,4
23,208,10
24,256,7
25,314,18
26,383,17
27,478,26
28,594,29
29,735,31
30,881,46
31,1096,51
32,1339,61
33,1641,73
34,1895,92
35,2207,102
36,2649,133
37,3176,185
38,3852,204
39,4466,228
40,5390,274
41,6559,323
42,7798,386
43,9222,471
44,11344,528
45,13754,721
46,16145,817
47,19277,979
48,22990,1118
49,27264,1339
50,32604,1764
51,39391,2112
52,46733,2451
53,52159,2694
54,51819,2919
55,44821,2777
56,33927,2441
57,22446,1854
58,13838,1416
59,7990,909
60,4322,580
61,2204,380
62,1081,202
63,487,145
64,215,70
65,106,49
66,35,14
67,13,11
68,6,1
69,2,3
70,1,2
71,1,1
72,0,0
73,0,0
74,0,0
75,0,0
76,0,0
77,0,0
78,0,0
79,0,0
80,0,0
81,0,0
82,0,0
83,0,0
84,0,0
85,0,0
86,0,0
87,0,0
88,0,0
89,0,0
90,0,0
91,0,0
92,0,0
93,0,0
94,0,0
95,0,0
96,0,0
97,0,0
98,0,0
99,0,0
100,0,0
101,0,0
102,0,0
103,0,0
104,0,0
105,0,0
106,0,0
107,0,0
108,0,0
109,0,0
110,0,0
111,0,0
112,0,0
113,0,0
114,0,0
115,0,0
116,0,0
117,0,0
118,0,0
119,0,0
120,0,0
121,0,0
122,0,0
123,0,0
124,0,0
125,0,0
126,0,0
127,0,0
128,0,0
129,0,0
130,0,0
