1,1,0
2,0,0
3,0,0
4,2,0
5,4,0
6,4,0
7,1,0
8,2,0
9,6,1
10,2,0
11,3,0
12,2,1
13,4,0
14,5,1
15,4,0
16,4,0
17,4,0
18,3,0
19,1,1
20,2,0
21,0,0
22,3,1
23,9,1
24,13,0
25,6,0
26,9,0
27,12,2
28,4,2
29,5,1
30,8,0
31,7,0
32,10,1
33,9,0
34,13,3
35,12,4
36,11,1
37,15,2
38,30,0
39,27,2
40,50,0
41,65,0
42,59,1
43,85,2
44,88,4
45,112,6
46,127,5
47,184,10
48,187,7
49,245,12
50,262,16
51,295,17
52,393,14
53,471,23
54,580,30
55,619,35
56,743,36
57,904,69
58,1111,61
59,1321,62
60,1552,80
61,1823,98
62,2150,123
63,2471,149
64,3000,158
65,3730,185
66,4411,240
67,5226,309
68,6112,319
69,7374,372
70,9054,468
71,10592,553
72,12708,648
73,15225,792
74,18238,922
75,21461,1106
76,26035,1380
77,30664,1594
78,37037,1937
79,44567,2344
80,50878,2713
81,52619,2880
82,46223,2873
83,36260,2481
84,24993,1907
85,15263,1428
86,8767,964
87,4678,652
88,2540,396
89,1152,265
90,570,122
91,275,70
92,116,39
93,45,19
94,15,15
95,11,4
96,6,4
97,2,1
98,1,0
99,0,1
100,0,1
101,0,0
102,0,0
103,0,0
104,0,0
105,0,0
106,0,0
107,0,0
108,0,0
109,0,0
110,0,0
111,0,0
112,0,0
113,0,0
114,0,0
115,0,0
116,0,0
117,0,0
118,0,0
119,0,0
120,0,0
121,0,0
122,0,0
123,0,0
124,0,0
125,0,0
126,0,0
127,0,0
128,0,0
129,0,0
130,0,0
