1,1,0
2,0,0
3,0,0
4,0,0
5,0,0
6,0,0
7,1,0
8,0,0
9,1,0
10,3,1
11,2,0
12,3,0
13,4,0
14,5,0
15,3,1
16,8,1
17,20,1
18,11,1
19,15,0
20,19,0
21,22,2
22,19,0
23,29,5
24,46,1
25,48,1
26,79,0
27,87,8
28,126,4
29,151,5
30,155,3
31,227,4
32,219,6
33,271,15
34,309,15
35,315,20
36,413,24
37,525,20
38,550,30
39,771,45
40,950,49
41,1036,56
42,1286,58
43,1492,79
44,1777,84
45,2258,98
46,2687,126
47,3102,148
48,3770,183
49,4323,231
50,5386,269
51,6468,337
52,7714,402
53,9182,483
54,10967,551
55,13137,707
56,15707,833
57,18428,995
58,22355,1117
59,26657,1356
60,31938,1616
61,37966,2046
62,45194,2349
63,51092,2715
64,51636,2992
65,45754,2826
66,35031,2310
67,23905,1889
68,14528,1437
69,8404,1026
70,4490,632
71,2313,396
72,1112,232
73,548,134
74,231,72
75,109,37
76,41,23
77,20,7
78,10,7
79,6,3
80,0,2
81,0,0
82,0,1
83,0,0
84,0,0
85,0,0
86,0,0
87,0,0
88,0,0
89,0,0
90,0,0
91,0,0
92,0,0
93,0,0
94,0,0
95,0,0
96,0,0
97,0,0
98,0,0
99,0,0
100,0,0
101,0,0
102,0,0
103,0,0
104,0,0
105,0,0
106,0,0
107,0,0
108,0,0
109,0,0
110,0,0
111,0,0
112,0,0
113,0,0
114,0,0
115,0,0
116,0,0
117,0,0
118,0,0
119,0,0
120,0,0
121,0,0
122,0,0
123,0,0
124,0,0
125,0,0
126,0,0
127,0,0
128,0,0
129,0,0
130,0,0
