1,1,0
2,0,0
3,1,0
4,4,0
5,8,0
6,14,0
7,13,0
8,20,0
9,23,1
10,19,0
11,25,1
12,26,1
13,33,0
14,44,1
15,57,4
16,52,4
17,86,1
18,86,4
19,97,6
20,116,9
21,170,4
22,197,10
23,217,9
24,277,10
25,367,19
26,427,17
27,514,28
28,569,27
29,665,34
30,743,39
31,958,55
32,1139,54
33,1405,64
34,1702,84
35,2129,81
36,2361,123
37,2837,154
38,3363,153
39,3957,193
40,4989,243
41,5698,316
42,6815,356
43,8071,393
44,9754,501
45,11574,637
46,13899,720
47,16612,837
48,19382,1038
49,23782,1272
50,27890,1379
51,33781,1737
52,40382,2122
53,48478,2478
54,53333,2695
55,51820,2957
56,42931,2729
57,31610,2362
58,20723,1747
59,12646,1245
60,7090,825
61,3758,539
62,1884,323
63,894,200
64,411,118
65,189,63
66,89,32
67,45,20
68,16,9
69,8,6
70,2,4
71,3,3
72,0,1
73,0,0
74,0,0
75,0,0
76,0,0
77,0,0
78,0,0
79,0,0
80,0,0
81,0,0
82,0,0
83,0,0
84,0,0
85,0,0
86,0,0
87,0,0
88,0,0
89,0,0
90,0,0
91,0,0
92,0,0
93,0,0
94,0,0
95,0,0
96,0,0
97,0,0
98,0,0
99,0,0
100,0,0
101,0,0
102,0,0
103,0,0
104,0,0
105,0,0
106,0,0
107,0,0
108,0,0
109,0,0
110,0,0
111,0,0
112,0,0
113,0,0
114,0,0
115,0,0
116,0,0
117,0,0
118,0,0
119,0,0
120,0,0
121,0,0
122,0,0
123,0,0
124,0,0
125,0,0
126,0,0
127,0,0
128,0,0
129,0,0
130,0,0
