1,1,0
2,0,0
3,0,0
4,0,0
5,1,0
6,0,0
7,1,0
8,5,0
9,2,0
10,3,0
11,4,0
12,4,0
13,0,0
14,8,0
15,11,0
16,6,0
17,13,1
18,21,1
19,26,1
20,21,0
21,30,2
22,28,1
23,26,3
24,33,2
25,50,3
26,46,4
27,62,7
28,68,2
29,89,3
30,102,3
31,108,9
32,133,6
33,147,7
34,153,9
35,200,9
36,225,16
37,305,11
38,362,19
39,454,24
40,486,24
41,602,36
42,760,41
43,834,44
44,1002,61
45,1227,57
46,1460,64
47,1739,97
48,1965,91
49,2390,133
50,2983,139
51,3501,154
52,4209,240
53,4957,263
54,5928,310
55,7009,366
56,8631,457
57,9948,524
58,11653,668
59,14133,717
60,16838,819
61,20212,1077
62,24203,1210
63,28896,1470
64,34471,1815
65,41301,2148
66,48273,2561
67,52397,2928
68,49399,2937
69,39973,2592
70,28630,2214
71,18363,1651
72,10974,1141
73,6003,721
74,3249,486
75,1518,309
76,808,176
77,320,93
78,157,60
79,64,26
80,30,10
81,19,3
82,6,6
83,1,3
84,0,1
85,1,2
86,0,0
87,0,0
88,0,0
89,0,0
90,0,0
91,0,0
92,0,0
93,0,0
94,0,0
95,0,0
96,0,0
97,0,0
98,0,0
99,0,0
100,0,0
101,0,0
102,0,0
103,0,0
104,0,0
105,0,0
106,0,0
107,0,0
108,0,0
109,0,0
110,0,0
111,0,0
112,0,0
113,0,0
114,0,0
115,0,0
116,0,0
117,0,0
118,0,0
119,0,0
120,0,0
121,0,0
122,0,0
123,0,0
124,0,0
125,0,0
126,0,0
127,0,0
128,0,0
129,0,0
130,0,0
