1,1,0
2,0,0
3,0,0
4,0,0
5,0,0
6,3,0
7,2,0
8,1,0
9,1,0
10,2,0
11,1,0
12,1,0
13,1,2
14,5,1
15,1,0
16,2,0
17,4,0
18,5,0
19,9,0
20,6,0
21,8,0
22,5,0
23,13,0
24,6,1
25,14,1
26,11,1
27,16,0
28,16,3
29,24,0
30,24,0
31,31,1
32,37,3
33,43,1
34,43,5
35,49,2
36,60,4
37,67,13
38,78,2
39,144,4
40,144,5
41,176,9
42,187,10
43,237,13
44,237,15
45,304,19
46,388,15
47,480,26
48,516,32
49,703,42
50,817,50
51,968,49
52,1177,65
53,1368,61
54,1639,85
55,1949,105
56,2320,126
57,2745,165
58,3160,150
59,3789,208
60,4480,236
61,5318,299
62,6306,343
63,7562,428
64,9013,522
65,10931,572
66,12959,640
67,15231,801
68,18020,986
69,22002,1150
70,25816,1308
71,30704,1566
72,36926,1988
73,43896,2335
74,50145,2662
75,50213,2770
76,43910,2801
77,33398,2368
78,22861,1920
79,14089,1386
80,8031,960
81,4341,597
82,2209,367
83,1049,240
84,544,113
85,240,64
86,106,26
87,38,18
88,25,7
89,2,8
90,5,4
91,3,0
92,0,0
93,0,0
94,0,0
95,0,0
96,0,1
97,0,0
98,0,0
99,0,0
100,0,0
101,0,0
102,0,0
103,0,0
104,0,0
105,0,0
106,0,0
107,0,0
108,0,0
109,0,0
110,0,0
111,0,0
112,0,0
113,0,0
114,0,0
115,0,0
116,0,0
117,0,0
118,0,0
119,0,0
120,0,0
121,0,0
122,0,0
123,0,0
124,0,0
125,0,0
126,0,0
127,0,0
128,0,0
129,0,0
130,0,0
