1,1,0
2,0,0
3,0,0
4,1,0
5,1,0
6,1,0
7,0,0
8,0,0
9,0,0
10,1,0
11,0,0
12,1,0
13,1,0
14,1,0
15,0,0
16,1,0
17,1,0
18,0,0
19,0,0
20,1,0
21,1,1
22,1,0
23,2,0
24,3,0
25,7,0
26,5,0
27,3,0
28,4,2
29,1,1
30,1,0
31,0,1
32,9,1
33,7,0
34,12,0
35,28,1
36,39,0
37,44,0
38,47,1
39,61,3
40,60,4
41,69,1
42,79,5
43,88,2
44,145,5
45,166,9
46,210,10
47,285,10
48,398,5
49,502,23
50,592,19
51,787,22
52,871,34
53,1116,31
54,1285,69
55,1583,80
56,1787,81
57,2197,109
58,2584,117
59,2970,166
60,3607,203
61,4131,228
62,5139,272
63,6076,303
64,7457,381
65,8946,474
66,10725,487
67,12918,689
68,15497,778
69,18082,917
70,21893,1096
71,26186,1331
72,31706,1662
73,37803,1962
74,44782,2390
75,51098,2690
76,52713,2965
77,47153,2765
78,36141,2488
79,25398,1977
80,15745,1431
81,9221,1033
82,4997,657
83,2518,425
84,1208,260
85,591,158
86,281,52
87,122,46
88,55,29
89,20,12
90,8,9
91,1,4
92,1,1
93,0,0
94,0,0
95,0,0
96,0,0
97,0,0
98,0,0
99,0,0
100,0,0
101,0,0
102,0,0
103,0,0
104,0,0
105,0,0
106,0,0
107,0,0
108,0,0
109,0,0
110,0,0
111,0,0
112,0,0
113,0,0
114,0,0
115,0,0
116,0,0
117,0,0
118,0,0
119,0,0
120,0,0
121,0,0
122,0,0
123,0,0
124,0,0
125,0,0
126,0,0
127,0,0
128,0,0
129,0,0
130,0,0
