1,1,0
2,0,0
3,1,0
4,0,0
5,1,0
6,0,0
7,0,0
8,3,0
9,6,0
10,1,0
11,3,0
12,8,1
13,3,0
14,6,0
15,5,0
16,7,0
17,7,0
18,7,0
19,4,0
20,7,1
21,15,1
22,13,1
23,21,1
24,18,0
25,19,1
26,18,4
27,20,1
28,28,1
29,21,5
30,37,2
31,34,3
32,34,4
33,43,1
34,53,4
35,65,4
36,91,5
37,103,5
38,133,10
39,156,11
40,217,8
41,227,14
42,277,11
43,306,20
44,370,15
45,432,25
46,509,30
47,590,28
48,822,36
49,1015,45
50,1189,59
51,1464,81
52,1755,74
53,1910,99
54,2347,91
55,2880,166
56,3449,172
57,4123,209
58,4892,246
59,5781,271
60,6939,365
61,8309,447
62,10135,507
63,12056,565
64,14360,736
65,17107,852
66,20105,1040
67,24240,1343
68,29174,1538
69,34594,1830
70,41677,2159
71,49081,2541
72,52905,2867
73,49604,2839
74,40730,2649
75,28914,2192
76,18937,1665
77,11116,1175
78,6228,786
79,3213,492
80,1611,296
81,773,202
82,349,106
83,160,53
84,75,37
85,28,13
86,17,17
87,3,3
88,1,3
89,0,0
90,0,0
91,0,0
92,0,0
93,0,0
94,0,0
95,0,0
96,0,0
97,0,0
98,0,0
99,0,0
100,0,0
101,0,0
102,0,0
103,0,0
104,0,0
105,0,0
106,0,0
107,0,0
108,0,0
109,0,0
110,0,0
111,0,0
112,0,0
113,0,0
114,0,0
115,0,0
116,0,0
117,0,0
118,0,0
119,0,0
120,0,0
121,0,0
122,0,0
123,0,0
124,0,0
125,0,0
126,0,0
127,0,0
128,0,0
129,0,0
130,0,0
